[Gait],,,,,,,,,,,,,,,,,,,,,,,,,,,,,,,,,,,,
LOP2,周期,歩行率,立脚,%,遊脚,%,両足支持,%,ストライド,ステップ,歩隔,,,,,,,,,,,,,,,,,,,,,,,,,
defeg(R),1.65,72.73,1.156,70.06,0.497,29.94,0.268,15.98,96.15,53.64,24.05,,,,,,,,,,,,,,,,,,,,,,,,,
SD,0.05,,0.024,2.47,0.05,2.47,0.022,1.2,2.32,1.96,0.66,,,,,,,,,,,,,,,,,,,,,,,,,
CV,3.03,,2.064,3.52,10.093,8.24,8.148,7.49,2.41,3.65,2.74,,,,,,,,,,,,,,,,,,,,,,,,,
defeg(L),1.65,72.73,0.937,56.74,0.708,43.26,0.18,10.82,96.41,42.62,23.9,,,,,,,,,,,,,,,,,,,,,,,,,
SD,0.049,,0.056,2.5,0.042,2.5,0.017,1.07,3.63,1.91,0.49,,,,,,,,,,,,,,,,,,,,,,,,,
CV,2.996,,5.997,4.41,5.888,5.78,9.507,9.92,3.77,4.48,2.06,,,,,,,,,,,,,,,,,,,,,,,,,
[Data],,,,,,,,,,,,,,,,,,,,,,,,,,,,,,,,,,,,
Cycle(%),重心_LC[x](cm),重心_LC[y](cm),重心_LC[z](cm),重心_RC[x](cm),重心_RC[y](cm),重心_RC[z](cm),左肩峰[x](cm),左肩峰[y](cm),左肩峰[z](cm),右肩峰[x](cm),右肩峰[y](cm),右肩峰[z](cm),左大転子[x](cm),左大転子[y](cm),左大転子[z](cm),右大転子[x](cm),右大転子[y](cm),右大転子[z](cm),左外側上顆[x](cm),左外側上顆[y](cm),左外側上顆[z](cm),右外側上顆[x](cm),右外側上顆[y](cm),右外側上顆[z](cm),左外果[x](cm),左外果[y](cm),左外果[z](cm),右外果[x](cm),右外果[y](cm),右外果[z](cm),左第５中足骨頭[x](cm),左第５中足骨頭[y](cm),左第５中足骨頭[z](cm),右第５中足骨頭[x](cm),右第５中足骨頭[y](cm),右第５中足骨頭[z](cm)
0,0.610815,-1.791328,94.205345,-0.97213,1.270996,93.440773,-20.773664,-2.192959,134.874695,19.157339,0.377651,136.572479,-16.460722,-0.07325,83.761292,17.742426,4.129063,80.845787,-16.632685,10.689831,48.036419,16.191084,19.462143,46.491146,-12.542385,12.197594,8.853752,12.047031,21.696396,8.130608,-14.918448,22.191528,2.923804,14.910446,33.490623,3.224389
0.5,0.449406,-1.789246,94.195343,-0.795287,1.386913,93.499603,-21.023939,-2.120689,134.797119,19.43342,0.648106,136.561111,-16.558786,-0.04147,83.744415,17.894804,4.255222,80.906906,-16.811029,10.692429,48.025497,16.24473,19.529907,46.5298,-12.589823,11.795891,8.849713,12.108358,21.320839,8.110103,-14.929344,21.756332,2.873966,14.924696,33.081299,3.177314
1,0.287729,-1.787052,94.185707,-0.618609,1.502792,93.559074,-21.274492,-2.048523,134.71994,19.708878,0.918621,136.550568,-16.65757,-0.009949,83.727936,18.047232,4.381077,80.968613,-16.989838,10.694668,48.014965,16.299171,19.596733,46.568741,-12.637601,11.394081,8.845949,12.169832,20.94487,8.089777,-14.940384,21.321167,2.82438,14.939568,32.672028,3.130954
1.5,0.118282,-1.776592,94.202301,-0.448166,1.609695,93.649117,-21.520903,-1.975773,134.669037,19.975107,1.190704,136.581955,-16.793074,0.011234,83.739929,18.197256,4.488331,81.052544,-17.175274,10.663879,48.024586,16.370367,19.573174,46.597038,-12.693899,10.984703,8.850302,12.222469,20.534416,8.074421,-14.969091,20.88842,2.799924,14.963253,32.255295,3.113266
2,-0.051561,-1.765537,94.220284,-0.278252,1.715775,93.741043,-21.766491,-1.903103,134.619766,20.240847,1.462425,136.616165,-16.931194,0.032658,83.753578,18.346991,4.594437,81.137901,-17.360708,10.630722,48.035072,16.443344,19.543762,46.624767,-12.749718,10.575085,8.854993,12.274208,20.122292,8.05921,-14.997178,20.456055,2.776006,14.986013,31.83802,3.096793
2.5,-0.22363,-1.747181,94.258331,-0.116207,1.80648,93.85627,-22.00906,-1.827873,134.596451,20.500927,1.72805,136.68631,-17.101952,0.054134,83.784889,18.482817,4.681541,81.235672,-17.524467,10.547493,48.041771,16.526964,19.415817,46.631638,-12.794031,10.163521,8.85666,12.309278,19.688782,8.04505,-15.033172,20.028488,2.763266,15.002848,31.41407,3.09042
3,-0.394865,-1.72773,94.298332,0.04566,1.895096,93.973969,-22.249029,-1.752499,134.576431,20.762428,1.99192,136.76033,-17.275681,0.077221,83.818001,18.617466,4.766472,81.334946,-17.68647,10.459206,48.048,16.612463,19.276703,46.636318,-12.835421,9.751385,8.857592,12.341731,19.253731,8.031478,-15.068056,19.601364,2.750888,15.016735,30.98922,3.08476
3.5,-0.562454,-1.702267,94.351433,0.201668,1.96627,94.108124,-22.486811,-1.673717,134.579086,21.023193,2.243176,136.86084,-17.468134,0.105595,83.858322,18.733137,4.832226,81.440674,-17.808617,10.318466,48.035866,16.697826,19.052605,46.623684,-12.854287,9.339073,8.851246,12.358596,18.810814,8.017954,-15.102993,19.17601,2.741751,15.018032,30.557213,3.07637
4,-0.727298,-1.67532,94.406502,0.35837,2.034359,94.24482,-22.721302,-1.594826,134.586411,21.287786,2.491009,136.965088,-17.66127,0.136459,83.899445,18.846544,4.894745,81.547653,-17.926449,10.171246,48.021004,16.782682,18.814735,46.608379,-12.8682,8.925621,8.843123,12.372095,18.367752,8.00604,-15.137944,18.750336,2.733724,15.016575,30.124046,3.068198
4.5,-0.884447,-1.643639,94.469055,0.512736,2.087021,94.39212,-22.953671,-1.514091,134.611176,21.554432,2.722054,137.085541,-17.854746,0.171196,83.940399,18.943073,4.939384,81.658463,-18.00107,9.982754,47.986557,16.857637,18.519043,46.587555,-12.859478,8.511787,8.829999,12.376853,17.9263,7.994619,-15.166388,18.322342,2.726523,15.003513,29.684334,3.05246
5,-1.037729,-1.610352,94.533195,0.66808,2.136379,94.541618,-23.184797,-1.434208,134.640793,21.825069,2.948616,137.208664,-18.044682,0.207371,83.980621,19.036545,4.980091,81.770355,-18.068825,9.788548,47.947948,16.927593,18.211403,46.565689,-12.84623,8.096535,8.815239,12.379465,17.486237,7.985518,-15.197079,17.892845,2.722439,14.990726,29.24337,3.03695
5.5,-1.182456,-1.573463,94.601372,0.823539,2.174492,94.696663,-23.414391,-1.35643,134.681458,22.096909,3.156754,137.339081,-18.218634,0.24136,84.017586,19.119884,5.006264,81.884743,-18.10342,9.570885,47.899284,16.983477,17.875267,46.550209,-12.818256,7.680122,8.801147,12.380624,17.050987,7.977493,-15.216918,17.458725,2.719924,14.971703,28.797844,3.01568
6,-1.324172,-1.535248,94.670624,0.978512,2.209728,94.85302,-23.64768,-1.281559,134.725449,22.368586,3.360271,137.470764,-18.385132,0.273312,84.052704,19.200199,5.028503,82.000038,-18.129686,9.349503,47.847282,17.03047,17.53257,46.536652,-12.789219,7.262737,8.786989,12.382369,16.617447,7.971087,-15.24042,17.022415,2.722621,14.95673,28.351181,2.994863
6.5,-1.459553,-1.49437,94.742104,1.133257,2.237564,95.010292,-23.882132,-1.213753,134.773682,22.637676,3.545593,137.603302,-18.526417,0.29623,84.085068,19.277658,5.041008,82.115913,-18.139654,9.120537,47.798355,17.065628,17.183563,46.535217,-12.756188,6.843597,8.778615,12.386081,16.186562,7.9658,-15.252682,16.581566,2.728459,14.941313,27.90226,2.973203
7,-1.594548,-1.452908,94.813995,1.284159,2.262901,95.167236,-24.12532,-1.150936,134.821991,22.898739,3.726467,137.735825,-18.659334,0.312477,84.115738,19.353279,5.050152,82.232063,-18.142311,8.888958,47.749454,17.092024,16.834053,46.537994,-12.726747,6.424561,8.772183,12.39295,15.756004,7.959816,-15.267531,16.13903,2.739684,14.931332,27.452454,2.951841
7.5,-1.727123,-1.40958,94.886681,1.431632,2.282551,95.320953,-24.374651,-1.098969,134.867706,23.152414,3.890285,137.865509,-18.766821,0.315025,84.145737,19.430462,5.054276,82.345703,-18.14366,8.657505,47.713161,17.112286,16.489372,46.550797,-12.702555,6.003597,8.773314,12.400334,15.323715,7.954395,-15.274886,15.693504,2.755021,14.924313,27.001862,2.933962
8,-1.861745,-1.366539,94.959061,1.57134,2.299206,95.471992,-24.633123,-1.052246,134.910233,23.3901,4.048885,137.994003,-18.869131,0.308167,84.175545,19.50794,5.055622,82.458054,-18.142548,8.422897,47.680824,17.129427,16.147736,46.567513,-12.684049,5.583538,8.777307,12.411467,14.88945,7.945578,-15.282375,15.247742,2.773181,14.920252,26.550529,2.915703
8.5,-1.996938,-1.322533,95.030037,1.702985,2.309448,95.616585,-24.900248,-1.016396,134.943878,23.616215,4.191689,138.118332,-18.954063,0.286591,84.206551,19.587599,5.054901,82.564545,-18.148127,8.186783,47.663624,17.145288,15.812775,46.587173,-12.675192,5.161697,8.786432,12.419199,14.45023,7.936347,-15.288292,14.80098,2.794811,14.91923,26.098679,2.902407
9,-2.135407,-1.279026,95.099915,1.824787,2.315125,95.756149,-25.173836,-0.983864,134.972397,23.823374,4.326805,138.240509,-19.03861,0.255692,84.238716,19.669567,5.051353,82.667328,-18.156898,7.945908,47.651939,17.167093,15.480301,46.607533,-12.67178,4.740627,8.797877,12.428553,14.007442,7.922919,-15.292113,14.35487,2.815857,14.916742,25.646034,2.888228
9.5,-2.274054,-1.235558,95.165337,1.934499,2.312126,95.887253,-25.45009,-0.957233,134.987823,24.016035,4.446598,138.358398,-19.118488,0.212692,84.272644,19.752169,5.04591,82.76178,-18.173897,7.696812,47.651531,17.189484,15.15139,46.62318,-12.675978,4.317814,8.80908,12.431713,13.559315,7.907907,-15.300093,13.909538,2.838175,14.914337,25.192406,2.877382
10,-2.415198,-1.192043,95.228577,2.036157,2.302979,96.012505,-25.727293,-0.929905,134.99765,24.194923,4.555969,138.473907,-19.202141,0.163128,84.307907,19.837397,5.037014,82.850739,-18.197371,7.441875,47.654995,17.224064,14.821823,46.635914,-12.683704,3.894714,8.820808,12.433113,13.108208,7.891398,-15.304547,13.464611,2.857132,14.909269,24.737778,2.866525
10.5,-2.552794,-1.149311,95.284348,2.125135,2.283226,96.128906,-25.992876,-0.900219,134.993622,24.359537,4.649605,138.585342,-19.292803,0.106049,84.343826,19.921497,5.023983,82.930771,-18.227501,7.173847,47.662537,17.259245,14.491688,46.639362,-12.692532,3.469643,8.8269,12.429017,12.65432,7.873611,-15.316895,13.021416,2.875095,14.900547,24.282127,2.856009
11,-2.689869,-1.105621,95.336586,2.209586,2.256424,96.239944,-26.251627,-0.86512,134.984711,24.518728,4.730793,138.694427,-19.388765,0.046364,84.379768,20.007116,5.006512,83.004517,-18.26325,6.900845,47.670067,17.304535,14.157909,46.637959,-12.702373,3.042847,8.831306,12.420499,12.198914,7.857395,-15.324968,12.577744,2.888382,14.892803,23.824707,2.847428
11.5,-2.819007,-1.06284,95.379448,2.285616,2.219196,96.343643,-26.483025,-0.820107,134.964417,24.668066,4.79591,138.799866,-19.497662,-0.01622,84.414085,20.090521,4.981991,83.071037,-18.304281,6.617138,47.674889,17.349937,13.820885,46.62764,-12.70642,2.613876,8.827581,12.410666,11.744766,7.842962,-15.341731,12.135735,2.899827,14.88092,23.367134,2.837347
12,-2.943198,-1.018524,95.417526,2.360882,2.175636,96.443283,-26.699261,-0.766621,134.940567,24.819767,4.84877,138.902618,-19.609854,-0.078247,84.446205,20.173355,4.952316,83.131584,-18.346746,6.331696,47.675659,17.396271,13.478848,46.612949,-12.709337,2.182224,8.820666,12.395761,11.290447,7.831763,-15.353876,11.692783,2.906708,14.875679,22.907227,2.831026
12.5,-3.057842,-0.974648,95.445984,2.434704,2.124367,96.538231,-26.880728,-0.700634,134.909409,24.967697,4.8862,139.00238,-19.733366,-0.139793,84.474319,20.253618,4.914032,83.188026,-18.394276,6.045845,47.669743,17.441597,13.13282,46.593784,-12.703316,1.748753,8.807379,12.384778,10.84008,7.826512,-15.372556,11.250622,2.912719,14.871141,22.448151,2.823711
13,-3.163688,-0.92955,95.468887,2.510523,2.069351,96.630386,-27.041153,-0.626923,134.87587,25.122374,4.914387,139.098267,-19.855335,-0.19973,84.498337,20.330961,4.870678,83.239609,-18.438917,5.763256,47.657547,17.477331,12.782379,46.572628,-12.694646,1.312901,8.790977,12.370161,10.390255,7.824183,-15.38728,10.808254,2.915303,14.876625,21.987175,2.820575
13.5,-3.262572,-0.884289,95.483345,2.590708,2.010845,96.720161,-27.174017,-0.545479,134.838272,25.277628,4.929268,139.191986,-19.981014,-0.257412,84.516731,20.405632,4.819683,83.289879,-18.487186,5.493717,47.637733,17.509895,12.427971,46.552689,-12.68046,0.876385,8.773407,12.362533,9.94376,7.830125,-15.403332,10.365662,2.918387,14.890671,21.527061,2.818455
14,-3.352373,-0.839016,95.492645,2.674047,1.952381,96.80761,-27.287426,-0.46183,134.798904,25.439653,4.939949,139.279938,-20.09963,-0.314571,84.530617,20.475487,4.764637,83.336746,-18.531555,5.232605,47.612114,17.527319,12.07103,46.533562,-12.663044,0.439251,8.754614,12.353574,9.497879,7.837296,-15.417655,9.924213,2.920238,14.912807,21.066566,2.818907
14.5,-3.439988,-0.793747,95.495232,2.763121,1.894356,96.893295,-27.391611,-0.380699,134.756454,25.602781,4.940708,139.36618,-20.211962,-0.369316,84.539078,20.542553,4.705013,83.383263,-18.576283,4.992939,47.580212,17.538786,11.709663,46.519684,-12.647709,0.003151,8.740149,12.350748,9.05175,7.851125,-15.427384,9.482292,2.922781,14.948856,20.605614,2.821845
15,-3.522719,-0.74987,95.493881,2.854864,1.839901,96.976051,-27.486851,-0.306023,134.711792,25.769157,4.94228,139.444977,-20.314404,-0.42543,84.543839,20.603849,4.642933,83.427658,-18.618416,4.765335,47.544968,17.537266,11.347733,46.508308,-12.631208,-0.431255,8.727861,12.347967,8.605869,7.864186,-15.437244,9.042542,2.92589,14.985909,20.146187,2.824192
15.5,-3.607484,-0.707108,95.48745,2.948601,1.788033,97.055435,-27.592876,-0.244541,134.663239,25.933805,4.937702,139.521667,-20.402493,-0.47987,84.545311,20.662527,4.579662,83.470482,-18.657814,4.558487,47.505207,17.528061,10.980392,46.503067,-12.623472,-0.863102,8.722903,12.347492,8.155697,7.878801,-15.440258,8.60268,2.929051,15.034647,19.684288,2.828308
16,-3.693552,-0.66695,95.478592,3.043162,1.741402,97.130608,-27.704897,-0.197815,134.611588,26.096401,4.936462,139.590576,-20.481451,-0.537125,84.544609,20.71563,4.515305,83.511955,-18.695757,4.362972,47.465324,17.51339,10.613533,46.500175,-12.619043,-1.291557,8.723358,12.346381,7.705139,7.891181,-15.443644,8.164986,2.933289,15.075476,19.225151,2.82853
16.5,-3.78329,-0.629307,95.466148,3.133167,1.697342,97.19928,-27.839544,-0.170013,134.555145,26.253607,4.932198,139.655899,-20.543699,-0.59391,84.543556,20.767096,4.451477,83.549484,-18.729406,4.179398,47.422115,17.492403,10.240917,46.501534,-12.625972,-1.717056,8.730616,12.343665,7.248699,7.899433,-15.442474,7.727394,2.936897,15.117342,18.761978,2.827613
17,-3.878223,-0.595051,95.452423,3.221049,1.65741,97.262505,-27.990465,-0.160393,134.495621,26.403286,4.929695,139.715195,-20.600071,-0.653805,84.541847,20.814465,4.386749,83.585846,-18.761082,4.000938,47.381405,17.473297,9.868702,46.503777,-12.640701,-2.139183,8.744607,12.338249,6.791061,7.904738,-15.44074,7.290855,2.940839,15.144892,18.301422,2.820975
17.5,-3.975465,-0.564163,95.436676,3.299155,1.618698,97.316307,-28.16205,-0.167839,134.432251,26.546103,4.925743,139.768753,-20.644144,-0.714897,84.541924,20.861616,4.321625,83.616486,-18.788973,3.822174,47.338478,17.453291,9.492393,46.506985,-12.664721,-2.559563,8.762279,12.329271,6.329689,7.903375,-15.439181,6.853874,2.944031,15.159466,17.836662,2.809753
18,-4.075924,-0.536716,95.420227,3.37157,1.580616,97.364052,-28.346724,-0.188446,134.368027,26.677481,4.918137,139.819717,-20.685791,-0.778263,84.54229,20.907944,4.254269,83.645706,-18.812725,3.638531,47.298958,17.43849,9.115997,46.509235,-12.69765,-2.97879,8.785031,12.316761,5.866402,7.8994,-15.436372,6.416111,2.946777,15.15906,17.372719,2.793692
18.5,-4.174855,-0.512402,95.403442,3.43334,1.54195,97.401932,-28.536188,-0.21719,134.303787,26.802996,4.907967,139.863998,-20.723791,-0.844757,84.544571,20.954567,4.183647,83.669617,-18.834229,3.444248,47.258976,17.42894,8.739559,46.510086,-12.734935,-3.398941,8.807731,12.300648,5.403435,7.890719,-15.43727,5.976536,2.949162,15.137796,16.905914,2.771928
19,-4.270316,-0.491142,95.386353,3.48674,1.500294,97.434006,-28.723475,-0.248127,134.243118,26.916391,4.888039,139.9086,-20.761526,-0.912766,84.547348,21.003757,4.108219,83.691742,-18.849947,3.23526,47.22242,17.423946,8.363407,46.508533,-12.777014,-3.821465,8.831841,12.282616,4.938728,7.881676,-15.437712,5.534515,2.951314,15.106939,16.43763,2.74834
19.5,-4.35816,-0.47187,95.370468,3.531919,1.456566,97.458321,-28.889837,-0.274464,134.188873,27.024364,4.861919,139.947861,-20.803133,-0.985573,84.55011,21.054028,4.026192,83.711189,-18.864189,3.009819,47.187992,17.426914,7.992275,46.505299,-12.818002,-4.248367,8.853328,12.263336,4.477039,7.871907,-15.441303,5.089085,2.953377,15.05698,15.968117,2.721169
20,-4.436679,-0.454819,95.354942,3.568596,1.407978,97.478249,-29.037577,-0.291443,134.142914,27.123018,4.821651,139.988556,-20.845793,-1.059952,84.553009,21.108141,3.936935,83.728867,-18.872948,2.765141,47.15654,17.432238,7.623405,46.499203,-12.855934,-4.680664,8.872481,12.244683,4.01445,7.865771,-15.447043,4.640247,2.956826,15.008518,15.495453,2.696186
20.5,-4.501137,-0.438564,95.341682,3.600691,1.356773,97.493866,-29.13942,-0.292789,134.110352,27.214911,4.770626,140.026733,-20.894323,-1.1399,84.55336,21.164747,3.838966,83.747185,-18.879839,2.502594,47.13018,17.443977,7.263531,46.49221,-12.887732,-5.12027,8.888416,12.228098,3.554558,7.862465,-15.452306,4.186954,2.960266,14.951006,15.022522,2.67201
21,-4.553931,-0.423683,95.329552,3.626652,1.301277,97.507301,-29.212706,-0.278694,134.088943,27.301451,4.703941,140.065582,-20.943968,-1.222439,84.552872,21.223589,3.732933,83.764328,-18.882307,2.222519,47.106247,17.456209,6.909107,46.483089,-12.910191,-5.566555,8.900284,12.213463,3.09428,7.866342,-15.460254,3.730415,2.965849,14.908075,14.545883,2.653274
21.5,-4.589623,-0.409058,95.320084,3.650798,1.243717,97.51944,-29.229723,-0.244877,134.08522,27.37879,4.623062,140.104309,-20.995623,-1.309948,84.548538,21.286518,3.618328,83.784149,-18.881615,1.926437,47.089352,17.470749,6.565155,46.473373,-12.922486,-6.021084,8.910115,12.203259,2.634003,7.874676,-15.464465,3.269279,2.97163,14.869183,14.068939,2.639646
22,-4.61501,-0.395435,95.312164,3.672175,1.184147,97.531387,-29.218201,-0.197578,134.092529,27.452974,4.527462,140.141861,-21.046814,-1.401127,84.54248,21.348341,3.496986,83.80365,-18.878027,1.618172,47.074486,17.485138,6.229744,46.462997,-12.923547,-6.481548,8.916546,12.193686,2.172874,7.890684,-15.468751,2.806,2.978293,14.853912,13.588848,2.632412
22.5,-4.625844,-0.382492,95.306572,3.692749,1.123817,97.54332,-29.161936,-0.135876,134.11644,27.516474,4.416885,140.179688,-21.09347,-1.495525,84.533417,21.414955,3.369568,83.825478,-18.869053,1.297028,47.066273,17.497871,5.903759,46.450951,-12.912967,-6.948559,8.922976,12.188598,1.708908,7.910742,-15.468172,2.338818,2.985023,14.852795,13.107849,2.63217
23,-4.629895,-0.370686,95.302208,3.712858,1.063931,97.555771,-29.086014,-0.069065,134.1483,27.575655,4.293537,140.214493,-21.13669,-1.593414,84.522568,21.477737,3.238247,83.847282,-18.858845,0.969467,47.059555,17.51079,5.588024,46.439716,-12.893851,-7.419304,8.928223,12.180856,1.243183,7.934862,-15.463597,1.870712,2.989907,14.874804,12.624931,2.636512
23.5,-4.626454,-0.360649,95.299255,3.731925,1.004704,97.567635,-28.994343,-0.000389,134.190186,27.625406,4.157333,140.247726,-21.170555,-1.692368,84.511314,21.544086,3.104881,83.86908,-18.84067,0.631443,47.056652,17.520128,5.279385,46.424774,-12.865074,-7.892982,8.934951,12.175226,0.773705,7.961414,-15.454983,1.399857,2.993855,14.914362,12.140831,2.646363
24,-4.619587,-0.352081,95.296494,3.750428,0.94714,97.578941,-28.895798,0.063393,134.235291,27.667212,4.009968,140.276901,-21.197765,-1.792801,84.499298,21.606379,2.970535,83.889915,-18.822565,0.290817,47.054359,17.530085,4.980942,46.411499,-12.833186,-8.367832,8.94282,12.164309,0.302563,7.985924,-15.439604,0.928497,2.99344,14.965403,11.656143,2.657185
24.5,-4.612953,-0.346283,95.293938,3.76754,0.891144,97.588165,-28.813639,0.115253,134.280945,27.703527,3.853657,140.30162,-21.215284,-1.892506,84.489769,21.668903,2.838367,83.908035,-18.794788,-0.059395,47.051907,17.536739,4.687477,46.392982,-12.796438,-8.841839,8.952,12.151887,-0.170765,8.011023,-15.421716,0.455513,2.990348,15.030499,11.171021,2.669624
25,-4.604502,-0.341965,95.29026,3.781807,0.836414,97.594406,-28.735403,0.155865,134.325272,27.728619,3.687004,140.322372,-21.224609,-1.99057,84.481201,21.729462,2.707066,83.922913,-18.76759,-0.410915,47.049038,17.543732,4.403046,46.376011,-12.761964,-9.315159,8.963468,12.13494,-0.643524,8.029059,-15.397465,-0.018723,2.982257,15.088392,10.686211,2.679583
25.5,-4.600147,-0.340546,95.285599,3.794758,0.783211,97.597366,-28.692141,0.17627,134.362061,27.752346,3.514893,140.336746,-21.227709,-2.08675,84.476601,21.786028,2.580868,83.933563,-18.7313,-0.772224,47.043056,17.548704,4.122829,46.35445,-12.728207,-9.785622,8.974411,12.113597,-1.11554,8.045959,-15.371836,-0.493866,2.969958,15.15201,10.202709,2.687165
26,-4.593661,-0.339958,95.279007,3.802491,0.730141,97.594948,-28.657963,0.185284,134.394348,27.76556,3.333801,140.347961,-21.22452,-2.178787,84.474419,21.84247,2.456402,83.938538,-18.694473,-1.135654,47.035904,17.552759,3.849918,46.332981,-12.699491,-10.254787,8.986753,12.092382,-1.583229,8.055753,-15.342568,-0.971771,2.954064,15.192478,9.719719,2.690843
26.5,-4.58927,-0.341251,95.270401,3.808979,0.677647,97.588837,-28.653728,0.17646,134.416656,27.779087,3.148785,140.353195,-21.219072,-2.268143,84.475296,21.891808,2.337791,83.939293,-18.652796,-1.508289,47.025806,17.556089,3.581718,46.309872,-12.675494,-10.721882,8.996626,12.066998,-2.047321,8.063412,-15.313993,-1.450382,2.934947,15.228148,9.239674,2.690389
27,-4.58077,-0.342178,95.259735,3.809938,0.624527,97.57679,-28.655697,0.161552,134.433578,27.786348,2.956944,140.35643,-21.211414,-2.352718,84.478531,21.939795,2.221394,83.933708,-18.60936,-1.884506,47.015022,17.555914,3.319508,46.285309,-12.656411,-11.188377,9.005665,12.046439,-2.504826,8.068406,-15.284822,-1.932793,2.914737,15.237141,8.760178,2.687313
27.5,-4.56918,-0.34306,95.246803,3.809531,0.570908,97.561401,-28.665802,0.140057,134.443542,27.79311,2.761303,140.356216,-21.2052,-2.43441,84.482239,21.979532,2.109871,83.924965,-18.565058,-2.268135,47.003899,17.555862,3.062431,46.262409,-12.641947,-11.655445,9.010984,12.025475,-2.957375,8.072404,-15.258813,-2.416283,2.894514,15.233511,8.283722,2.68162
28,-4.550788,-0.342331,95.232033,3.80518,0.516602,97.541458,-28.672161,0.12043,134.449753,27.797462,2.56102,140.355072,-21.199438,-2.512417,84.486313,22.01416,2.000874,83.911209,-18.52022,-2.655716,46.994488,17.549734,2.810768,46.237667,-12.630551,-12.123466,9.01377,12.01123,-3.404305,8.07882,-15.234724,-2.903133,2.876067,15.211523,7.808041,2.676358
28.5,-4.524512,-0.339607,95.215324,3.799402,0.461472,97.519135,-28.661581,0.108036,134.454681,27.799049,2.356968,140.353683,-21.197268,-2.587814,84.487526,22.040745,1.895267,83.895821,-18.476196,-3.048561,46.988453,17.543591,2.56353,46.21627,-12.620175,-12.595001,9.012995,12.000843,-3.847633,8.087483,-15.215229,-3.391563,2.861203,15.176765,7.333488,2.67226
29,-4.489986,-0.334503,95.197044,3.792196,0.406143,97.494492,-28.636227,0.104343,134.459045,27.799555,2.150337,140.351776,-21.194798,-2.661442,84.486023,22.05851,1.792412,83.877953,-18.434683,-3.44379,46.987297,17.531013,2.320892,46.193489,-12.610362,-13.068947,9.009868,11.995413,-4.289158,8.101343,-15.199723,-3.881443,2.850644,15.138121,6.860054,2.671614
29.5,-4.445999,-0.32645,95.177193,3.783625,0.350628,97.468567,-28.579473,0.116989,134.466599,27.794268,1.9408,140.351746,-21.195686,-2.732964,84.478828,22.06925,1.691933,83.859703,-18.393545,-3.843067,46.992607,17.517151,2.080772,46.1735,-12.597193,-13.548027,9.004849,11.99474,-4.730976,8.120592,-15.188311,-4.373039,2.845453,15.094227,6.384758,2.675501
30,-4.394956,-0.315971,95.155823,3.77582,0.295456,97.442039,-28.502649,0.141167,134.476288,27.786747,1.730301,140.350647,-21.192751,-2.804203,84.466125,22.070219,1.594013,83.841309,-18.357105,-4.241581,47.004662,17.499659,1.843494,46.152519,-12.5825,-14.030106,8.999705,11.994845,-5.175514,8.144497,-15.182522,-4.863663,2.846054,15.059916,5.910767,2.684314
30.5,-4.336677,-0.303032,95.132698,3.766788,0.241135,97.414825,-28.397339,0.181801,134.489883,27.770422,1.518993,140.351257,-21.19031,-2.873905,84.446457,22.06624,1.498089,83.823006,-18.320332,-4.644043,47.024181,17.479134,1.606297,46.132256,-12.562393,-14.51675,8.995331,11.99553,-5.624908,8.174163,-15.178607,-5.355507,2.850852,15.030453,5.432632,2.697805
31,-4.275035,-0.288242,95.107796,3.759551,0.187328,97.387421,-28.275974,0.232109,134.505936,27.75004,1.307728,140.349426,-21.180689,-2.943523,84.419983,22.055286,1.403839,83.805573,-18.286749,-5.042389,47.049339,17.459724,1.369461,46.110668,-12.539884,-15.005867,8.993876,11.992939,-6.07972,8.205747,-15.181079,-5.844826,2.86141,15.018097,4.955544,2.71564
31.5,-4.210511,-0.272499,95.080292,3.751164,0.134853,97.358955,-28.142963,0.291069,134.522736,27.718901,1.098587,140.346802,-21.166723,-3.012184,84.387108,22.043055,1.311165,83.787788,-18.253559,-5.444221,47.080235,17.436167,1.130714,46.087685,-12.513778,-15.497086,8.996033,11.983585,-6.541882,8.239483,-15.182748,-6.334362,2.87273,15.016258,4.474316,2.733987
32,-4.146936,-0.255672,95.050385,3.744309,0.082638,97.329613,-28.00522,0.354515,134.539215,27.683096,0.890076,140.340302,-21.14539,-3.079739,84.347939,22.029066,1.218716,83.770439,-18.217915,-5.839806,47.112419,17.417685,0.89016,46.062473,-12.485952,-15.989403,9.002923,11.969267,-7.008991,8.272313,-15.189701,-6.821629,2.88806,15.031923,3.993366,2.754532
32.5,-4.084524,-0.239231,95.016769,3.736148,0.03104,97.297844,-27.876015,0.416542,134.551361,27.636812,0.686539,140.329239,-21.115572,-3.146919,84.304344,22.018641,1.12653,83.751534,-18.183861,-6.235767,47.146202,17.395388,0.64695,46.034912,-12.459168,-16.480789,9.015477,11.942279,-7.481857,8.301079,-15.194,-7.308109,2.900618,15.05501,3.510849,2.768713
33,-4.024907,-0.222328,94.979858,3.728452,-0.020721,97.264305,-27.753511,0.476795,134.559021,27.586992,0.48428,140.313629,-21.080248,-3.211376,84.256149,22.011374,1.033203,83.731941,-18.14197,-6.625092,47.175583,17.378939,0.401096,46.004498,-12.432827,-16.971512,9.032176,11.911543,-7.95668,8.32756,-15.20063,-7.794147,2.914077,15.090567,3.027569,2.782369
33.5,-3.967806,-0.205807,94.938332,3.718904,-0.073589,97.226456,-27.650839,0.529484,134.557861,27.529778,0.288895,140.290085,-21.035841,-3.276283,84.205597,22.011526,0.937813,83.709358,-18.101048,-7.007915,47.200718,17.360281,0.153267,45.972111,-12.412117,-17.459154,9.054517,11.868046,-8.431652,8.344545,-15.203366,-8.279011,2.922853,15.123066,2.546486,2.783734
34,-3.912262,-0.18898,94.892639,3.708518,-0.126999,97.186447,-27.560648,0.576366,134.548828,27.470715,0.095917,140.262421,-20.988289,-3.336342,84.15271,22.017607,0.840614,83.685226,-18.050398,-7.38435,47.217659,17.344566,-0.096554,45.937607,-12.394577,-17.944651,9.07916,11.823438,-8.905018,8.358966,-15.205836,-8.765621,2.930111,15.159195,2.064114,2.781782
34.5,-3.856605,-0.170876,94.842026,3.695561,-0.182972,97.140907,-27.485352,0.616463,134.529648,27.409586,-0.089779,140.225494,-20.934582,-3.397644,84.098389,22.029787,0.739353,83.657227,-17.997942,-7.745239,47.224598,17.328506,-0.346748,45.901642,-12.384098,-18.426582,9.106801,11.773075,-9.371735,8.363533,-15.203909,-9.251595,2.933353,15.182781,1.585999,2.766983
35,-3.799121,-0.151787,94.78643,3.680651,-0.239746,97.093246,-27.419552,0.65097,134.501266,27.348196,-0.271622,140.185593,-20.879635,-3.452343,84.043282,22.047461,0.636417,83.627151,-17.937849,-8.098217,47.222752,17.310774,-0.597542,45.865643,-12.378592,-18.905539,9.134508,11.724181,-9.834206,8.36552,-15.199959,-9.740498,2.934229,15.199036,1.106972,2.746657
35.5,-3.736614,-0.129143,94.726196,3.662349,-0.299198,97.040421,-27.351297,0.684208,134.465179,27.287807,-0.446651,140.137817,-20.822418,-3.507767,83.986336,22.064569,0.529758,83.59433,-17.873085,-8.42865,47.207764,17.293177,-0.847435,45.828548,-12.377807,-19.38168,9.161741,11.678528,-10.286793,8.362328,-15.192438,-10.229813,2.933994,15.200651,0.631474,2.718797
36,-3.668277,-0.103973,94.660263,3.641392,-0.359367,96.985695,-27.281187,0.71632,134.421082,27.228468,-0.616776,140.088181,-20.764984,-3.555656,83.928581,22.082401,0.422478,83.559013,-17.804567,-8.746906,47.186104,17.270565,-1.096825,45.793449,-12.381436,-19.854767,9.187324,11.635718,-10.734341,8.357124,-15.182207,-10.721565,2.93211,15.186277,0.155491,2.685074
36.5,-3.590755,-0.07365,94.590187,3.616364,-0.420959,96.927261,-27.189779,0.7528,134.374008,27.168924,-0.780899,140.033875,-20.706726,-3.601627,83.867729,22.091719,0.314247,83.523323,-17.73086,-9.04026,47.152088,17.24688,-1.345604,45.757523,-12.385182,-20.325939,9.210183,11.602152,-11.174068,8.353068,-15.171009,-11.214512,2.933017,15.161667,-0.319183,2.652087
37,-3.504389,-0.03891,94.513954,3.588262,-0.482708,96.86721,-27.081318,0.794445,134.322037,27.110109,-0.939892,139.978378,-20.648714,-3.639622,83.804596,22.093679,0.207565,83.485176,-17.656176,-9.316185,47.114559,17.21789,-1.593803,45.724308,-12.390329,-20.794411,9.23122,11.570214,-11.610397,8.348449,-15.157512,-11.708096,2.933696,15.119232,-0.794655,2.615304
37.5,-3.408043,0.001152,94.43396,3.55595,-0.543888,96.805,-26.942646,0.842453,134.271606,27.046926,-1.093922,139.921478,-20.587074,-3.671303,83.73719,22.082081,0.103935,83.448479,-17.579369,-9.5695,47.069084,17.186096,-1.843346,45.690491,-12.391085,-21.261036,9.249692,11.547918,-12.044811,8.349612,-15.146987,-12.202782,2.940418,15.073851,-1.270969,2.586536
38,-3.301574,0.047112,94.347847,3.520257,-0.604393,96.741478,-26.774172,0.900265,134.220306,26.981438,-1.243408,139.863617,-20.525599,-3.694244,83.665512,22.055765,0.004585,83.41011,-17.502178,-9.801468,47.022362,17.151548,-2.093327,45.658592,-12.389163,-21.725061,9.268474,11.52363,-12.479252,8.352189,-15.135873,-12.696049,2.948227,15.016542,-1.748722,2.557684
38.5,-3.188285,0.097408,94.258453,3.480789,-0.662651,96.676498,-26.580919,0.962772,134.172714,26.90744,-1.389099,139.806183,-20.45577,-3.706329,83.589478,22.015989,-0.088364,83.373016,-17.427326,-10.015968,46.973892,17.11351,-2.347054,45.62645,-12.380821,-22.186434,9.287193,11.504364,-12.918022,8.361648,-15.130834,-13.18956,2.962833,14.962488,-2.228405,2.539926
39,-3.066182,0.154095,94.164368,3.437839,-0.719505,96.610512,-26.355543,1.035538,134.128235,26.825968,-1.531326,139.74791,-20.384775,-3.70845,83.508331,21.959721,-0.174908,83.335564,-17.35214,-10.208435,46.925343,17.076412,-2.60265,45.594807,-12.365878,-22.644455,9.310491,11.479388,-13.360332,8.374451,-15.128471,-13.680401,2.979866,14.907177,-2.709408,2.52589
39.5,-2.941583,0.213776,94.067833,3.391697,-0.77354,96.542747,-26.118773,1.110218,134.087097,26.734394,-1.6707,139.690002,-20.303228,-3.697273,83.424141,21.894426,-0.253887,83.297096,-17.281227,-10.390514,46.88031,17.036943,-2.863052,45.56356,-12.346121,-23.098831,9.337169,11.452982,-13.810192,8.392083,-15.132248,-14.170452,3.001345,14.858276,-3.192322,2.5209
40,-2.811375,0.279671,93.969742,3.342415,-0.825905,96.474258,-25.859722,1.192444,134.051788,26.630402,-1.807602,139.631592,-20.218195,-3.674572,83.336159,21.819012,-0.326187,83.259392,-17.210835,-10.550522,46.835339,17.001303,-3.126102,45.532013,-12.31774,-23.548286,9.373676,11.420233,-14.265347,8.414487,-15.141651,-14.658016,3.026294,14.818413,-3.67506,2.52194
40.5,-2.681263,0.347618,93.870804,3.290103,-0.876091,96.403206,-25.602074,1.274948,134.018768,26.517748,-1.941891,139.572388,-20.123663,-3.639484,83.247452,21.740395,-0.392357,83.217621,-17.144674,-10.706413,46.796711,16.965639,-3.392494,45.501762,-12.288149,-23.993263,9.416876,11.381595,-14.726875,8.438502,-15.154634,-15.143871,3.051869,14.78557,-4.159157,2.526443
41,-2.548467,0.421562,93.775467,3.235447,-0.924927,96.331528,-25.337238,1.36335,133.993607,26.390873,-2.074013,139.51329,-20.02397,-3.59248,83.158882,21.664083,-0.453854,83.176712,-17.079876,-10.840466,46.75848,16.934713,-3.660831,45.471668,-12.251379,-24.431461,9.474625,11.340898,-15.192791,8.468062,-15.173384,-15.628689,3.081294,14.767191,-4.640884,2.536909
41.5,-2.415967,0.497528,93.682014,3.177298,-0.972851,96.256912,-25.081129,1.452938,133.970566,26.258215,-2.202744,139.452362,-19.918835,-3.537033,83.072456,21.588837,-0.512421,83.129929,-17.018484,-10.973278,46.726967,16.905916,-3.92881,45.443741,-12.21595,-24.864899,9.54137,11.294185,-15.660679,8.497008,-15.191982,-16.111282,3.108459,14.755503,-5.12344,2.54477
42,-2.281108,0.579624,93.5989,3.117602,-1.020111,96.181396,-24.828074,1.55125,133.958099,26.114264,-2.328499,139.392151,-19.808092,-3.471771,82.992233,21.527985,-0.569782,83.082695,-16.958775,-11.084503,46.697712,16.880774,-4.196541,45.417183,-12.178265,-25.289673,9.625883,11.253392,-16.129997,8.531693,-15.212822,-16.594372,3.139268,14.75728,-5.602531,2.556364
42.5,-2.145297,0.66449,93.521141,3.053854,-1.067448,96.1035,-24.584787,1.653965,133.949066,25.966372,-2.449253,139.329971,-19.697115,-3.403458,82.916817,21.470409,-0.627575,83.030373,-16.901943,-11.193176,46.67403,16.858944,-4.459705,45.393711,-12.141359,-25.709984,9.720332,11.210676,-16.596622,8.565752,-15.230156,-17.075184,3.167522,14.765165,-6.081978,2.561536
43,-2.004489,0.755764,93.460968,2.988417,-1.114807,96.023918,-24.344168,1.772778,133.955063,25.814142,-2.565334,139.268707,-19.581146,-3.330044,82.854935,21.430321,-0.687332,82.975426,-16.846708,-11.280945,46.656952,16.837553,-4.71978,45.371269,-12.108666,-26.119564,9.8343,11.181101,-17.061054,8.604916,-15.244287,-17.556608,3.199389,14.7815,-6.559631,2.567428
43.5,-1.861385,0.850689,93.4095,2.919019,-1.1623,95.942955,-24.109928,1.899948,133.966797,25.658539,-2.674644,139.205902,-19.468649,-3.258507,82.799713,21.394241,-0.749542,82.918358,-16.794394,-11.361988,46.643986,16.819719,-4.972408,45.352245,-12.073496,-26.525158,9.957958,11.154977,-17.520414,8.645159,-15.252914,-18.036064,3.230942,14.801956,-7.037415,2.566599
44,-1.709823,0.951645,93.381767,2.846731,-1.210068,95.859634,-23.869928,2.051292,133.999344,25.503668,-2.777523,139.143982,-19.352345,-3.187771,82.765572,21.367939,-0.814651,82.857445,-16.743992,-11.423862,46.644363,16.798388,-5.220325,45.332848,-12.047441,-26.917341,10.102299,11.144802,-17.975571,8.6894,-15.254413,-18.513803,3.267388,14.826385,-7.51672,2.564071
44.5,-1.554811,1.056496,93.365494,2.771277,-1.257076,95.775421,-23.629728,2.214329,134.040558,25.345793,-2.872604,139.080734,-19.240114,-3.122036,82.739639,21.344322,-0.881943,82.797783,-16.696339,-11.474808,46.648582,16.779469,-5.460274,45.314953,-12.015805,-27.305307,10.255871,11.140777,-18.426365,8.73657,-15.250007,-18.989937,3.307034,14.851501,-7.996391,2.557905
45,-1.391028,1.165432,93.375374,2.691575,-1.303978,95.688606,-23.377972,2.40379,134.106812,25.189194,-2.960503,139.017807,-19.124512,-3.062008,82.739876,21.317202,-0.950455,82.735161,-16.652895,-11.509178,46.672768,16.755272,-5.69582,45.295898,-11.993496,-27.676912,10.43082,11.148964,-18.873367,8.785977,-15.238906,-19.460091,3.354375,14.876862,-8.480587,2.548569
45.5,-1.222609,1.277161,93.398392,2.609514,-1.348904,95.600433,-23.117605,2.606041,134.185028,25.029329,-3.040989,138.953323,-19.010199,-3.00808,82.750259,21.289066,-1.018444,82.675987,-16.611738,-11.531525,46.702625,16.730528,-5.925144,45.273907,-11.96571,-28.042667,10.615161,11.161378,-19.318907,8.839004,-15.223625,-19.928366,3.40842,14.900019,-8.965305,2.540627
46,-1.049573,1.389675,93.446274,2.522856,-1.392746,95.509933,-22.849083,2.828987,134.288651,24.867605,-3.115166,138.887924,-18.89311,-2.961823,82.789101,21.246479,-1.084293,82.616592,-16.577765,-11.538979,46.756809,16.702374,-6.151619,45.251602,-11.942219,-28.389095,10.821888,11.176844,-19.762703,8.892146,-15.204921,-20.386715,3.473511,14.91967,-9.455421,2.529171
46.5,-0.871364,1.502441,93.507133,2.433703,-1.433876,95.417023,-22.56539,3.062176,134.407196,24.700832,-3.183704,138.820862,-18.772173,-2.921417,82.839859,21.197884,-1.145473,82.561012,-16.546391,-11.536987,46.819878,16.669645,-6.374557,45.221416,-11.917024,-28.726917,11.038756,11.19112,-20.208031,8.947919,-15.185746,-20.841898,3.547703,14.936142,-9.945503,2.52368
47,-0.694832,1.611832,93.588882,2.341201,-1.472683,95.322586,-22.28443,3.303711,134.547333,24.528446,-3.248169,138.751419,-18.649868,-2.887436,82.91893,21.132023,-1.201,82.508392,-16.524521,-11.521187,46.908073,16.637972,-6.595688,45.192978,-11.88842,-29.04306,11.279061,11.197886,-20.65378,9.002247,-15.16685,-21.285383,3.636167,14.94557,-10.438931,2.515692
47.5,-0.514331,1.718407,93.68177,2.244611,-1.508987,95.225052,-21.987495,3.549816,134.703827,24.347532,-3.309269,138.681122,-18.519358,-2.858509,83.010887,21.05619,-1.247906,82.458557,-16.506308,-11.499828,47.008099,16.598574,-6.815052,45.154491,-11.862931,-29.347811,11.530354,11.19801,-21.102037,9.057181,-15.15104,-21.724018,3.734285,14.952385,-10.931049,2.515485
48,-0.340157,1.817551,93.790298,2.146867,-1.54192,95.12738,-21.704128,3.789787,134.875702,24.15943,-3.368832,138.607849,-18.388783,-2.832985,83.128815,20.968731,-1.286896,82.413544,-16.499542,-11.465092,47.130356,16.564249,-7.031338,45.119366,-11.827487,-29.629816,11.805247,11.183523,-21.551741,9.110756,-15.137132,-22.15188,3.84915,14.950613,-11.422272,2.515279
48.5,-0.165381,1.911461,93.907158,2.042477,-1.573269,95.027298,-21.411636,4.027412,135.062576,23.959034,-3.42643,138.535797,-18.249775,-2.811604,83.259277,20.870802,-1.314926,82.369919,-16.496746,-11.427746,47.265343,16.522062,-7.245373,45.077251,-11.797145,-29.899109,12.09105,11.160482,-22.002064,9.163412,-15.127202,-22.573975,3.972493,14.946665,-11.911003,2.520882
49,0.002737,1.995129,94.034798,1.938413,-1.600838,94.929054,-21.135183,4.247948,135.25914,23.752602,-3.484001,138.462372,-18.11068,-2.790993,83.41156,20.770464,-1.334621,82.330711,-16.507925,-11.376301,47.41716,16.485586,-7.452026,45.037888,-11.754331,-30.146164,12.398883,11.122387,-22.453253,9.217014,-15.11717,-22.987854,4.113831,14.93656,-12.394356,2.530047
49.5,0.166748,2.072491,94.167618,1.82557,-1.627663,94.830849,-20.862753,4.46011,135.465729,23.532436,-3.538975,138.393066,-17.967937,-2.77343,83.574379,20.663507,-1.34314,82.291901,-16.521025,-11.323795,47.579548,16.445021,-7.653496,44.99955,-11.713494,-30.381618,12.71551,11.078721,-22.901243,9.270267,-15.108531,-23.396603,4.261581,14.923187,-12.875263,2.540096
50,0.327734,2.138859,94.307808,1.712216,-1.6511,94.736923,-20.597689,4.651432,135.679047,23.308317,-3.593498,138.326599,-17.823576,-2.755947,83.75354,20.560493,-1.344418,82.255356,-16.551437,-11.255306,47.75259,16.406788,-7.841145,44.960735,-11.661958,-30.596901,13.05039,11.026153,-23.348133,9.328629,-15.094543,-23.79945,4.427072,14.910044,-13.348335,2.557072
50.5,0.480562,2.198956,94.450188,1.589775,-1.673714,94.646927,-20.351336,4.830559,135.894241,23.073275,-3.642624,138.267303,-17.682688,-2.74004,83.940041,20.457521,-1.335785,82.218826,-16.579365,-11.187046,47.931557,16.370844,-8.018761,44.932396,-11.605437,-30.803371,13.389545,10.974111,-23.788168,9.390231,-15.077627,-24.198738,4.597239,14.891489,-13.820488,2.569633
51,0.63408,2.249256,94.597672,1.463446,-1.693943,94.563683,-20.099722,4.991768,136.114883,22.83489,-3.688889,138.216675,-17.539167,-2.725433,84.136139,20.359442,-1.321507,82.182465,-16.626032,-11.102108,48.115318,16.332964,-8.176468,44.90057,-11.541384,-30.993336,13.740118,10.923315,-24.223919,9.46171,-15.049885,-24.59297,4.783197,14.879747,-14.286179,2.589822
51.5,0.779432,2.294281,94.745079,1.33008,-1.712234,94.488388,-19.872742,5.141346,136.32962,22.593521,-3.726032,138.175262,-17.403011,-2.710747,84.33625,20.264324,-1.299423,82.145981,-16.667147,-11.019043,48.300003,16.302013,-8.318764,44.883194,-11.46839,-31.177109,14.089496,10.878115,-24.651478,9.542459,-15.017097,-24.983568,4.972805,14.863503,-14.753006,2.603813
52,0.925794,2.331512,94.895447,1.189386,-1.728851,94.421654,-19.634798,5.278309,136.547165,22.348318,-3.757034,138.147064,-17.265144,-2.698635,84.539131,20.17107,-1.272579,82.109184,-16.723799,-10.923504,48.485069,16.26848,-8.437611,44.862232,-11.390642,-31.348463,14.440356,10.842384,-25.071503,9.636801,-14.97325,-25.367401,5.174903,14.855518,-15.218327,2.622247
52.5,1.06642,2.364315,95.044327,1.044243,-1.742176,94.366188,-19.417711,5.406792,136.754639,22.106318,-3.776031,138.130112,-17.134483,-2.685688,84.743095,20.079563,-1.239269,82.073448,-16.774532,-10.831753,48.667713,16.242798,-8.536583,44.85368,-11.304886,-31.513943,14.785375,10.815163,-25.483004,9.746866,-14.926197,-25.744556,5.380436,14.847368,-15.685467,2.636559
53,1.205019,2.390656,95.193382,0.890701,-1.753696,94.32,-19.194893,5.525951,136.959442,21.860962,-3.786335,138.127502,-17.004152,-2.675087,84.944542,19.984928,-1.200844,82.03875,-16.833141,-10.738079,48.848488,16.218443,-8.611015,44.843594,-11.218067,-31.669083,15.119946,10.799253,-25.884678,9.872896,-14.877396,-26.108963,5.594397,14.843719,-16.156536,2.650409
53.5,1.340958,2.413174,95.34005,0.735324,-1.760963,94.28688,-18.982683,5.640579,137.153976,21.620403,-3.784386,138.137833,-16.878263,-2.663769,85.14463,19.889368,-1.156353,82.007835,-16.88792,-10.650368,49.025791,16.200993,-8.662579,44.840691,-11.129479,-31.816431,15.445238,10.792335,-26.276865,10.019315,-14.831749,-26.461496,5.811147,14.844822,-16.628349,2.664058
54,1.470124,2.429012,95.483437,0.573393,-1.765671,94.262718,-18.778044,5.745224,137.338974,21.378223,-3.773087,138.160248,-16.75522,-2.653351,85.339455,19.785906,-1.105293,81.980888,-16.940645,-10.575863,49.20134,16.190891,-8.689995,44.839207,-11.046846,-31.950949,15.747879,10.792637,-26.657501,10.182961,-14.803421,-26.789452,6.031451,14.845036,-17.106308,2.673717
54.5,1.598801,2.441284,95.62384,0.411931,-1.765846,94.251656,-18.573097,5.847698,137.516159,21.137518,-3.75238,138.196442,-16.633675,-2.642818,85.531303,19.68074,-1.047859,81.961586,-16.992624,-10.509392,49.374474,16.18771,-8.692039,44.840343,-10.971406,-32.074409,16.038828,10.80066,-27.025734,10.368761,-14.787642,-27.099878,6.252913,14.851944,-17.582563,2.686623
55,1.716828,2.445496,95.757607,0.247615,-1.76263,94.248749,-18.388704,5.936821,137.678711,20.897087,-3.723827,138.240921,-16.517851,-2.632057,85.717651,19.565042,-0.982105,81.949951,-17.034004,-10.470665,49.547646,16.19665,-8.670044,44.845646,-10.913683,-32.176579,16.29636,10.810191,-27.380144,10.572548,-14.812532,-27.367807,6.471339,14.855032,-18.062004,2.69569
55.5,1.83508,2.446045,95.888054,0.085389,-1.755253,94.257492,-18.197342,6.023293,137.836639,20.652288,-3.690666,138.298843,-16.402037,-2.62191,85.900406,19.449816,-0.909531,81.949768,-17.076855,-10.441494,49.720665,16.214861,-8.619308,44.852085,-10.871079,-32.264313,16.540096,10.825658,-27.717203,10.797799,-14.859585,-27.613495,6.688383,14.86244,-18.536943,2.709995
56,1.941717,2.437298,96.009689,-0.076041,-1.744045,94.273819,-18.030468,6.093388,137.979385,20.408133,-3.652481,138.362122,-16.295366,-2.61235,86.078926,19.324692,-0.827564,81.960686,-17.105148,-10.447601,49.895535,16.24674,-8.542744,44.86475,-10.861043,-32.317062,16.742344,10.840505,-28.036505,11.041804,-14.965569,-27.794666,6.893173,14.867243,-19.008154,2.724561
56.5,2.048083,2.424515,96.128021,-0.234947,-1.729435,94.2995,-17.856153,6.158031,138.119995,20.154737,-3.614346,138.437317,-16.188845,-2.604233,86.254311,19.20303,-0.738903,81.985313,-17.135386,-10.464104,50.072708,16.291397,-8.43256,44.879841,-10.870908,-32.351997,16.927908,10.859936,-28.332676,11.305662,-15.100823,-27.94887,7.093169,14.871468,-19.472609,2.745774
57,2.145499,2.402794,96.237228,-0.391016,-1.71106,94.332764,-17.697447,6.20623,138.249893,19.899952,-3.573856,138.517303,-16.094782,-2.599724,86.426514,19.075294,-0.641045,82.023102,-17.152405,-10.511551,50.251377,16.34844,-8.292278,44.902397,-10.92507,-32.337208,17.068045,10.882758,-28.605164,11.589179,-15.29858,-28.018795,7.269955,14.87678,-19.926216,2.773618
57.5,2.24105,2.376637,96.343369,-0.545673,-1.690201,94.372841,-17.536171,6.245529,138.378937,19.634619,-3.535992,138.606857,-16.002239,-2.59798,86.596542,18.951237,-0.537785,82.074181,-17.170877,-10.568737,50.433712,16.420137,-8.112667,44.929092,-11.001531,-32.299057,17.186674,10.909433,-28.849384,11.891565,-15.527886,-28.052557,7.43659,14.877604,-20.371675,2.810827
58,2.333572,2.343826,96.441978,-0.697409,-1.665825,94.420776,-17.371939,6.271976,138.504349,19.364414,-3.497047,138.702652,-15.922716,-2.603428,86.763504,18.826773,-0.426819,82.138283,-17.180819,-10.641991,50.614388,16.50214,-7.896976,44.963505,-11.123858,-32.202209,17.261486,10.94767,-29.062805,12.214399,-15.805791,-27.994465,7.571405,14.882296,-20.802828,2.860919
58.5,2.422354,2.306763,96.537796,-0.850079,-1.639839,94.473305,-17.211819,6.287426,138.628922,19.086233,-3.460407,138.805344,-15.846139,-2.613327,86.928619,18.701521,-0.313084,82.212456,-17.191257,-10.72073,50.797199,16.596977,-7.637001,45.001842,-11.267255,-32.074615,17.30961,10.989392,-29.243893,12.556443,-16.109238,-27.887739,7.688965,14.882038,-21.224827,2.925683
59,2.513377,2.266052,96.628403,-1.000839,-1.610523,94.533279,-17.031893,6.294815,138.75592,18.80113,-3.422436,138.91568,-15.779715,-2.633095,87.089989,18.581064,-0.194244,82.296844,-17.200436,-10.79678,50.974072,16.700785,-7.335297,45.046608,-11.451168,-31.88413,17.317949,11.049092,-29.38788,12.918878,-16.438734,-27.688971,7.769817,14.885393,-21.634039,3.007887
59.5,2.599981,2.222256,96.716309,-1.154512,-1.579975,94.596481,-16.85994,6.291782,138.881088,18.512857,-3.384125,139.030396,-15.716164,-2.658436,87.248589,18.453598,-0.075958,82.386681,-17.208971,-10.869869,51.148048,16.813309,-6.985905,45.093132,-11.650117,-31.656517,17.297232,11.112525,-29.494806,13.302051,-16.779203,-27.432434,7.82702,14.885836,-22.032663,3.111985
60,2.690133,2.177208,96.800591,-1.307734,-1.546688,94.664719,-16.664555,6.28315,139.010269,18.219662,-3.343983,139.151672,-15.656793,-2.693996,87.401878,18.331354,0.043503,82.480934,-17.223391,-10.922905,51.311722,16.932312,-6.59322,45.141876,-11.878516,-31.366695,17.242226,11.191648,-29.562479,13.703281,-17.122877,-27.089329,7.847782,14.888592,-22.422131,3.236589
60.5,2.776809,2.13092,96.881927,-1.463376,-1.512001,94.735016,-16.476173,6.266895,139.136063,17.929956,-3.300686,139.274063,-15.598451,-2.734756,87.550697,18.199364,0.158936,82.575699,-17.236971,-10.962147,51.465733,17.056068,-6.151947,45.189587,-12.113786,-31.036121,17.160433,11.273671,-29.587034,14.126023,-17.460125,-26.686722,7.842072,14.890923,-22.798429,3.389992
61,2.863652,2.084335,96.959557,-1.619466,-1.475082,94.807442,-16.277658,6.243149,139.261719,17.638454,-3.255482,139.40036,-15.537098,-2.783394,87.691879,18.0688,0.271759,82.669128,-17.260948,-10.969101,51.605759,17.18358,-5.669518,45.234543,-12.364754,-30.647863,17.050598,11.362472,-29.572241,14.563463,-17.784527,-26.206703,7.805205,14.893869,-23.165649,3.565886
61.5,2.948771,2.038292,97.033646,-1.774276,-1.43647,94.879967,-16.082247,6.214771,139.382462,17.358616,-3.206615,139.522842,-15.474228,-2.834972,87.827011,17.931593,0.377403,82.758438,-17.285641,-10.951244,51.730518,17.312836,-5.140717,45.276184,-12.615237,-30.219336,16.921436,11.449868,-29.508099,15.019981,-18.089577,-25.674618,7.745006,14.898932,-23.514261,3.774951
62,3.02826,1.991573,97.102417,-1.928871,-1.396133,94.951889,-15.9001,6.173538,139.495041,17.080303,-3.157173,139.645477,-15.40276,-2.890179,87.951942,17.792246,0.477196,82.842354,-17.321592,-10.895061,51.838829,17.443487,-4.576828,45.31218,-12.868834,-29.740026,16.770836,11.532722,-29.405848,15.486731,-18.375576,-25.076683,7.662379,14.903172,-23.847462,4.006953
62.5,3.107131,1.946304,97.166916,-2.07651,-1.353939,95.021301,-15.718388,6.128513,139.601593,16.820572,-3.106983,139.758652,-15.328302,-2.944717,88.069992,17.654037,0.567955,82.919014,-17.361311,-10.804619,51.929867,17.5737,-3.970997,45.344242,-13.117073,-29.225391,16.612249,11.607251,-29.248699,15.966093,-18.638636,-24.441605,7.565814,14.912346,-24.151062,4.272549
63,3.176009,1.899559,97.224152,-2.221726,-1.3106,95.088142,-15.569934,6.064877,139.692261,16.565456,-3.058853,139.867966,-15.2435,-2.997742,88.175842,17.514004,0.650734,82.988594,-17.410398,-10.673771,52.00362,17.703455,-3.339027,45.371719,-13.359857,-28.668161,16.439575,11.668743,-29.055853,16.450068,-18.884661,-23.754887,7.457145,14.920227,-24.427223,4.558966
63.5,3.243397,1.853779,97.276474,-2.354968,-1.265614,95.149857,-15.424906,5.994984,139.776016,16.331474,-3.015831,139.963348,-15.15677,-3.046967,88.274666,17.384138,0.724361,83.049789,-17.466469,-10.503822,52.062412,17.830486,-2.670967,45.396786,-13.595772,-28.08345,16.269814,11.715587,-28.804407,16.936615,-19.113817,-23.046757,7.34673,14.936071,-24.65592,4.87488
64,3.300319,1.806416,97.321083,-2.483058,-1.220093,95.208038,-15.317534,5.904327,139.841644,16.104826,-2.977585,140.051666,-15.063513,-3.089981,88.361526,17.257019,0.789616,83.104294,-17.529428,-10.293068,52.105721,17.955238,-1.986954,45.421894,-13.822524,-27.465342,16.094679,11.746933,-28.521284,17.420961,-19.331907,-22.304443,7.23446,14.951479,-24.842966,5.205878
64.5,3.354058,1.758945,97.360336,-2.597648,-1.173645,95.259209,-15.219166,5.80299,139.899521,15.895794,-2.951294,140.124374,-14.972127,-3.127651,88.440857,17.146265,0.847141,83.150856,-17.600658,-10.041847,52.138004,18.0739,-1.273857,45.447796,-14.042571,-26.828018,15.929276,11.761686,-28.178633,17.895741,-19.542145,-21.551983,7.130244,14.977049,-24.959509,5.557889
65,3.39975,1.710197,97.393318,-2.705254,-1.127205,95.306778,-15.149449,5.682518,139.943192,15.696249,-2.931042,140.188293,-14.881252,-3.155987,88.510551,17.044083,0.897923,83.192307,-17.677635,-9.751095,52.158989,18.18787,-0.554657,45.47942,-14.25354,-26.166397,15.766747,11.764184,-27.810286,18.360428,-19.746941,-20.781492,7.032008,15.003973,-25.022152,5.915374
65.5,3.441662,1.660641,97.421227,-2.802813,-1.081017,95.346405,-15.090805,5.547825,139.979111,15.505772,-2.92804,140.23822,-14.7967,-3.178207,88.572037,16.958843,0.943192,83.226563,-17.761658,-9.419685,52.172684,18.290953,0.185406,45.515503,-14.457448,-25.493351,15.61688,11.75439,-27.384367,18.803061,-19.949183,-20.008291,6.94702,15.040672,-24.990728,6.281588
66,3.478898,1.610256,97.445503,-2.893468,-1.03524,95.382919,-15.045236,5.398643,140.008499,15.326006,-2.930061,140.27948,-14.720474,-3.190529,88.62719,16.885077,0.984894,83.257622,-17.851145,-9.053085,52.179893,18.386343,0.923077,45.560925,-14.654421,-24.803049,15.474573,11.738177,-26.940111,19.227192,-20.148136,-19.226648,6.870809,15.080261,-24.897978,6.641005
66.5,3.513009,1.559017,97.465935,-2.98159,-0.991051,95.41127,-15.008084,5.23455,140.031372,15.145378,-2.951035,140.310287,-14.653017,-3.195892,88.674088,16.823042,1.023064,83.281158,-17.945234,-8.64772,52.18269,18.465164,1.672367,45.613609,-14.843339,-24.10742,15.344651,11.718654,-26.44212,19.617693,-20.343157,-18.445675,6.807395,15.125368,-24.692524,6.994054
67,3.545049,1.507313,97.485023,-3.064949,-0.947662,95.437042,-14.970476,5.061523,140.054749,14.975258,-2.974522,140.334167,-14.599511,-3.192772,88.7173,16.770008,1.061089,83.303162,-18.043541,-8.214111,52.182137,18.53352,2.413216,45.675323,-15.027102,-23.398361,15.222098,11.697753,-25.931633,19.981781,-20.532778,-17.657349,6.750435,15.173035,-24.423021,7.328155
67.5,3.574906,1.455025,97.502007,-3.153989,-0.906796,95.454842,-14.936635,4.876034,140.07373,14.797918,-3.013912,140.351105,-14.553669,-3.181385,88.753517,16.720228,1.096596,83.316025,-18.144369,-7.747765,52.179237,18.580378,3.155167,45.745586,-15.202576,-22.687082,15.10947,11.682293,-25.373554,20.302309,-20.712133,-16.869064,6.700903,15.218946,-24.032772,7.639201
68,3.60373,1.402439,97.51841,-3.241745,-0.867233,95.470154,-14.896725,4.686073,140.095978,14.628994,-3.053932,140.363464,-14.522734,-3.163433,88.786964,16.672758,1.133907,83.328003,-18.246231,-7.261608,52.173416,18.615213,3.885704,45.821445,-15.373247,-21.962904,14.999983,11.668327,-24.803173,20.589701,-20.88133,-16.067532,6.6524,15.264044,-23.577879,7.921942
68.5,3.6305,1.349365,97.534012,-3.33985,-0.83041,95.478172,-14.85825,4.487888,140.115662,14.453936,-3.102631,140.371185,-14.496021,-3.135902,88.81588,16.620451,1.168537,83.329689,-18.348698,-6.753418,52.166698,18.626728,4.607346,45.905338,-15.537441,-21.236031,14.896888,11.662594,-24.193363,20.826429,-21.034815,-15.262131,6.604126,15.300375,-23.00696,8.166848
69,3.65588,1.296021,97.548103,-3.439834,-0.79533,95.483376,-14.816421,4.287827,140.13623,14.284403,-3.151661,140.376251,-14.479883,-3.103035,88.841515,16.563381,1.204483,83.330032,-18.447878,-6.234383,52.155655,18.626581,5.316261,45.990974,-15.697153,-20.494057,14.79112,11.658316,-23.566538,21.025148,-21.173832,-14.434555,6.55122,15.330902,-22.373356,8.378163
69.5,3.678493,1.242069,97.561317,-3.54912,-0.762714,95.482269,-14.778296,4.083885,140.15451,14.115444,-3.202393,140.377319,-14.46431,-3.059948,88.864853,16.497652,1.236351,83.320663,-18.54455,-5.706547,52.144218,18.605478,6.010754,46.083496,-15.853118,-19.745548,14.687422,11.659565,-22.90377,21.168627,-21.296841,-13.595882,6.493044,15.347971,-21.633295,8.542282
70,3.69866,1.187588,97.571556,-3.661401,-0.731972,95.478027,-14.74329,3.878532,140.168976,13.950319,-3.254192,140.376709,-14.451778,-3.011757,88.884293,16.423651,1.266869,83.309067,-18.634745,-5.174713,52.128147,18.574684,6.691692,46.175945,-16.007149,-18.980106,14.578307,11.658951,-22.217817,21.271555,-21.405643,-12.730801,6.427921,15.356281,-20.835566,8.672247
70.5,3.715715,1.132465,97.579559,-3.776432,-0.703098,95.46917,-14.715756,3.673061,140.179916,13.794188,-3.304008,140.371887,-14.437103,-2.954327,88.902519,16.343275,1.29155,83.290916,-18.71821,-4.646496,52.111233,18.52968,7.356804,46.275101,-16.160013,-18.20224,14.466723,11.658495,-21.495167,21.317381,-21.504087,-11.846149,6.35612,15.350695,-19.94381,8.752043
71,3.72875,1.076523,97.583366,-3.89289,-0.675869,95.457237,-14.698653,3.465313,140.182587,13.641968,-3.355999,140.365646,-14.419631,-2.891701,88.916527,16.25676,1.311321,83.270142,-18.792702,-4.119194,52.091499,18.477266,8.007988,46.375462,-16.315708,-17.406261,14.350153,11.651359,-20.743532,21.321974,-21.593906,-10.935032,6.278981,15.338215,-18.999146,8.801394
71.5,3.739598,1.020168,97.583542,-4.002867,-0.649807,95.443176,-14.689037,3.2603,140.180679,13.504719,-3.406605,140.355194,-14.398907,-2.822784,88.929131,16.170656,1.324253,83.247971,-18.856897,-3.602798,52.07069,18.419649,8.644188,46.483528,-16.472054,-16.592869,14.228447,11.639364,-19.953053,21.270634,-21.682728,-9.999374,6.198828,15.316328,-17.975626,8.803667
72,3.745911,0.963184,97.579048,-4.110574,-0.624935,95.426804,-14.692666,3.052536,140.168549,13.372467,-3.460079,140.34343,-14.373494,-2.74921,88.937454,16.085398,1.329693,83.223953,-18.909746,-3.090324,52.049809,18.356234,9.265945,46.596451,-16.635574,-15.761154,14.103986,11.617378,-19.129732,21.178259,-21.770481,-9.039642,6.117683,15.294136,-16.900673,8.781173
72.5,3.751597,0.906239,97.570679,-4.204056,-0.600727,95.411072,-14.69841,2.849308,140.152283,13.256146,-3.515648,140.328415,-14.346121,-2.673836,88.943275,16.007776,1.328766,83.203857,-18.950672,-2.589478,52.028866,18.295261,9.873207,46.717926,-16.800352,-14.909809,13.974549,11.58753,-18.267536,21.03443,-21.865599,-8.055927,6.040415,15.270687,-15.765041,8.719404
73,3.754246,0.849407,97.558121,-4.290823,-0.577248,95.394455,-14.713261,2.644287,140.127106,13.145809,-3.573933,140.3125,-14.31547,-2.595367,88.944847,15.939489,1.320225,83.18396,-18.978271,-2.093658,52.009941,18.229273,10.464275,46.848053,-16.973362,-14.041451,13.844977,11.548221,-17.371119,20.849712,-21.965296,-7.051674,5.967507,15.254835,-14.575401,8.637277
73.5,3.757282,0.793148,97.542862,-4.360539,-0.55439,95.380646,-14.72195,2.444439,140.099655,13.047363,-3.637775,140.295349,-14.28635,-2.520016,88.94236,15.882463,1.307205,83.171272,-18.99428,-1.605465,51.992981,18.168936,11.039135,46.985638,-17.146055,-13.15448,13.712907,11.500258,-16.439869,20.621336,-22.074436,-6.028683,5.904982,15.246525,-13.344818,8.5265
74,3.760231,0.7379,97.524643,-4.419912,-0.532074,95.367561,-14.73086,2.245209,140.066956,12.955411,-3.703518,140.277695,-14.256461,-2.443821,88.935684,15.84053,1.289127,83.161469,-18.99629,-1.122215,51.978374,18.104052,11.59388,47.133255,-17.323721,-12.253128,13.582505,11.447302,-15.474716,20.351837,-22.189445,-4.988564,5.851306,15.24999,-12.055862,8.395982
74.5,3.763211,0.683521,97.505447,-4.465257,-0.510872,95.358047,-14.727986,2.050369,140.033737,12.868799,-3.775558,140.261169,-14.232103,-2.374702,88.923294,15.808266,1.269016,83.158836,-18.9881,-0.641613,51.967564,18.04302,12.128525,47.28455,-17.496128,-11.336967,13.4531,11.386769,-14.482056,20.049372,-22.307146,-3.937382,5.811065,15.266802,-10.743473,8.248335
75,3.768753,0.630634,97.484718,-4.498595,-0.49052,95.350327,-14.716816,1.859074,139.999176,12.789361,-3.848564,140.243958,-14.20868,-2.306824,88.906822,15.791195,1.247719,83.161224,-18.967524,-0.165714,51.957687,17.978224,12.637012,47.443325,-17.667425,-10.409527,13.325864,11.327339,-13.455868,19.705704,-22.427538,-2.871738,5.78189,15.292179,-9.370632,8.077507
75.5,3.772677,0.578354,97.463882,-4.524424,-0.472137,95.345299,-14.696477,1.669846,139.963699,12.710494,-3.924835,140.229477,-14.192813,-2.247917,88.883163,15.778721,1.226151,83.168106,-18.938208,0.30983,51.951935,17.912678,13.120499,47.600708,-17.82486,-9.47282,13.202745,11.263036,-12.40873,19.339865,-22.537157,-1.802685,5.765024,15.330608,-7.982464,7.89893
76,3.779293,0.52721,97.44249,-4.539569,-0.455303,95.341995,-14.665292,1.48579,139.928909,12.639497,-4.001556,140.21315,-14.178925,-2.191849,88.855247,15.775488,1.206612,83.180016,-18.900482,0.780777,51.945332,17.845091,13.572781,47.75906,-17.973179,-8.528305,13.081619,11.204647,-11.329304,18.937828,-22.642029,-0.723137,5.758567,15.368273,-6.542919,7.69504
76.5,3.78316,0.475868,97.42012,-4.553288,-0.441242,95.339447,-14.63554,1.301689,139.890198,12.569447,-4.076138,140.199371,-14.169575,-2.143944,88.819839,15.771635,1.187145,83.192863,-18.855774,1.248585,51.940411,17.773684,13.995975,47.912132,-18.10043,-7.579372,12.965919,11.14568,-10.230503,18.521692,-22.724382,0.356621,5.760796,15.410738,-5.085476,7.487811
77,3.787138,0.424561,97.397049,-4.559759,-0.429565,95.337387,-14.601259,1.121754,139.850906,12.508848,-4.150486,140.182236,-14.16246,-2.099785,88.779633,15.76869,1.170097,83.208649,-18.807852,1.710953,51.933529,17.701412,14.386593,48.058422,-18.210812,-6.626423,12.851972,11.094128,-9.101402,18.079884,-22.792608,1.441063,5.77043,15.443926,-3.590153,7.259353
77.5,3.787575,0.372013,97.371033,-4.567845,-0.420853,95.333984,-14.581367,0.941093,139.80394,12.45417,-4.217957,140.165344,-14.154808,-2.061504,88.732544,15.762104,1.152313,83.222275,-18.755663,2.16576,51.92548,17.626881,14.747681,48.198124,-18.294125,-5.673069,12.74404,11.047294,-7.950096,17.630661,-22.83152,2.523079,5.78509,15.468777,-2.072754,7.028713
78,3.784879,0.318211,97.342941,-4.571865,-0.415123,95.32946,-14.569345,0.761742,139.752457,12.412549,-4.283531,140.144165,-14.148535,-2.027122,88.680153,15.750988,1.134075,83.23642,-18.705017,2.61269,51.915173,17.552509,15.078362,48.326046,-18.355709,-4.719364,12.637631,11.006858,-6.769562,17.16737,-22.849447,3.603722,5.803761,15.47994,-0.526222,6.785912
78.5,3.778318,0.262455,97.309868,-4.576915,-0.411694,95.32222,-14.580573,0.582596,139.690781,12.383179,-4.340561,140.119781,-14.138065,-1.996307,88.621941,15.736202,1.113831,83.246574,-18.653755,3.048851,51.901936,17.480829,15.383675,48.448452,-18.387266,-3.768944,12.537537,10.975898,-5.563282,16.703457,-22.83791,4.677799,5.825121,15.472591,1.042,6.542789
79,3.766743,0.204617,97.272964,-4.579574,-0.41106,95.312706,-14.611027,0.402298,139.62059,12.370863,-4.39307,140.091461,-14.127775,-1.969273,88.558426,15.717094,1.089043,83.255341,-18.606972,3.474274,51.887146,17.411407,15.664169,48.558666,-18.395176,-2.821808,12.439127,10.950028,-4.330051,16.236841,-22.803089,5.744442,5.848461,15.452543,2.633301,6.300007
79.5,3.751761,0.144951,97.230049,-4.580189,-0.411427,95.300385,-14.664029,0.224342,139.540558,12.374826,-4.438663,140.05719,-14.11346,-1.944641,88.490021,15.69689,1.061378,83.260002,-18.563454,3.888813,51.869431,17.349308,15.925697,48.665218,-18.373154,-1.882172,12.347226,10.936428,-3.070515,15.776052,-22.743042,6.797806,5.873569,15.413118,4.241371,6.061764
80,3.732105,0.083294,97.182327,-4.57842,-0.413395,95.285439,-14.739942,0.045227,139.450653,12.397795,-4.477066,140.02034,-14.09904,-1.923702,88.416931,15.677095,1.026733,83.261864,-18.524597,4.290527,51.851418,17.292458,16.169655,48.762936,-18.327868,-0.949547,12.257593,10.927693,-1.79018,15.322212,-22.66184,7.838078,5.900378,15.366879,5.86483,5.836403
80.5,3.710383,0.020832,97.129158,-4.571286,-0.414967,95.268799,-14.827521,-0.129101,139.354172,12.43631,-4.51162,139.97728,-14.084667,-1.905457,88.339569,15.660269,0.989616,83.260902,-18.491964,4.684143,51.831913,17.244173,16.39946,48.857311,-18.254297,-0.029789,12.174417,10.931567,-0.488468,14.879882,-22.560001,8.856308,5.928599,15.310532,7.497349,5.62372
81,3.685952,-0.042587,97.071732,-4.560934,-0.416233,95.249847,-14.931317,-0.301422,139.250488,12.49178,-4.537563,139.933075,-14.071748,-1.890678,88.258446,15.648968,0.946747,83.255699,-18.461256,5.064022,51.812817,17.203299,16.618065,48.946999,-18.159206,0.879074,12.09418,10.941065,0.822704,14.451471,-22.441311,9.856628,5.958905,15.25638,9.132576,5.432994
81.5,3.66118,-0.1054,97.010757,-4.543606,-0.416161,95.230736,-15.031163,-0.467213,139.144806,12.557705,-4.56155,139.885269,-14.064696,-1.879616,88.173431,15.644926,0.903503,83.249184,-18.437662,5.439098,51.794037,17.168337,16.822678,49.030571,-18.037706,1.768867,12.01981,10.96144,2.14497,14.039209,-22.304113,10.826389,5.989817,15.206415,10.768181,5.264394
82,3.63583,-0.16761,96.947449,-4.522494,-0.413898,95.20977,-15.132999,-0.626057,139.037689,12.634315,-4.577549,139.836792,-14.062454,-1.871292,88.085411,15.647734,0.859352,83.236618,-18.411118,5.800659,51.77486,17.14007,17.019592,49.111214,-17.896437,2.643536,11.94866,10.98829,3.461784,13.645143,-22.153662,11.77404,6.022281,15.168179,12.389153,5.121336
82.5,3.611157,-0.228165,96.883041,-4.495127,-0.410114,95.189568,-15.218484,-0.777531,138.932526,12.715137,-4.590626,139.788849,-14.07095,-1.866951,87.993927,15.661064,0.81823,83.223236,-18.389307,6.157646,51.756516,17.113226,17.197655,49.180206,-17.731411,3.493534,11.882219,11.023045,4.77655,13.270795,-21.984394,12.685955,6.053341,15.145933,14.00145,5.008169
83,3.587065,-0.286793,96.818321,-4.464299,-0.40303,95.167717,-15.292974,-0.918732,138.831024,12.798083,-4.597961,139.739426,-14.087431,-1.86412,87.899597,15.677589,0.782581,83.202042,-18.360468,6.50285,51.736023,17.088852,17.368279,49.244251,-17.546768,4.323578,11.818358,11.064629,6.071632,12.916989,-21.803343,13.571701,6.084427,15.142427,15.581406,4.918741
83.5,3.562844,-0.343678,96.754395,-4.429371,-0.394878,95.146179,-15.349179,-1.053047,138.733093,12.881913,-4.598816,139.69371,-14.116931,-1.863762,87.802208,15.705606,0.753517,83.178696,-18.329998,6.839386,51.714718,17.062408,17.513008,49.290516,-17.341957,5.124973,11.75759,11.110816,7.351898,12.585773,-21.603172,14.42075,6.111081,15.159317,17.14222,4.86323
84,3.539189,-0.398033,96.691322,-4.391673,-0.383495,95.122932,-15.38824,-1.176071,138.641129,12.961226,-4.595703,139.645218,-14.154942,-1.862968,87.701965,15.731392,0.734882,83.147102,-18.29212,7.165192,51.688869,17.032774,17.647705,49.327072,-17.119726,5.902637,11.698362,11.164146,8.604546,12.276336,-21.391176,15.241867,6.135855,15.196125,18.660118,4.826767
84.5,3.51277,-0.451508,96.629333,-4.352296,-0.37159,95.098061,-15.420336,-1.294273,138.550873,13.041967,-4.58289,139.599777,-14.204654,-1.861416,87.598648,15.76545,0.725426,83.110062,-18.244259,7.475796,51.658974,16.998943,17.753693,49.342354,-16.881451,6.648895,11.640335,11.218846,9.830208,11.992247,-21.162489,16.027763,6.15367,15.251698,20.141884,4.822855
85,3.485784,-0.502903,96.568138,-4.310316,-0.357513,95.071327,-15.438578,-1.403042,138.465286,13.117864,-4.56562,139.550858,-14.260975,-1.857479,87.492867,15.794941,0.727352,83.066658,-18.191618,7.776039,51.622749,16.958271,17.84671,49.343906,-16.631813,7.370491,11.583046,11.280556,11.028976,11.729478,-20.922979,16.787331,6.16821,15.320601,21.580986,4.833103
85.5,3.452916,-0.55455,96.506516,-4.267645,-0.34306,95.040649,-15.469582,-1.509552,138.376923,13.198947,-4.536678,139.500885,-14.324105,-1.848694,87.383591,15.826643,0.738914,83.014771,-18.123402,8.055153,51.579224,16.913843,17.914795,49.325443,-16.372499,8.058933,11.525076,11.342914,12.192497,11.494839,-20.673548,17.513992,6.175666,15.404343,22.966774,4.870648
86,3.417897,-0.605412,96.444695,-4.221965,-0.327557,95.007896,-15.497058,-1.610405,138.289566,13.280074,-4.501202,139.447372,-14.390486,-1.8367,87.272507,15.855808,0.759327,82.959267,-18.052725,8.324306,51.52874,16.861891,17.969475,49.292282,-16.109749,8.723644,11.467946,11.410478,13.332329,11.279821,-20.415903,18.217384,6.179166,15.491718,24.312675,4.919282
86.5,3.375141,-0.657063,96.379974,-4.17397,-0.311092,94.969803,-15.555353,-1.710457,138.194748,13.372547,-4.452579,139.387665,-14.457006,-1.816551,87.1576,15.882183,0.787682,82.895035,-17.967344,8.570148,51.469574,16.808872,18.008759,49.244705,-15.847384,9.354286,11.408509,11.481067,14.432484,11.094057,-20.158842,18.889793,6.178537,15.58893,25.593948,4.988352
87,3.328919,-0.709408,96.313889,-4.122446,-0.294125,94.929474,-15.622418,-1.809078,138.096893,13.471473,-4.395386,139.324707,-14.523667,-1.793674,87.041565,15.91057,0.820801,82.82946,-17.879627,8.807137,51.403961,16.749846,18.037605,49.185085,-15.588909,9.963051,11.350623,11.553365,15.509285,10.925034,-19.897194,19.541847,6.173653,15.682783,26.834839,5.067026
87.5,3.275477,-0.762009,96.242874,-4.065079,-0.274765,94.883835,-15.726579,-1.905907,137.989517,13.587414,-4.323498,139.251892,-14.584802,-1.761871,86.921814,15.935064,0.859653,82.757996,-17.784245,9.02346,51.330753,16.692558,18.062843,49.118126,-15.343398,10.536705,11.289178,11.631495,16.540863,10.782196,-19.646744,20.163162,6.168807,15.780464,28.004402,5.158202
88,3.217901,-0.816219,96.169724,-4.003996,-0.254646,94.83596,-15.849314,-2.004608,137.876129,13.713625,-4.242153,139.176193,-14.64439,-1.72847,86.801399,15.965534,0.900043,82.686035,-17.685104,9.233067,51.252865,16.631931,18.082504,49.043545,-15.10602,11.089077,11.229668,11.707521,17.543625,10.652739,-19.395433,20.764297,6.159407,15.873899,29.128357,5.257985
88.5,3.155545,-0.869438,96.09137,-3.933616,-0.230221,94.783806,-15.999578,-2.098091,137.755402,13.859112,-4.144417,139.08992,-14.69664,-1.688381,86.677933,15.995165,0.945713,82.612236,-17.586399,9.427208,51.168877,16.573452,18.107269,48.966015,-14.893368,11.605072,11.165631,11.788486,18.489334,10.540457,-19.160328,21.333549,6.151134,15.963202,30.174347,5.360364
89,3.089455,-0.923786,96.010811,-3.859869,-0.204266,94.729446,-16.170788,-2.194016,137.628052,14.013906,-4.037693,139.001053,-14.74721,-1.647232,86.553856,16.031858,0.992252,82.53717,-17.484215,9.617126,51.083061,16.514717,18.130768,48.884182,-14.69012,12.099403,11.102139,11.865026,19.395554,10.438508,-18.927977,21.881012,6.138165,16.052217,31.166611,5.468929
89.5,3.02134,-0.975792,95.926758,-3.775475,-0.172272,94.671844,-16.348804,-2.280258,137.49881,14.185455,-3.913437,138.903473,-14.794322,-1.602909,86.427422,16.07247,1.046799,82.462654,-17.385248,9.795135,50.990723,16.455097,18.161194,48.798134,-14.516632,12.554531,11.032676,11.939154,20.225204,10.339706,-18.708286,22.392647,6.121502,16.126644,32.070564,5.567205
90,2.950312,-1.027702,95.840973,-3.688417,-0.138046,94.611839,-16.543396,-2.3671,137.364517,14.361593,-3.781425,138.803513,-14.840355,-1.557404,86.300163,16.118279,1.104424,82.385033,-17.285435,9.970295,50.898582,16.398424,18.192024,48.707855,-14.35239,12.986359,10.961458,12.009005,21.002777,10.248802,-18.492689,22.879578,6.098657,16.204632,32.912674,5.666111
90.5,2.878577,-1.076328,95.754204,-3.592268,-0.096893,94.548752,-16.72525,-2.440826,137.233398,14.548223,-3.632298,138.697601,-14.890654,-1.511127,86.170769,16.170971,1.175346,82.30687,-17.186556,10.132755,50.797821,16.33613,18.224998,48.606941,-14.213157,13.372459,10.881423,12.063864,21.681374,10.146192,-18.280561,23.321846,6.062016,16.25625,33.653015,5.739458
91,2.804757,-1.123634,95.666435,-3.494073,-0.053337,94.482628,-16.914568,-2.511711,137.100327,14.734514,-3.47657,138.589325,-14.940953,-1.462746,86.040092,16.225853,1.253479,82.223587,-17.089725,10.2911,50.69651,16.279619,18.256882,48.498428,-14.082732,13.733894,10.797386,12.116341,22.296982,10.049181,-18.071245,23.737144,6.016163,16.30999,34.324982,5.804356
91.5,2.729106,-1.167599,95.579407,-3.390307,-0.003075,94.412773,-17.08378,-2.56826,136.972168,14.92429,-3.306232,138.477173,-15.002951,-1.413273,85.906837,16.286669,1.350147,82.135826,-16.989967,10.431068,50.5835,16.215124,18.284241,48.372131,-13.96532,14.040112,10.700885,12.141587,22.797874,9.930798,-17.855658,24.095154,5.944136,16.327463,34.884071,5.829149
92,2.651925,-1.209564,95.492035,-3.284624,0.049137,94.338799,-17.250792,-2.618465,136.845276,15.112329,-3.129906,138.362198,-15.066271,-1.360191,85.771675,16.347738,1.458443,82.041534,-16.89332,10.563309,50.466427,16.157715,18.307114,48.233253,-13.855952,14.320793,10.599235,12.165862,23.228439,9.814994,-17.64035,24.424667,5.859854,16.338636,35.369278,5.834482
92.5,2.569864,-1.249077,95.405281,-3.176639,0.10704,94.260361,-17.406189,-2.655052,136.720978,15.299845,-2.942524,138.244354,-15.144274,-1.303181,85.633057,16.410936,1.587982,81.938698,-16.792904,10.669098,50.334858,16.097031,18.322777,48.074039,-13.746502,14.536011,10.482631,12.158779,23.540726,9.678485,-17.414045,24.682999,5.739306,16.309011,35.735909,5.789548
93,2.486446,-1.28656,95.318626,-3.066463,0.166225,94.177299,-17.553196,-2.683132,136.59993,15.488707,-2.75032,138.122604,-15.224702,-1.241016,85.492188,16.473833,1.730663,81.829735,-16.694342,10.763214,50.195126,16.040506,18.332535,47.900631,-13.643644,14.725208,10.361479,12.148606,23.786514,9.539817,-17.186279,24.911743,5.605879,16.262426,36.031441,5.718021
93.5,2.394991,-1.322929,95.230804,-2.954843,0.230072,94.090271,-17.707304,-2.698902,136.476868,15.679201,-2.550087,137.998489,-15.316325,-1.171471,85.347122,16.535576,1.893211,81.711754,-16.597019,10.825031,50.039803,15.992455,18.340538,47.713219,-13.532939,14.840668,10.226436,12.114131,23.923874,9.390528,-16.950983,25.057182,5.43281,16.17717,36.209892,5.593639
94,2.301947,-1.357632,95.143425,-2.840689,0.294857,93.999191,-17.852438,-2.705982,136.3573,15.875101,-2.346306,137.86969,-15.410709,-1.095966,85.200348,16.597467,2.067066,81.589447,-16.499632,10.873428,49.874813,15.944315,18.344589,47.514565,-13.426715,14.929947,10.089128,12.074703,24.005486,9.23736,-16.714828,25.17247,5.250348,16.071026,36.325142,5.443428
94.5,2.199442,-1.392059,95.052971,-2.72288,0.364182,93.90731,-18.021862,-2.700924,136.232147,16.080593,-2.136116,137.7397,-15.507648,-1.011044,85.04982,16.658266,2.254787,81.463936,-16.413256,10.889771,49.695751,15.917419,18.360809,47.318497,-13.31383,14.940346,9.944122,12.026026,23.999939,9.087618,-16.481977,25.195587,5.034344,15.936365,36.333549,5.248816
95,2.095007,-1.425434,94.963242,-2.602402,0.434612,93.813095,-18.187588,-2.689285,136.109009,16.293818,-1.923264,137.605484,-15.606386,-0.921719,84.899384,16.720366,2.44976,81.336876,-16.327866,10.895821,49.511086,15.887869,18.377373,47.117683,-13.20297,14.927147,9.799776,11.972585,23.952477,8.935505,-16.25156,25.191696,4.815704,15.785021,36.291107,5.035757
95.5,1.982034,-1.458092,94.87056,-2.474216,0.510906,93.72451,-18.38389,-2.664181,135.980255,16.525478,-1.70364,137.473267,-15.697609,-0.824142,84.748344,16.785559,2.649452,81.218307,-16.265444,10.878273,49.318676,15.886787,18.423309,46.942253,-13.094265,14.833519,9.658691,11.927547,23.842056,8.799907,-16.039114,25.091522,4.579722,15.624601,36.157684,4.798894
96,1.866954,-1.490204,94.778923,-2.343585,0.588753,93.635956,-18.582445,-2.63522,135.85202,16.764277,-1.481773,137.338715,-15.789405,-0.725101,84.599365,16.853167,2.851948,81.101082,-16.206888,10.855736,49.126595,15.88335,18.473686,46.769207,-12.986782,14.721237,9.52043,11.879902,23.703697,8.664956,-15.832541,24.970474,4.346742,15.456526,35.988831,4.553781
96.5,1.745636,-1.519806,94.687874,-2.201683,0.674835,93.561996,-18.805277,-2.591335,135.722046,17.025179,-1.250896,137.21225,-15.866784,-0.623272,84.456764,16.930809,3.049564,81.006668,-16.18347,10.825119,48.939934,15.906818,18.564842,46.642555,-12.893389,14.531662,9.398303,11.854856,23.520256,8.554803,-15.658057,24.756493,4.11935,15.304945,35.74688,4.313713
97,1.622405,-1.549065,94.598206,-2.057892,0.762722,93.490143,-19.033096,-2.545681,135.592072,17.290451,-1.017967,137.085968,-15.944065,-0.52253,84.317406,17.01125,3.246792,80.915611,-16.165823,10.793823,48.757668,15.930176,18.661903,46.522755,-12.801619,14.329636,9.279682,11.829861,23.320572,8.447674,-15.49067,24.52906,3.897402,15.1542,35.484665,4.073958
97.5,1.494709,-1.573257,94.516006,-1.901824,0.860962,93.442566,-19.270866,-2.485104,135.466919,17.572977,-0.772919,136.976471,-16.007299,-0.427479,84.194565,17.108458,3.431648,80.859688,-16.19281,10.770676,48.598511,15.971949,18.796509,46.460159,-12.734468,14.058563,9.187534,11.833789,23.082848,8.367254,-15.364778,24.220741,3.703288,15.0438,35.167068,3.868261
98,1.365707,-1.597103,94.43528,-1.744599,0.960701,93.397972,-19.512632,-2.423874,135.342072,17.856853,-0.526173,136.869019,-16.070396,-0.33456,84.07489,17.207903,3.614872,80.80751,-16.22504,10.7486,48.444332,16.015636,18.935303,46.404625,-12.669291,13.781059,9.098203,11.839227,22.837135,8.290261,-15.244476,23.90583,3.513911,14.938227,34.840805,3.666952
98.5,1.232076,-1.613449,94.370522,-1.577339,1.070881,93.385727,-19.749887,-2.350052,135.22934,18.146282,-0.265072,136.788193,-16.128511,-0.255562,83.982368,17.32736,3.781506,80.796844,-16.305155,10.743027,48.329239,16.067879,19.089638,46.401936,-12.634275,13.447395,9.039205,11.870766,22.551491,8.236508,-15.167974,23.529587,3.366516,14.885769,34.4757,3.519658
99,1.097912,-1.629475,94.306877,-1.409603,1.181805,93.375832,-19.98842,-2.27599,135.117249,18.435453,-0.002945,136.70961,-16.186672,-0.17812,83.891846,17.447931,3.946857,80.788765,-16.388025,10.738132,48.21703,16.122095,19.245064,46.40324,-12.600801,13.111614,8.981736,11.903435,22.262779,8.184752,-15.094127,23.15139,3.221609,14.837179,34.108292,3.376248
99.5,0.95722,-1.636475,94.266624,-1.236384,1.299866,93.40287,-20.214745,-2.19371,135.023361,18.717596,0.272991,136.666412,-16.255064,-0.118996,83.836014,17.586128,4.094101,80.821053,-16.513023,10.744263,48.15107,16.179087,19.378555,46.438938,-12.596282,12.735619,8.95054,11.952193,21.929939,8.150055,-15.059473,22.735222,3.120965,14.837458,33.71653,3.291482
,,,,,,,,,,,,,,,,,,,,,,,,,,,,,,,,,,,,
Link,0.007106,0.116112,95.563858,0,0,95.565193,-21.257967,1.064743,136.435806,20.686077,-0.867725,139.186081,-17.489912,-1.949741,85.525528,18.966833,1.643532,82.820602,-17.787905,-0.707279,49.0952,17.112259,6.728184,46.494598,-13.526866,-9.485672,11.294677,11.691551,-3.67564,11.032709,-17.073244,-1.171288,4.527811,15.139008,5.80822,4.016986
Static,0,0,96.68998,0,0,96.68998,-22.449482,-1.552586,140.038376,20.495604,0.062378,141.002869,-16.820757,1.283485,84.886375,18.445337,1.668152,84.759514,-13.926839,-0.947395,48.17535,15.065534,0.681259,46.738617,-9.54845,-4.318981,8.741798,11.282807,-4.593346,8.269884,-12.39177,5.430553,2.511266,12.71112,7.103504,2.274916
