[Gait],,,,,,,,,,,,,,,,,,,,,,,,,,,,,,,,,,,,
氏名,周期,歩行率,立脚,%,遊脚,%,両足支持,%,ストライド,ステップ,歩隔,,,,,,,,,,,,,,,,,,,,,,,,,
Group1(R),0,0,0,0,0,0,0,0,0,0,0,,,,,,,,,,,,,,,,,,,,,,,,,
SD,0,0,0,0,0,0,0,0,0,0,0,,,,,,,,,,,,,,,,,,,,,,,,,
CV,0,0,0,0,0,0,0,0,0,0,0,,,,,,,,,,,,,,,,,,,,,,,,,
Group1(L),0,0,0,0,0,0,0,0,0,0,0,,,,,,,,,,,,,,,,,,,,,,,,,
SD,0,0,0,0,0,0,0,0,0,0,0,,,,,,,,,,,,,,,,,,,,,,,,,
CV,0,0,0,0,0,0,0,0,0,0,0,,,,,,,,,,,,,,,,,,,,,,,,,
[Data],,,,,,,,,,,,,,,,,,,,,,,,,,,,,,,,,,,,
Cycle(%),重心[x](cm),重心[y](cm),重心[z](cm),重心[x](cm),重心[y](cm),重心[z](cm),左肩峰[x](cm),左肩峰[y](cm),左肩峰[z](cm),右肩峰[x](cm),右肩峰[y](cm),右肩峰[z](cm),左股関節[x](cm),左股関節[y](cm),左股関節[z](cm),右股関節[x](cm),右股関節[y](cm),右股関節[z](cm),左膝関節[x](cm),左膝関節[y](cm),左膝関節[z](cm),右膝関節[x](cm),右膝関節[y](cm),右膝関節[z](cm),左足関節[x](cm),左足関節[y](cm),左足関節[z](cm),右足関節[x](cm),右足関節[y](cm),右足関節[z](cm),左第5MP[x](cm),左第5MP[y](cm),左第5MP[z](cm),右第5MP[x](cm),右第5MP[y](cm),右第5MP[z](cm)
0,-3.69557956,1.8130015,92.3427,-3.69557956,1.8130015,92.3427,-20.55849956,11.5788015,132.206,18.93500044,5.1290015,138.747,-25.01699956,-5.4037985,82.868,13.39460044,-2.1364985,78.0533,-23.81509956,-13.7401985,45.7434,12.27250044,11.6485015,42.6449,-20.81589956,-18.3075985,6.10945,8.50000044,6.4204015,4.74591,-24.08299956,-9.1194985,1.16855,11.22300044,14.3927015,1.35725
0.5,-3.59535956,1.8051015,92.304,-3.59535956,1.8051015,92.304,-20.42059956,11.5933015,132.199,19.10880044,5.1557015,138.677,-24.91979956,-5.3631985,82.8618,13.47450044,-2.0903985,77.9898,-23.75529956,-13.7798985,45.7683,12.26430044,11.5148015,42.5162,-20.80839956,-18.5479985,6.15085,8.45480044,6.2304015,4.64807,-24.06919956,-9.3783985,1.17024,11.27470044,14.1589015,1.25475
1,-3.49498956,1.7972015,92.2656,-3.49498956,1.7972015,92.2656,-20.28249956,11.6081015,132.192,19.28270044,5.1825015,138.608,-24.82259956,-5.3227985,82.8557,13.55460044,-2.0444985,77.9265,-23.69549956,-13.8193985,45.7933,12.25630044,11.3815015,42.3881,-20.80089956,-18.7884985,6.19241,8.41000044,6.0392015,4.55093,-24.05559956,-9.6373985,1.17215,11.32690044,13.9238015,1.15299
1.5,-3.38195956,1.7925015,92.2475,-3.38195956,1.7925015,92.2475,-20.11679956,11.6410015,132.204,19.47200044,5.2122015,138.549,-24.72319956,-5.2828985,82.8682,13.64140044,-2.0123985,77.8866,-23.63419956,-13.8482985,45.8315,12.26330044,11.2882015,42.3047,-20.79649956,-19.0301985,6.25172,8.38800044,5.7907015,4.50356,-24.04409956,-9.9030985,1.17852,11.39150044,13.6296015,1.10079
2,-3.26766956,1.7882015,92.2315,-3.26766956,1.7882015,92.2315,-19.94839956,11.6757015,132.219,19.66250044,5.2421015,138.491,-24.62329956,-5.2433985,82.8825,13.72880044,-1.9814985,77.849,-23.57289956,-13.8761985,45.8706,12.27230044,11.1985015,42.2256,-20.79289956,-19.2717985,6.31257,8.36870044,5.5381015,4.46077,-24.03289956,-10.1688985,1.1853,11.45710044,13.3314015,1.05303
2.5,-3.14269956,1.7871015,92.2344,-3.14269956,1.7871015,92.2344,-19.75959956,11.7295015,132.249,19.86420044,5.2738015,138.446,-24.52049956,-5.2095985,82.9164,13.82420044,-1.9610985,77.8346,-23.50509956,-13.8988985,45.9228,12.29590044,11.1303015,42.1824,-20.78979956,-19.5142985,6.38939,8.36900044,5.2783015,4.45141,-24.02439956,-10.4405985,1.19701,11.51640044,13.0288015,1.04005
3,-3.01527956,1.7867015,92.2413,-3.01527956,1.7867015,92.2413,-19.56559956,11.7874015,132.281,20.06830044,5.3057015,138.405,-24.41649956,-5.1771985,82.9544,13.92080044,-1.9428985,77.8252,-23.43669956,-13.9199985,45.9773,12.32340044,11.0660015,42.1463,-20.78779956,-19.7563985,6.4697,8.37390044,5.0187015,4.44863,-24.01589956,-10.7129985,1.20941,11.57400044,12.7272015,1.03339
3.5,-2.87999956,1.7876015,92.2635,-2.87999956,1.7876015,92.2635,-19.35959956,11.8592015,132.326,20.28080044,5.3371015,138.377,-24.30889956,-5.1530985,83.0108,14.02400044,-1.9304985,77.8354,-23.35959956,-13.9365985,46.0429,12.36290044,10.9966015,42.1308,-20.78549956,-19.9961985,6.56191,8.39080044,4.7735015,4.45982,-24.00769956,-10.9868985,1.22592,11.61550044,12.4472015,1.04253
4,-2.74181956,1.7889015,92.291,-2.74181956,1.7889015,92.291,-19.14819956,11.9357015,132.374,20.49620044,5.3685015,138.355,-24.19939956,-5.1318985,83.0736,14.12900044,-1.9201985,77.8529,-23.28099956,-13.9503985,46.112,12.40700044,10.9245015,42.1216,-20.78379956,-20.2342985,6.659,8.41120044,4.5345015,4.47515,-23.99869956,-11.2612985,1.24357,11.65070044,12.1757015,1.05565
4.5,-2.59856956,1.7890015,92.3294,-2.59856956,1.7890015,92.3294,-18.93079956,12.0182015,132.431,20.71830044,5.3981015,138.345,-24.08639956,-5.1181985,83.1517,14.23740044,-1.9122985,77.8848,-23.19529956,-13.9558985,46.1887,12.45970044,10.8261015,42.1185,-20.78269956,-20.4669985,6.76393,8.43620044,4.3092015,4.48888,-23.98619956,-11.5327985,1.26396,11.67030044,11.9275015,1.06936
5,-2.45286956,1.7887015,92.3735,-2.45286956,1.7887015,92.3735,-18.70989956,12.1037015,132.494,20.94370044,5.4273015,138.34,-23.97129956,-5.1081985,83.2374,14.34790044,-1.9056985,77.9246,-23.10789956,-13.9553985,46.2695,12.51620044,10.7133015,42.1176,-20.78189956,-20.6955985,6.874,8.46110044,4.0908015,4.50091,-23.97159956,-11.8032985,1.28615,11.68140044,11.6901015,1.08194
5.5,-2.30435956,1.7860015,92.4246,-2.30435956,1.7860015,92.4246,-18.48599956,12.1880015,132.565,21.17410044,5.4549015,138.344,-23.85349956,-5.1022985,83.3343,14.45930044,-1.9001985,77.9739,-23.01809956,-13.9402985,46.354,12.57810044,10.5673015,42.1143,-20.78359956,-20.9171985,6.98951,8.48560044,3.8753015,4.504,-23.95089956,-12.0689985,1.31019,11.68420044,11.4648015,1.08779
6,-2.15430956,1.7817015,92.4808,-2.15430956,1.7817015,92.4808,-18.26079956,12.2712015,132.644,21.40810044,5.4822015,138.353,-23.73449956,-5.0991985,83.439,14.57240044,-1.8956985,78.03,-22.92769956,-13.9134985,46.4417,12.64190044,10.3961015,42.1084,-20.78619956,-21.1327985,7.10946,8.50670044,3.6602015,4.49974,-23.92689956,-12.3317985,1.33682,11.68120044,11.2450015,1.08814
6.5,-2.00320956,1.7755015,92.5413,-2.00320956,1.7755015,92.5413,-18.03399956,12.3494015,132.73,21.64460044,5.5095015,138.368,-23.61379956,-5.0962985,83.5506,14.68580044,-1.8931985,78.0915,-22.84039956,-13.8669985,46.5298,12.70870044,10.1978015,42.0984,-20.79299956,-21.3421985,7.23422,8.52530044,3.4384015,4.48705,-23.89759956,-12.5908985,1.36542,11.67740044,11.0244015,1.08162
7,-1.85134956,1.7670015,92.6058,-1.85134956,1.7670015,92.6058,-17.80649956,12.4218015,132.825,21.88490044,5.5373015,138.385,-23.49339956,-5.0937985,83.6684,14.80000044,-1.8923985,78.1577,-22.75459956,-13.8017985,46.6181,12.77570044,9.9728015,42.0842,-20.80269956,-21.5453985,7.36242,8.53960044,3.2078015,4.46583,-23.86569956,-12.8462985,1.39741,11.67470044,10.7996015,1.06932
7.5,-1.69976956,1.7578015,92.6729,-1.69976956,1.7578015,92.6729,-17.57819956,12.4883015,132.926,22.12500044,5.5669015,138.405,-23.37259956,-5.0885985,83.7896,14.91520044,-1.8953985,78.2263,-22.67589956,-13.7135985,46.7043,12.84380044,9.7317015,42.0682,-20.81809956,-21.7439985,7.49542,8.55110044,2.9662015,4.44066,-23.83269956,-13.1005985,1.43232,11.67600044,10.5660015,1.05357
8,-1.54787956,1.7470015,92.7422,-1.54787956,1.7470015,92.7422,-17.34789956,12.5467015,133.035,22.36770044,5.5980015,138.425,-23.25329956,-5.0812985,83.9138,15.03110044,-1.9015985,78.2966,-22.60139956,-13.6023985,46.787,12.91130044,9.4749015,42.0508,-20.83889956,-21.9390985,7.63154,8.56080044,2.7124015,4.41172,-23.80069956,-13.3523985,1.47106,11.68330044,10.3223015,1.03594
8.5,-1.39710956,1.7365015,92.8128,-1.39710956,1.7365015,92.8128,-17.11759956,12.5996015,133.148,22.60860044,5.6315015,138.446,-23.13479956,-5.0703985,84.0384,15.14860044,-1.9128985,78.3674,-22.53469956,-13.4669985,46.865,12.97900044,9.2131015,42.035,-20.86719956,-22.1314985,7.77179,8.56850044,2.4492015,4.38405,-23.77389956,-13.6050985,1.51364,11.69600044,10.0680015,1.01893
9,-1.24645956,1.7256015,92.8842,-1.24645956,1.7256015,92.8842,-16.88399956,12.6449015,133.266,22.84990044,5.6669015,138.467,-23.01839956,-5.0567985,84.1629,15.26700044,-1.9290985,78.4376,-22.47399956,-13.3058985,46.9364,13.04590044,8.9484015,42.0218,-20.90379956,-22.3222985,7.91581,8.57700044,2.1770015,4.35877,-23.75319956,-13.8570985,1.56031,11.71500044,9.8041015,1.00419
9.5,-1.09712956,1.7154015,92.955,-1.09712956,1.7154015,92.955,-16.65049956,12.6850015,133.385,23.08900044,5.7039015,138.486,-22.90349956,-5.0408985,84.285,15.38700044,-1.9504985,78.5066,-22.41879956,-13.1204985,47,13.11260044,8.6874015,42.0128,-20.94989956,-22.5120985,8.06295,8.58520044,1.9015015,4.33871,-23.74409956,-14.1106985,1.6111,11.73750044,9.5338015,0.992819
10,-0.94857956,1.7058015,93.0252,-0.94857956,1.7058015,93.0252,-16.41389956,12.7193015,133.506,23.32630044,5.7421015,138.505,-22.79059956,-5.0236985,84.4046,15.50750044,-1.9774985,78.5735,-22.36939956,-12.9083985,47.0552,13.17880044,8.4329015,42.009,-21.00679956,-22.7003985,8.21445,8.59500044,1.6244015,4.32516,-23.74599956,-14.3641985,1.66573,11.76280044,9.2596015,0.985751
10.5,-0.80120956,1.6966015,93.0929,-0.80120956,1.6966015,93.0929,-16.17709956,12.7482015,133.623,23.56150044,5.7797015,138.52,-22.67909956,-5.0075985,84.519,15.62900044,-2.0087985,78.6379,-22.32199956,-12.6699985,47.0996,13.24440044,8.1861015,42.0097,-21.07559956,-22.8870985,8.3692,8.60630044,1.3509015,4.31779,-23.76319956,-14.6179985,1.72452,11.78760044,8.9857015,0.982273
11,-0.65522956,1.6882015,93.1584,-0.65522956,1.6882015,93.1584,-15.93909956,12.7727015,133.738,23.79440044,5.8167015,138.535,-22.56889956,-4.9927985,84.6293,15.74970044,-2.0450985,78.6991,-22.27809956,-12.4047985,47.1346,13.31020044,7.9484015,42.0151,-21.15679956,-23.0704985,8.52839,8.61800044,1.0831015,4.31719,-23.79429956,-14.8706985,1.78645,11.81050044,8.7146015,0.982253
11.5,-0.51054956,1.6799015,93.2196,-0.51054956,1.6799015,93.2196,-15.70129956,12.7907015,133.846,24.02450044,5.8508015,138.545,-22.45939956,-4.9828985,84.7319,15.87090044,-2.0841985,78.7567,-22.23319956,-12.1073985,47.1567,13.37470044,7.7178015,42.0228,-21.25219956,-23.2481985,8.69333,8.63160044,0.8233015,4.32059,-23.84059956,-15.1201985,1.85329,11.82940044,8.4496015,0.983832
12,-0.36741956,1.6719015,93.277,-0.36741956,1.6719015,93.277,-15.46499956,12.8047015,133.948,24.25410044,5.8824015,138.553,-22.35049956,-4.9772985,84.8296,15.98950044,-2.1266985,78.8107,-22.18869956,-11.7822985,47.1691,13.43980044,7.4932015,42.0321,-21.36019956,-23.4196985,8.86276,8.64390044,0.5724015,4.32763,-23.90029956,-15.3666985,1.9227,11.84350044,8.1917015,0.986165
12.5,-0.22644956,1.6637015,93.3289,-0.22644956,1.6637015,93.3289,-15.23099956,12.8107015,134.042,24.47860044,5.9091015,138.557,-22.24129956,-4.9788985,84.9176,16.10850044,-2.1707985,78.8601,-22.14239956,-11.4169985,47.1688,13.50340044,7.2729015,42.0402,-21.48399956,-23.5778985,9.04273,8.65650044,0.3299015,4.3347,-23.97189956,-15.6046985,1.99914,11.85220044,7.9416015,0.987395
13,-0.08686956,1.6553015,93.3756,-0.08686956,1.6553015,93.3756,-15.00109956,12.8111015,134.128,24.70460044,5.9319015,138.556,-22.13219956,-4.9870985,84.9996,16.22490044,-2.2165985,78.9058,-22.09359956,-11.0184985,47.1582,13.56760044,7.0537015,42.046,-21.62019956,-23.7251985,9.22922,8.66740044,0.0946015,4.34094,-24.05369956,-15.8367985,2.07933,11.85580044,7.6989015,0.986644
13.5,0.04969044,1.6469015,93.4166,0.04969044,1.6469015,93.4166,-14.77630956,12.8030015,134.206,24.92370044,5.9493015,138.551,-22.02199956,-5.0012985,85.0719,16.34150044,-2.2638985,78.9463,-22.04449956,-10.5771985,47.1384,13.63080044,6.8362015,42.0475,-21.77039956,-23.8519985,9.43018,8.67610044,-0.1362985,4.34361,-24.14249956,-16.0559985,2.16912,11.85660044,7.4610015,0.983316
14,0.18461044,1.6382015,93.4517,0.18461044,1.6382015,93.4517,-14.55845956,12.7868015,134.274,25.14360044,5.9624015,138.541,-21.91149956,-5.0224985,85.1365,16.45790044,-2.3120985,78.9827,-21.99269956,-10.0930985,47.1084,13.69460044,6.6169015,42.0436,-21.93349956,-23.9605985,9.64306,8.68360044,-0.3647985,4.34173,-24.23689956,-16.2645985,2.26648,11.85470044,7.2272015,0.976714
14.5,0.31674044,1.6298015,93.4822,0.31674044,1.6298015,93.4822,-14.34687956,12.7629015,134.336,25.35740044,5.9715015,138.527,-21.79979956,-5.0458985,85.1934,16.57500044,-2.3622985,79.0144,-21.94249956,-9.5735985,47.0744,13.75900044,6.3990015,42.0348,-22.10489956,-24.0464985,9.87048,8.68800044,-0.5939985,4.33568,-24.33469956,-16.4589985,2.37519,11.85370044,6.9933015,0.96846
15,0.44641044,1.6217015,93.5069,0.44641044,1.6217015,93.5069,-14.14518956,12.7286015,134.39,25.56830044,5.9760015,138.508,-21.68769956,-5.0738985,85.241,16.69510044,-2.4140985,79.0413,-21.89209956,-9.0036985,47.0328,13.82450044,6.1807015,42.0197,-22.28929956,-24.1049985,10.1167,8.69220044,-0.8259985,4.32371,-24.43419956,-16.6373985,2.49715,11.85410044,6.7587015,0.95778
15.5,0.57382044,1.6142015,93.5285,0.57382044,1.6142015,93.5285,-13.94957956,12.6883015,134.438,25.77380044,5.9783015,138.486,-21.57459956,-5.1002985,85.2831,16.81700044,-2.4688985,79.0646,-21.84479956,-8.4110985,46.9916,13.89190044,5.9652015,42.0012,-22.47599956,-24.1422985,10.3744,8.69390044,-1.0614985,4.30945,-24.53769956,-16.8016985,2.6312,11.85750044,6.5210015,0.947363
16,0.69803044,1.6075015,93.5454,0.69803044,1.6075015,93.5454,-13.76574956,12.6368015,134.479,25.97200044,5.9759015,138.459,-21.46069956,-5.1263985,85.3157,16.94480044,-2.5270985,79.0826,-21.80079956,-7.7717985,46.9489,13.96270044,5.7539015,41.9779,-22.67239956,-24.1448985,10.6548,8.69650044,-1.3027985,4.29102,-24.64209956,-16.9449985,2.78419,11.86600044,6.2786015,0.937258
16.5,0.82043044,1.6013015,93.5607,0.82043044,1.6013015,93.5607,-13.58701956,12.5817015,134.515,26.16500044,5.9726015,138.433,-21.34609956,-5.1490985,85.3446,17.07510044,-2.5888985,79.0982,-21.76029956,-7.1246985,46.9093,14.03560044,5.5465015,41.9533,-22.86759956,-24.1286985,10.941,8.69760044,-1.5471985,4.27273,-24.75349956,-17.0735985,2.94781,11.87690044,6.0333015,0.928724
17,0.93939044,1.5955015,93.5732,0.93939044,1.5955015,93.5732,-13.41991956,12.5160015,134.545,26.34710044,5.9637015,138.405,-21.23039956,-5.1658985,85.3656,17.21220044,-2.6564985,79.1088,-21.72529956,-6.4506985,46.8769,14.11490044,5.3482015,41.9269,-23.06469956,-24.0747985,11.2468,8.70040044,-1.7966985,4.25429,-24.87079956,-17.1763985,3.13396,11.89380044,5.7824015,0.923528
17.5,1.05660044,1.5897015,93.585,1.05660044,1.5897015,93.585,-13.25709956,12.4490015,134.57,26.52390044,5.9540015,138.379,-21.11389956,-5.1798985,85.3843,17.35120044,-2.7276985,79.1178,-21.69319956,-5.7808985,46.8489,14.19570044,5.1533015,41.9007,-23.26079956,-24.0033985,11.5526,8.70230044,-2.0470985,4.23732,-24.99729956,-17.2620985,3.32742,11.91130044,5.5308015,0.919876
18,1.17084044,1.5826015,93.5961,1.17084044,1.5826015,93.5961,-13.10320956,12.3739015,134.588,26.68850044,5.9372015,138.355,-20.99599956,-5.1849985,85.398,17.49560044,-2.8065985,79.1228,-21.66609956,-5.1193985,46.8361,14.28430044,4.9687015,41.8753,-23.44819956,-23.8952985,11.864,8.70580044,-2.2985985,4.22421,-25.14009956,-17.3152985,3.54163,11.93170044,5.2764015,0.920815
18.5,1.28315044,1.5747015,93.6071,1.28315044,1.5747015,93.6071,-12.95330956,12.2986015,134.602,26.84800044,5.9186015,138.334,-20.87659956,-5.1891985,85.4107,17.63990044,-2.8884985,79.127,-21.64079956,-4.4691985,46.8292,14.37410044,4.7857015,41.8505,-23.63629956,-23.7695985,12.1718,8.70840044,-2.5488985,4.21256,-25.29249956,-17.3481985,3.75983,11.95140044,5.0234015,0.922341
19,1.39312044,1.5625015,93.6188,1.39312044,1.5625015,93.6188,-12.80874956,12.2189015,134.611,26.99680044,5.8911015,138.319,-20.75569956,-5.1863985,85.4222,17.78570044,-2.9781985,79.1286,-21.61689956,-3.8670985,46.8417,14.46960044,4.6089015,41.8275,-23.80739956,-23.6083985,12.4624,8.71150044,-2.7960985,4.20635,-25.47079956,-17.3359985,3.98968,11.96870044,4.7720015,0.926945
19.5,1.50142044,1.5487015,93.6308,1.50142044,1.5487015,93.6308,-12.66763956,12.1391015,134.616,27.14190044,5.8607015,138.307,-20.63279956,-5.1845985,85.4343,17.92910044,-3.0705985,79.1298,-21.59349956,-3.2837985,46.8625,14.56620044,4.4319015,41.805,-23.97799956,-23.4280985,12.7449,8.71360044,-3.0408985,4.20117,-25.65909956,-17.2984985,4.22072,11.98450044,4.5231015,0.931132
20,1.60719044,1.5282015,93.644,1.60719044,1.5282015,93.644,-12.52979956,12.0584015,134.616,27.27820044,5.8199015,138.303,-20.50839956,-5.1823985,85.4485,18.06880044,-3.1685985,79.1301,-21.56739956,-2.7718985,46.9015,14.66330044,4.2535015,41.7832,-24.13099956,-23.2119985,12.9907,8.71440044,-3.2809985,4.19954,-25.87499956,-17.2021985,4.45024,11.99420044,4.2786015,0.934945
20.5,1.71189044,1.5049015,93.6581,1.71189044,1.5049015,93.6581,-12.39472956,11.9776015,134.615,27.41340044,5.7757015,138.301,-20.38199956,-5.1831985,85.4654,18.20460044,-3.2687985,79.1303,-21.53999956,-2.2900985,46.9509,14.76050044,4.0730015,41.7616,-24.27849956,-22.9731985,13.2195,8.71440044,-3.5187985,4.1987,-26.10179956,-17.0713985,4.67722,12.00150044,4.0362015,0.937402
21,1.81385044,1.4746015,93.6731,1.81385044,1.4746015,93.6731,-12.26206956,11.8980015,134.612,27.54290044,5.7222015,138.306,-20.25439956,-5.1904985,85.4869,18.33280044,-3.3718985,79.1307,-21.50809956,-1.8817985,47.0147,14.85300044,3.8857015,41.7393,-24.41389956,-22.6963985,13.4018,8.71190044,-3.7538985,4.19817,-26.34839956,-16.8700985,4.89022,12.00360044,3.7976015,0.937142
21.5,1.91470044,1.4406015,93.6893,1.91470044,1.4406015,93.6893,-12.13262956,11.8187015,134.609,27.67240044,5.6650015,138.312,-20.12579956,-5.2041985,85.5131,18.45630044,-3.4758985,79.1316,-21.47309956,-1.5127985,47.089,14.94270044,3.6944015,41.7169,-24.53839956,-22.3901985,13.5558,8.70890044,-3.9879985,4.19795,-26.60519956,-16.6206985,5.09504,12.00200044,3.5596015,0.934537
22,2.01321044,1.4009015,93.7062,2.01321044,1.4009015,93.7062,-12.00484956,11.7413015,134.606,27.80070044,5.6021015,138.322,-19.99699956,-5.2286985,85.5457,18.57100044,-3.5803985,79.133,-21.43439956,-1.2046985,47.1734,15.02460044,3.4959015,41.6934,-24.65649956,-22.0446985,13.6637,8.70410044,-4.2225985,4.19615,-26.86819956,-16.2964985,5.27776,11.99860044,3.3226015,0.929239
22.5,2.10962044,1.3579015,93.7242,2.10962044,1.3579015,93.7242,-11.88214956,11.6644015,134.605,27.92780044,5.5363015,138.333,-19.86889956,-5.2635985,85.5842,18.68120044,-3.6834985,79.1353,-21.39179956,-0.9360985,47.2663,15.09980044,3.2928015,41.6698,-24.76229956,-21.6593985,13.735,8.69900044,-4.4586985,4.19386,-27.13519956,-15.9077985,5.44484,11.99170044,3.0837015,0.921275
23,2.20448044,1.3116015,93.743,2.20448044,1.3116015,93.743,-11.76043956,11.5888015,134.607,28.05730044,5.4695015,138.344,-19.74229956,-5.3097985,85.6296,18.78400044,-3.7855985,79.1382,-21.34789956,-0.7081985,47.366,15.16620044,3.0857015,41.6463,-24.86379956,-21.2382985,13.7685,8.69350044,-4.6970985,4.19028,-27.39539956,-15.4511985,5.58846,11.98550044,2.8436015,0.912165
23.5,2.29590044,1.2636015,93.7626,2.29590044,1.2636015,93.7626,-11.64573956,11.5135015,134.611,28.18360044,5.4019015,138.356,-19.61859956,-5.3698985,85.6811,18.88290044,-3.8837985,79.1422,-21.30089956,-0.5092985,47.4713,15.22300044,2.8760015,41.6231,-24.95579956,-20.7662985,13.7643,8.68830044,-4.9393985,4.18564,-27.64609956,-14.9168985,5.70867,11.97770044,2.5990015,0.901478
24,2.38614044,1.2146015,93.7833,2.38614044,1.2146015,93.7833,-11.53223956,11.4382015,134.62,28.31270044,5.3369015,138.365,-19.49799956,-5.4394985,85.7388,18.97730044,-3.9800985,79.1467,-21.25469956,-0.3312985,47.5813,15.27170044,2.6661015,41.6017,-25.04099956,-20.2665985,13.7349,8.68360044,-5.1837985,4.18118,-27.88239956,-14.3319985,5.81051,11.97070044,2.3526015,0.890989
24.5,2.47229044,1.1660015,93.8042,2.47229044,1.1660015,93.8042,-11.42575956,11.3612015,134.63,28.43780044,5.2743015,138.373,-19.38279956,-5.5234985,85.8012,19.06790044,-4.0707985,79.1518,-21.20719956,-0.1624985,47.6952,15.31030044,2.4576015,41.5817,-25.12069956,-19.7114985,13.6764,8.68000044,-5.4328985,4.1759,-28.08999956,-13.6681985,5.88407,11.96480044,2.1007015,0.881325
25,2.55663044,1.1177015,93.8264,2.55663044,1.1177015,93.8264,-11.32228956,11.2831015,134.644,28.56260044,5.2154015,138.381,-19.27179956,-5.6148985,85.8683,19.15670044,-4.1587985,79.1574,-21.16099956,-0.0006985,47.8125,15.34200044,2.2507015,41.5641,-25.18879956,-19.1381985,13.6044,8.67630044,-5.6827985,4.17186,-28.28289956,-12.9748985,5.94768,11.95770044,1.8476015,0.871941
25.5,2.63750044,1.0717015,93.8484,2.63750044,1.0717015,93.8484,-11.22306956,11.1992015,134.66,28.68500044,5.1620015,138.384,-19.16869956,-5.7175985,85.937,19.24050044,-4.2411985,79.163,-21.11549956,0.1761015,47.9343,15.36610044,2.0489015,41.5491,-25.25109956,-18.5192985,13.5221,8.67440044,-5.9358985,4.16803,-28.42719956,-12.2229985,5.98527,11.95390044,1.5905015,0.865875
26,2.71542044,1.0261015,93.8714,2.71542044,1.0261015,93.8714,-11.12915956,11.1126015,134.677,28.80270044,5.1114015,138.387,-19.07059956,-5.8266985,86.008,19.32310044,-4.3200985,79.169,-21.06979956,0.3566015,48.059,15.38470044,1.8487015,41.5362,-25.29739956,-17.8887985,13.4364,8.67120044,-6.1886985,4.16536,-28.55589956,-11.4591985,6.01975,11.94760044,1.3329015,0.859606
26.5,2.79080044,0.9828015,93.8942,2.79080044,0.9828015,93.8942,-11.03632956,11.0165015,134.695,28.91900044,5.0660015,138.387,-18.98129956,-5.9401985,86.077,19.39970044,-4.3950985,79.1743,-21.02559956,0.5658015,48.1896,15.39940044,1.6536015,41.526,-25.33299956,-17.2389985,13.3601,8.66880044,-6.4416985,4.16367,-28.63279956,-10.6769985,6.0406,11.94380044,1.0748015,0.856972
27,2.86300044,0.9396015,93.9175,2.86300044,0.9396015,93.9175,-10.94905956,10.9150015,134.713,29.02950044,5.0226015,138.386,-18.89739956,-6.0590985,86.1453,19.47370044,-4.4667985,79.1798,-20.97959956,0.7897015,48.3235,15.41070044,1.4593015,41.5168,-25.34969956,-16.5845985,13.2913,8.66470044,-6.6941985,4.16238,-28.68879956,-9.8996985,6.06296,11.93830044,0.8166015,0.854181
27.5,2.93254044,0.8969015,93.9407,2.93254044,0.8969015,93.9407,-10.86199956,10.8021015,134.731,29.13650044,4.9802015,138.383,-18.82229956,-6.1757985,86.2087,19.54020044,-4.5364985,79.1843,-20.93419956,1.0445015,48.4639,15.42080044,1.2673015,41.509,-25.34769956,-15.9381985,13.2448,8.65940044,-6.9453985,4.16198,-28.70059956,-9.1423985,6.0864,11.93420044,0.5602015,0.853536
28,2.99975044,0.8536015,93.9638,2.99975044,0.8536015,93.9638,-10.77858956,10.6807015,134.75,29.24000044,4.9388015,138.379,-18.75289956,-6.2953985,86.2684,19.60220044,-4.6041985,79.1886,-20.88649956,1.3212015,48.6084,15.43010044,1.0748015,41.5011,-25.32549956,-15.2982985,13.2151,8.65280044,-7.1961985,4.16123,-28.68719956,-8.4077985,6.11559,11.93010044,0.3042015,0.853135
28.5,3.06389044,0.8086015,93.9873,3.06389044,0.8086015,93.9873,-10.69576956,10.5478015,134.77,29.33750044,4.8932015,138.374,-18.69179956,-6.4080985,86.3216,19.65590044,-4.6716985,79.1921,-20.83809956,1.6239015,48.7585,15.43990044,0.8817015,41.4931,-25.27759956,-14.6866985,13.213,8.64350044,-7.4463985,4.16092,-28.64249956,-7.7201985,6.15806,11.92760044,0.0499015,0.853147
29,3.12641044,0.7619015,94.0104,3.12641044,0.7619015,94.0104,-10.61474956,10.4043015,134.79,29.43320044,4.8464015,138.367,-18.63609956,-6.5195985,86.3689,19.70370044,-4.7389985,79.1952,-20.78839956,1.9488015,48.9122,15.45090044,0.6867015,41.4842,-25.21069956,-14.0919985,13.2314,8.63390044,-7.6968985,4.15979,-28.57299956,-7.0668985,6.20904,11.92650044,-0.2037985,0.853708
29.5,3.18607044,0.7122015,94.0342,3.18607044,0.7122015,94.0342,-10.53443956,10.2513015,134.814,29.52290044,4.7916015,138.36,-18.58799956,-6.6216985,86.4097,19.74390044,-4.8073985,79.1976,-20.73809956,2.2913015,49.0692,15.46350044,0.4901015,41.4742,-25.11529956,-13.5356985,13.2757,8.62190044,-7.9482985,4.15909,-28.48519956,-6.4719985,6.2795,11.92820044,-0.4569985,0.853849
30,3.24361044,0.6598015,94.0579,3.24361044,0.6598015,94.0579,-10.45600956,10.0879015,134.84,29.60920044,4.7319015,138.353,-18.54449956,-6.7179985,86.4439,19.77850044,-4.8766985,79.2,-20.68889956,2.6483015,49.2271,15.47800044,0.2906015,41.463,-25.00619956,-12.9993985,13.3359,8.60980044,-8.2010985,4.15749,-28.37929956,-5.9096985,6.35817,11.93190044,-0.7104985,0.854499
30.5,3.29947044,0.6043015,94.0821,3.29947044,0.6043015,94.0821,-10.37749956,9.9178015,134.871,29.69270044,4.6639015,138.345,-18.50779956,-6.8040985,86.4729,19.80750044,-4.9477985,79.2019,-20.64079956,3.0132015,49.3851,15.49470044,0.0905015,41.4508,-24.87099956,-12.5010985,13.4145,8.59760044,-8.4558985,4.15692,-28.26469956,-5.4013985,6.4549,11.93920044,-0.9644985,0.85491
31,3.35140044,0.5458015,94.1068,3.35140044,0.5458015,94.1068,-10.30306956,9.7403015,134.907,29.76730044,4.5865015,138.339,-18.47419956,-6.8807985,86.4964,19.83260044,-5.0199985,79.2042,-20.59659956,3.3785015,49.5389,15.51330044,-0.1121985,41.4377,-24.73239956,-12.0150985,13.4969,8.58510044,-8.7131985,4.15582,-28.14339956,-4.9091985,6.55562,11.94830044,-1.2202985,0.855511
31.5,3.40300044,0.4852015,94.1317,3.40300044,0.4852015,94.1317,-10.22773956,9.5597015,134.947,29.84370044,4.5028015,138.332,-18.44619956,-6.9481985,86.5163,19.85460044,-5.0935985,79.2064,-20.55599956,3.7411015,49.6894,15.53390044,-0.3145985,41.4243,-24.57639956,-11.5568985,13.5856,8.57460044,-8.9723985,4.15636,-28.01969956,-4.4525985,6.66602,11.96000044,-1.4765985,0.856297
32,3.44905044,0.4221015,94.1575,3.44905044,0.4221015,94.1575,-10.15891956,9.3763015,134.993,29.90600044,4.4069015,138.331,-18.41969956,-7.0042985,86.533,19.87550044,-5.1670985,79.2093,-20.52119956,4.0883015,49.83,15.55570044,-0.5177985,41.4109,-24.42869956,-11.0962985,13.6635,8.56350044,-9.2342985,4.15721,-27.90129956,-3.9880985,6.7733,11.97270044,-1.7359985,0.856972
32.5,3.49451044,0.3581015,94.1829,3.49451044,0.3581015,94.1829,-10.09058956,9.1937015,135.043,29.97060044,4.3067015,138.329,-18.39649956,-7.0528985,86.5477,19.89500044,-5.2407985,79.2126,-20.49149956,4.4196015,49.9628,15.57870044,-0.7206985,41.398,-24.27959956,-10.6438985,13.7311,8.55500044,-9.4973985,4.1595,-27.78609956,-3.5283985,6.87701,11.98530044,-1.9958985,0.857725
33,3.53532044,0.2930015,94.2086,3.53532044,0.2930015,94.2086,-10.02802956,9.0124015,135.096,30.02300044,4.1963015,138.333,-18.37379956,-7.0910985,86.5612,19.91590044,-5.3130985,79.2165,-20.46759956,4.7255015,50.0827,15.60240044,-0.9228985,41.3858,-24.14449956,-10.1774985,13.7784,8.54660044,-9.7618985,4.16317,-27.68319956,-3.0444985,6.97151,11.99730044,-2.2580985,0.858154
33.5,3.57383044,0.2282015,94.2334,3.57383044,0.2282015,94.2334,-9.96951956,8.8367015,135.151,30.07400044,4.0823015,138.34,-18.35089956,-7.1238985,86.5741,19.93630044,-5.3833985,79.2212,-20.44849956,5.0016015,50.1902,15.62550044,-1.1252985,41.3746,-24.02779956,-9.6953985,13.7989,8.53920044,-10.0266985,4.16732,-27.58969956,-2.5306985,7.04848,12.00640044,-2.5213985,0.858222
34,3.60922044,0.1631015,94.2572,3.60922044,0.1631015,94.2572,-9.91503956,8.6644015,135.207,30.11750044,3.9615015,138.351,-18.32839956,-7.1488985,86.5861,19.95870044,-5.4511985,79.2263,-20.43269956,5.2465015,50.2834,15.64850044,-1.3276985,41.3641,-23.92769956,-9.1934985,13.7937,8.53250044,-10.2914985,4.17294,-27.51159956,-1.9851985,7.11207,12.01340044,-2.7852985,0.857248
34.5,3.64106044,0.0993015,94.2792,3.64106044,0.0993015,94.2792,-9.86744956,8.5015015,135.261,30.15630044,3.8380015,138.365,-18.30279956,-7.1705985,86.5983,19.98120044,-5.5152985,79.232,-20.41929956,5.4528015,50.3617,15.66950044,-1.5305985,41.3545,-23.85949956,-8.6589985,13.753,8.52460044,-10.5562985,4.17809,-27.44819956,-1.3877985,7.15034,12.01600044,-3.0508985,0.855706
35,3.67079044,0.0357015,94.2989,3.67079044,0.0357015,94.2989,-9.82322956,8.3431015,135.312,30.19190044,3.7111015,138.383,-18.27689956,-7.1877985,86.6087,20.00400044,-5.5759985,79.2381,-20.40479956,5.6253015,50.4254,15.68910044,-1.7353985,41.345,-23.81069956,-8.1029985,13.6849,8.51740044,-10.8199985,4.18372,-27.39979956,-0.7566985,7.17218,12.01570044,-3.3160985,0.852442
35.5,3.69712044,-0.0262985,94.3158,3.69712044,-0.0262985,94.3158,-9.78586956,8.1953015,135.359,30.22270044,3.5825015,138.404,-18.24789956,-7.2031985,86.6186,20.02720044,-5.6321985,79.2441,-20.39009956,5.7599015,50.4747,15.70600044,-1.9403985,41.3358,-23.79379956,-7.5149985,13.5845,8.50820044,-11.0836985,4.18846,-27.36859956,-0.0771985,7.17093,12.01190044,-3.5827985,0.848726
36,3.72144044,-0.0880985,94.3292,3.72144044,-0.0880985,94.3292,-9.75300956,8.0525015,135.399,30.25220044,3.4525015,138.426,-18.21749956,-7.2169985,86.6254,20.04850044,-5.6846985,79.2504,-20.36999956,5.8618015,50.5102,15.72020044,-2.1477985,41.3261,-23.79919956,-6.9075985,13.4592,8.49870044,-11.3465985,4.19242,-27.34949956,0.6333015,7.15243,12.00600044,-3.8493985,0.843405
36.5,3.74342044,-0.1484985,94.3391,3.74342044,-0.1484985,94.3391,-9.72481956,7.9189015,135.434,30.27980044,3.3219015,138.449,-18.18679956,-7.2294985,86.6301,20.06980044,-5.7326985,79.2559,-20.34819956,5.9337015,50.534,15.73160044,-2.3548985,41.3157,-23.82619956,-6.2838985,13.3128,8.48810044,-11.6094985,4.19555,-27.34619956,1.3682015,7.11904,11.99870044,-4.1164985,0.837942
37,3.76305044,-0.2086985,94.3452,3.76305044,-0.2086985,94.3452,-9.70294956,7.7903015,135.461,30.30560044,3.1904015,138.472,-18.15399956,-7.2415985,86.6307,20.08830044,-5.7774985,79.2614,-20.31929956,5.9792015,50.5458,15.74030044,-2.5619985,41.3046,-23.87499956,-5.6484985,13.1492,8.47640044,-11.8724985,4.19742,-27.35069956,2.1239015,7.07133,11.99190044,-4.3846985,0.832063
37.5,3.78105044,-0.2681985,94.3475,3.78105044,-0.2681985,94.3475,-9.68352956,7.6679015,135.481,30.33240044,3.0592015,138.493,-18.12509956,-7.2525985,86.6274,20.10570044,-5.8178985,79.2655,-20.28929956,6.0056015,50.5493,15.74620044,-2.7675985,41.2916,-23.93139956,-5.0198985,12.9781,8.46510044,-12.1355985,4.19874,-27.36529956,2.8723015,7.01751,11.98560044,-4.6521985,0.826367
38,3.79660044,-0.3274985,94.3463,3.79660044,-0.3274985,94.3463,-9.67099956,7.5494015,135.495,30.35680044,2.9264015,138.514,-18.09529956,-7.2621985,86.6193,20.12100044,-5.8558985,79.2689,-20.25469956,6.0168015,50.544,15.75050044,-2.9687985,41.2783,-24.00219956,-4.3957985,12.8022,8.45280044,-12.3995985,4.19944,-27.38249956,3.6192015,6.9556,11.98250044,-4.9212985,0.821924
38.5,3.80979044,-0.3865985,94.342,3.80979044,-0.3865985,94.342,-9.66100956,7.4340015,135.503,30.38060044,2.7939015,138.532,-18.07219956,-7.2701985,86.6066,20.13420044,-5.8898985,79.271,-20.22119956,6.0189015,50.5329,15.75270044,-3.1664985,41.2626,-24.07089956,-3.7956985,12.6293,8.44180044,-12.6636985,4.19998,-27.40149956,4.3363015,6.89267,11.98120044,-5.1895985,0.818073
39,3.82057044,-0.4455985,94.335,3.82057044,-0.4455985,94.335,-9.65673956,7.3207015,135.508,30.40190044,2.6591015,138.548,-18.05179956,-7.2751985,86.5892,20.14660044,-5.9216985,79.2714,-20.18939956,6.0183015,50.5163,15.75470044,-3.3555985,41.2466,-24.14109956,-3.2224985,12.4637,8.43040044,-12.9285985,4.20102,-27.41699956,5.0215015,6.82744,11.98350044,-5.4585985,0.816421
39.5,3.82794044,-0.5046985,94.3261,3.82794044,-0.5046985,94.3261,-9.65618956,7.2077015,135.508,30.41850044,2.5241015,138.564,-18.03819956,-7.2774985,86.568,20.15690044,-5.9499985,79.2705,-20.16159956,6.0161015,50.4957,15.75550044,-3.5382985,41.229,-24.20469956,-2.6810985,12.3073,8.42020044,-13.1930985,4.20259,-27.42539956,5.6672015,6.76204,11.98790044,-5.7271985,0.815825
40,3.83220044,-0.5638985,94.3156,3.83220044,-0.5638985,94.3156,-9.66063956,7.0950015,135.506,30.43120044,2.3866015,138.577,-18.03069956,-7.2751985,86.5425,20.16700044,-5.9754985,79.2675,-20.14189956,6.0186015,50.4712,15.75710044,-3.7107985,41.2108,-24.25919956,-2.1835985,12.1641,8.40990044,-13.4577985,4.20546,-27.42479956,6.2583015,6.69595,11.99400044,-5.9953985,0.817212
40.5,3.83262044,-0.6229985,94.3044,3.83262044,-0.6229985,94.3044,-9.66922956,6.9809015,135.503,30.43590044,2.2489015,138.592,-18.02849956,-7.2690985,86.5146,20.17540044,-5.9980985,79.2629,-20.12919956,6.0238015,50.4438,15.75840044,-3.8753985,41.192,-24.30399956,-1.7213985,12.0324,8.40020044,-13.7217985,4.20932,-27.41049956,6.8054015,6.62843,12.00060044,-6.2633985,0.819547
41,3.82864044,-0.6823985,94.2923,3.82864044,-0.6823985,94.2923,-9.68335956,6.8660015,135.5,30.43330044,2.1089015,138.607,-18.03359956,-7.2573985,86.4834,20.18280044,-6.0170985,79.2561,-20.12809956,6.0334015,50.412,15.76040044,-4.0305985,41.1724,-24.33529956,-1.3080985,11.9124,8.39000044,-13.9849985,4.21468,-27.38309956,7.2910015,6.55743,12.00560044,-6.5306985,0.82287
41.5,3.82106044,-0.7417985,94.28,3.82106044,-0.7417985,94.28,-9.70109956,6.7489015,135.497,30.42190044,1.9693015,138.623,-18.04219956,-7.2412985,86.4507,20.18880044,-6.0331985,79.2474,-20.13519956,6.0464015,50.3775,15.76220044,-4.1791985,41.1527,-24.35489956,-0.9297985,11.8023,8.37930044,-14.2474985,4.22086,-27.33989956,7.7328015,6.48324,12.00900044,-6.7978985,0.82634
42,3.80826044,-0.8014985,94.2673,3.80826044,-0.8014985,94.2673,-9.72497956,6.6310015,135.494,30.39960044,1.8285015,138.642,-18.05589956,-7.2192985,86.4159,20.19270044,-6.0452985,79.2365,-20.15259956,6.0564015,50.3362,15.76360044,-4.3214985,41.1328,-24.36219956,-0.5941985,11.697,8.36710044,-14.5088985,4.22818,-27.28169956,8.1214015,6.40086,12.00770044,-7.0650985,0.829613
42.5,3.79237044,-0.8613985,94.2544,3.79237044,-0.8613985,94.2544,-9.75194956,6.5114015,135.493,30.36980044,1.6885015,138.662,-18.07139956,-7.1929985,86.3801,20.19430044,-6.0544985,79.2237,-20.17669956,6.0671015,50.2916,15.76430044,-4.4603985,41.1124,-24.35809956,-0.2888985,11.597,8.35380044,-14.7698985,4.23565,-27.21019956,8.4716015,6.31423,12.00290044,-7.3324985,0.832068
43,3.77181044,-0.9215985,94.2406,3.77181044,-0.9215985,94.2406,-9.78402956,6.3919015,135.491,30.32810044,1.5495015,138.685,-18.08829956,-7.1612985,86.3427,20.19280044,-6.0597985,79.2089,-20.20619956,6.0638015,50.2369,15.76250044,-4.5972985,41.0924,-24.34489956,-0.0141985,11.4933,8.33830044,-15.0304985,4.24352,-27.12499956,8.7848015,6.21611,11.99230044,-7.6010985,0.833387
43.5,3.74854044,-0.9818985,94.2262,3.74854044,-0.9818985,94.2262,-9.81954956,6.2722015,135.491,30.28070044,1.4111015,138.708,-18.10589956,-7.1259985,86.3041,20.18770044,-6.0620985,79.1925,-20.23819956,6.0559015,50.1776,15.75910044,-4.7340985,41.0717,-24.32329956,0.2392015,11.3892,8.32160044,-15.2913985,4.25093,-27.03189956,9.0712015,6.11382,11.97810044,-7.8702985,0.833534
44,3.72261044,-1.0423985,94.2097,3.72261044,-1.0423985,94.2097,-9.85706956,6.1542015,135.49,30.22440044,1.2762015,138.732,-18.12159956,-7.0860985,86.2636,20.17910044,-6.0606985,79.1741,-20.26929956,6.0244015,50.1053,15.75130044,-4.8732985,41.0518,-24.29499956,0.4735015,11.275,8.30280044,-15.5531985,4.25795,-26.92879956,9.3360015,6.00017,11.95940044,-8.1416985,0.832042
44.5,3.69438044,-1.1027985,94.1922,3.69438044,-1.1027985,94.1922,-9.89884956,6.0382015,135.488,30.16450044,1.1420015,138.756,-18.13729956,-7.0433985,86.2216,20.16640044,-6.0564985,79.1549,-20.29779956,5.9819015,50.0266,15.74090044,-5.0138985,41.0314,-24.26289956,0.6975015,11.1556,8.28320044,-15.8158985,4.26443,-26.82349956,9.5891015,5.88305,11.93830044,-8.4142985,0.829924
45,3.66559044,-1.1631985,94.1714,3.66559044,-1.1631985,94.1714,-9.93908956,5.9255015,135.485,30.10070044,1.0126015,138.778,-18.15089956,-6.9979985,86.1769,20.14960044,-6.0483985,79.1338,-20.32039956,5.9124015,49.9348,15.72530044,-5.1592985,41.0113,-24.22449956,0.9107015,11.0242,8.26280044,-16.0808985,4.27002,-26.71259956,9.8318015,5.75826,11.91680044,-8.6891985,0.826343
45.5,3.63541044,-1.2229985,94.1488,3.63541044,-1.2229985,94.1488,-9.98344956,5.8166015,135.481,30.03630044,0.8846015,138.798,-18.16429956,-6.9503985,86.1302,20.12940044,-6.0377985,79.1126,-20.33729956,5.8268015,49.8351,15.70680044,-5.3063985,40.9911,-24.18599956,1.1228015,10.8849,8.24210044,-16.3468985,4.27543,-26.60349956,10.0754015,5.63097,11.89480044,-8.9653985,0.823023
46,3.60546044,-1.2821985,94.1229,3.60546044,-1.2821985,94.1229,-10.02515956,5.7129015,135.474,29.97070044,0.7609015,138.814,-18.17789956,-6.9023985,86.0805,20.10550044,-6.0224985,79.0901,-20.34599956,5.7174015,49.7244,15.68350044,-5.4562985,40.9707,-24.14059956,1.3285015,10.7362,8.22240044,-16.6154985,4.28039,-26.49069956,10.3151015,5.50003,11.87710044,-9.2427985,0.819317
46.5,3.57513044,-1.3403985,94.0946,3.57513044,-1.3403985,94.0946,-10.06939956,5.6138015,135.464,29.90780044,0.6400015,138.827,-18.19259956,-6.8529985,86.0284,20.07950044,-6.0046985,79.0677,-20.34919956,5.5908015,49.6057,15.65730044,-5.6074985,40.9503,-24.09629956,1.5369015,10.58,8.20240044,-16.8852985,4.28545,-26.38139956,10.5617015,5.36762,11.86100044,-9.5212985,0.816441
47,3.54481044,-1.3970985,94.0634,3.54481044,-1.3970985,94.0634,-10.11258956,5.5211015,135.452,29.84490044,0.5227015,138.835,-18.21049956,-6.8052985,85.9735,20.05080044,-5.9813985,79.0445,-20.34519956,5.4480015,49.48,15.62830044,-5.7563985,40.9295,-24.04379956,1.7397015,10.4196,8.18500044,-17.1560985,4.29129,-26.26629956,10.8050015,5.23354,11.85170044,-9.7991985,0.814505
47.5,3.51420044,-1.4522985,94.0297,3.51420044,-1.4522985,94.0297,-10.15658956,5.4329015,135.437,29.78520044,0.4091015,138.84,-18.23199956,-6.7571985,85.9161,20.02140044,-5.9548985,79.0212,-20.33939956,5.2914015,49.3477,15.59650044,-5.9056985,40.9082,-23.99119956,1.9435015,10.2543,8.16660044,-17.4282985,4.29742,-26.15369956,11.0534015,5.09817,11.84590044,-10.0776985,0.813542
48,3.48304044,-1.5050985,93.9943,3.48304044,-1.5050985,93.9943,-10.20269956,5.3513015,135.419,29.72670044,0.2995015,138.841,-18.25899956,-6.7126985,85.8565,19.99050044,-5.9224985,78.9976,-20.32959956,5.1283015,49.2135,15.56390044,-6.0475985,40.8863,-23.92799956,2.1398015,10.0902,8.15160044,-17.6991985,4.3055,-26.03059956,11.2949015,4.96088,11.84570044,-10.3537985,0.814246
48.5,3.45037044,-1.5561985,93.9566,3.45037044,-1.5561985,93.9566,-10.24927956,5.2740015,135.398,29.66770044,0.1938015,138.84,-18.29149956,-6.6686985,85.7947,19.95950044,-5.8859985,78.9731,-20.32269956,4.9573015,49.0747,15.52910044,-6.1876985,40.8633,-23.86279956,2.3305015,9.92484,8.13450044,-17.9712985,4.31421,-25.90679956,11.5331015,4.82108,11.85000044,-10.6300985,0.815886
49,3.41669044,-1.6043985,93.918,3.41669044,-1.6043985,93.918,-10.30116956,5.2019015,135.376,29.61170044,0.0937015,138.835,-18.33039956,-6.6293985,85.7311,19.92760044,-5.8441985,78.9485,-20.31559956,4.7887015,48.9386,15.49430044,-6.3189985,40.8394,-23.78409956,2.5111015,9.76422,8.12000044,-18.2404985,4.32514,-25.76809956,11.7589015,4.6781,11.85570044,-10.9035985,0.818911
49.5,3.37955044,-1.6504985,93.878,3.37955044,-1.6504985,93.878,-10.35502956,5.1346015,135.351,29.54830044,-0.0023985,138.831,-18.37509956,-6.5910985,85.6661,19.89590044,-5.7971985,78.9219,-20.31469956,4.6177015,48.8002,15.45770044,-6.4450985,40.8141,-23.70159956,2.6775015,9.60579,8.10330044,-18.5098985,4.3375,-25.62479956,11.9695015,4.53056,11.86530044,-11.1767985,0.822875
50,3.34099044,-1.6939985,93.8376,3.34099044,-1.6939985,93.8376,-10.41633956,5.0701015,135.326,29.48930044,-0.0915985,138.824,-18.42519956,-6.5571985,85.5991,19.86230044,-5.7468985,78.8955,-20.31659956,4.4551015,48.6669,15.42080044,-6.5654985,40.7876,-23.60389956,2.8320015,9.45239,8.08680044,-18.7768985,4.35118,-25.46509956,12.1637015,4.37917,11.87170044,-11.4487985,0.827228
50.5,3.29750044,-1.7347985,93.7964,3.29750044,-1.7347985,93.7964,-10.48211956,5.0114015,135.298,29.41690044,-0.1759985,138.819,-18.47929956,-6.5241985,85.5309,19.82850044,-5.6909985,78.8661,-20.32449956,4.2937015,48.5332,15.38210044,-6.6775985,40.7602,-23.50089956,2.9643015,9.30373,8.06940044,-19.0426985,4.36741,-25.29829956,12.3310015,4.22203,11.87930044,-11.7199985,0.832516
51,3.25146044,-1.7736985,93.7548,3.25146044,-1.7736985,93.7548,-10.55685956,4.9541015,135.27,29.34610044,-0.2530985,138.813,-18.53669956,-6.4933985,85.4603,19.79110044,-5.6339985,78.8367,-20.33559956,4.1420015,48.4038,15.34180044,-6.7886985,40.7315,-23.38269956,3.0832015,9.15797,8.04980044,-19.3078985,4.38387,-25.11739956,12.4794015,4.06149,11.88130044,-11.9924985,0.83742
51.5,3.20109044,-1.8097985,93.7128,3.20109044,-1.8097985,93.7128,-10.63699956,4.9024015,135.241,29.26290044,-0.3245985,138.808,-18.59459956,-6.4628985,85.388,19.75250044,-5.5726985,78.8045,-20.34999956,3.9926015,48.2752,15.29980044,-6.8927985,40.7028,-23.25949956,3.1780015,9.017,8.03130044,-19.5711985,4.40296,-24.93219956,12.5968015,3.89713,11.88070044,-12.2644985,0.842536
52,3.14680044,-1.8446985,93.67,3.14680044,-1.8446985,93.67,-10.72645956,4.8524015,135.212,29.17440044,-0.3898985,138.802,-18.65329956,-6.4305985,85.3126,19.70920044,-5.5123985,78.7719,-20.36479956,3.8500015,48.1474,15.25530044,-6.9999985,40.6737,-23.12419956,3.2586015,8.87626,8.00970044,-19.8358985,4.42193,-24.73999956,12.6949015,3.73216,11.87520044,-12.5394985,0.847187
52.5,3.08918044,-1.8769985,93.6266,3.08918044,-1.8769985,93.6266,-10.82152956,4.8078015,135.182,29.07740044,-0.4492985,138.797,-18.71039956,-6.3971985,85.2349,19.66250044,-5.4494985,78.7375,-20.37999956,3.7085015,48.0204,15.20940044,-7.1030985,40.6449,-22.98539956,3.3180015,8.73831,7.99060044,-20.0992985,4.44293,-24.54769956,12.7652015,3.56612,11.86480044,-12.8148985,0.851324
53,3.02692044,-1.9080985,93.582,3.02692044,-1.9080985,93.582,-10.92509956,4.7661015,135.151,28.96900044,-0.5042985,138.792,-18.76599956,-6.3580985,85.1532,19.61080044,-5.3887985,78.7027,-20.39139956,3.5690015,47.8906,15.16120044,-7.2117985,40.6173,-22.83929956,3.3623015,8.5989,7.96990044,-20.3648985,4.46409,-24.35899956,12.8165015,3.40427,11.85220044,-13.0932985,0.855093
53.5,2.96193044,-1.9370985,93.5364,2.96193044,-1.9370985,93.5364,-11.03383956,4.7297015,135.118,28.85530044,-0.5543985,138.785,-18.82009956,-6.3159985,85.0688,19.55380044,-5.3270985,78.6674,-20.40099956,3.4289015,47.7603,15.11250044,-7.3192985,40.5903,-22.69259956,3.3914015,8.45988,7.95190044,-20.6302985,4.48654,-24.17459956,12.8480015,3.24404,11.83490044,-13.3729985,0.858055
54,2.89218044,-1.9647985,93.4895,2.89218044,-1.9647985,93.4895,-11.14971956,4.6979015,135.084,28.72750044,-0.6012985,138.778,-18.87219956,-6.2653985,84.9801,19.49210044,-5.2674985,78.632,-20.40439956,3.2861015,47.625,15.06280044,-7.4326985,40.5656,-22.54489956,3.4038015,8.31892,7.93510044,-20.8978985,4.50968,-24.00549956,12.8604015,3.09305,11.81830044,-13.6545985,0.860563
54.5,2.81966044,-1.9904985,93.4415,2.81966044,-1.9904985,93.4415,-11.26999956,4.6713015,135.047,28.59530044,-0.6451985,138.77,-18.92449956,-6.2102985,84.889,19.42440044,-5.2078985,78.597,-20.40509956,3.1415015,47.4879,15.01390044,-7.5464985,40.5417,-22.39879956,3.4071015,8.17692,7.92030044,-21.1659985,4.53368,-23.84349956,12.8617015,2.94556,11.79960044,-13.9372985,0.862478
55,2.74228044,-2.0143985,93.3922,2.74228044,-2.0143985,93.3922,-11.39668956,4.6508015,135.007,28.45000044,-0.6863985,138.762,-18.97659956,-6.1460985,84.7942,19.35180044,-5.1490985,78.5626,-20.40079956,2.9909015,47.3465,14.96620044,-7.6635985,40.5203,-22.25949956,3.3913015,8.0339,7.90910044,-21.4351985,4.55904,-23.70629956,12.8429015,2.81069,11.78410044,-14.2203985,0.863757
55.5,2.66185044,-2.0365985,93.342,2.66185044,-2.0365985,93.342,-11.52682956,4.6356015,134.964,28.29910044,-0.7263985,138.754,-19.03139956,-6.0764985,84.6979,19.27430044,-5.0906985,78.529,-20.39399956,2.8384015,47.2027,14.91980044,-7.7809985,40.4997,-22.12209956,3.3693015,7.88978,7.89870044,-21.7050985,4.58517,-23.57709956,12.8176015,2.68013,11.76930044,-14.5036985,0.864906
56,2.57591044,-2.0564985,93.2915,2.57591044,-2.0564985,93.2915,-11.66425956,4.6278015,134.917,28.13850044,-0.7633985,138.746,-19.08959956,-5.9996985,84.6005,19.19140044,-5.0311985,78.4966,-20.38779956,2.6781015,47.058,14.87690044,-7.8962985,40.4813,-21.99969956,3.3250015,7.74699,7.89330044,-21.9746985,4.61382,-23.47779956,12.7701015,2.56299,11.75900044,-14.7862985,0.865602
56.5,2.48687044,-2.0746985,93.2403,2.48687044,-2.0746985,93.2403,-11.80405956,4.6248015,134.867,27.97140044,-0.7997985,138.739,-19.15219956,-5.9181985,84.5025,19.10550044,-4.9716985,78.4647,-20.37999956,2.5162015,46.9116,14.83470044,-8.0106985,40.4635,-21.87819956,3.2728015,7.60397,7.88770044,-22.2444985,4.64334,-23.38619956,12.7148015,2.45024,11.75120044,-15.0679985,0.86654
57,2.39122044,-2.0900985,93.1904,2.39122044,-2.0900985,93.1904,-11.95351956,4.6308015,134.812,27.79810044,-0.8319985,138.734,-19.22189956,-5.8330985,84.408,19.01420044,-4.9097985,78.4343,-20.38029956,2.3453015,46.7697,14.79680044,-8.1154985,40.4473,-21.77759956,3.1954015,7.46588,7.88670044,-22.5123985,4.67737,-23.32349956,12.6352015,2.34948,11.74770044,-15.3481985,0.867955
57.5,2.29242044,-2.1039985,93.1408,2.29242044,-2.1039985,93.1408,-12.10553956,4.6415015,134.756,27.61920044,-0.8627985,138.731,-19.29689956,-5.7448985,84.3142,18.92100044,-4.8472985,78.4041,-20.38139956,2.1719015,46.6282,14.75850044,-8.2168985,40.4314,-21.67899956,3.1043015,7.32909,7.88570044,-22.7795985,4.71296,-23.26959956,12.5415015,2.25325,11.74690044,-15.6269985,0.869938
58,2.18703044,-2.1149985,93.0941,2.18703044,-2.1149985,93.0941,-12.26753956,4.6614015,134.695,27.43680044,-0.8878985,138.732,-19.38059956,-5.6578985,84.2283,18.82390044,-4.7820985,78.3753,-20.39549956,1.9889015,46.4963,14.72200044,-8.3026985,40.4167,-21.59919956,2.9876015,7.20047,7.88770044,-23.0434985,4.755,-23.23679956,12.4228015,2.16626,11.74850044,-15.9035985,0.873543
58.5,2.07828044,-2.1246985,93.0491,2.07828044,-2.1246985,93.0491,-12.43392956,4.6866015,134.634,27.25120044,-0.9104985,138.735,-19.46909956,-5.5703985,84.1461,18.72510044,-4.7159985,78.3468,-20.41419956,1.8003015,46.3684,14.68420044,-8.3812985,40.4024,-21.52549956,2.8511015,7.07536,7.89070044,-23.3056985,4.80033,-23.21409956,12.2840015,2.08387,11.75160044,-16.1789985,0.878243
59,1.96395044,-2.1317985,93.0085,1.96395044,-2.1317985,93.0085,-12.60888956,4.7207015,134.572,27.06500044,-0.9246985,138.742,-19.56599956,-5.4881985,84.0743,18.62360044,-4.6483985,78.3196,-20.44709956,1.6016015,46.2532,14.64390044,-8.4417985,40.3891,-21.46479956,2.6881015,6.96029,7.89610044,-23.5642985,4.85375,-23.20529956,12.1187015,2.00959,11.75490044,-16.4519985,0.885326
59.5,1.84630044,-2.1377985,92.9714,1.84630044,-2.1377985,92.9714,-12.78983956,4.7611015,134.51,26.87810044,-0.9351985,138.753,-19.66609956,-5.4084985,84.0099,18.52050044,-4.5800985,78.2938,-20.48779956,1.3926015,46.146,14.60150044,-8.4913985,40.377,-21.41359956,2.5035015,6.85122,7.90360044,-23.8199985,4.9129,-23.20579956,11.9319015,1.93969,11.75750044,-16.7235985,0.894065
60,1.72469044,-2.1416985,92.9396,1.72469044,-2.1416985,92.9396,-12.97695956,4.8094015,134.452,26.69350044,-0.9353985,138.767,-19.77259956,-5.3363985,83.9566,18.41470044,-4.5120985,78.2696,-20.54079956,1.1721015,46.0524,14.55290044,-8.5236985,40.3662,-21.37009956,2.2932015,6.75255,7.91440044,-24.0720985,4.9814,-23.21559956,11.7196015,1.87805,11.75880044,-16.9931985,0.905442
60.5,1.60021044,-2.1447985,92.9132,1.60021044,-2.1447985,92.9132,-13.16985956,4.8648015,134.395,26.50950044,-0.9300985,138.786,-19.88089956,-5.2700985,83.914,18.30720044,-4.4444985,78.2484,-20.60279956,0.9378015,45.97,14.50130044,-8.5428985,40.3575,-21.33569956,2.0637015,6.66199,7.92830044,-24.3207985,5.05811,-23.23239956,11.4883015,1.82101,11.75800044,-17.2607985,0.918741
61,1.47340044,-2.1463985,92.8927,1.47340044,-2.1463985,92.8927,-13.36651956,4.9269015,134.345,26.32960044,-0.9139985,138.807,-19.99279956,-5.2120985,83.8819,18.19650044,-4.3783985,78.2304,-20.67349956,0.6903015,45.9002,14.44300044,-8.5475985,40.3512,-21.30739956,1.8128015,6.58113,7.94770044,-24.5659985,5.1449,-23.25599956,11.2372015,1.77232,11.75500044,-17.5266985,0.934388
61.5,1.34453044,-2.1471985,92.8791,1.34453044,-2.1471985,92.8791,-13.56647956,4.9964015,134.3,26.15080044,-0.8899985,138.833,-20.10609956,-5.1622985,83.8617,18.08340044,-4.3146985,78.2171,-20.75169956,0.4285015,45.843,14.38040044,-8.5392985,40.3474,-21.28349956,1.5477015,6.50942,7.97070044,-24.8076985,5.24182,-23.28369956,10.9716015,1.72906,11.75020044,-17.7902985,0.95205
62,1.21438044,-2.1468985,92.872,1.21438044,-2.1468985,92.872,-13.76830956,5.0714015,134.263,25.97550044,-0.8563985,138.862,-20.22099956,-5.1204985,83.851,17.96620044,-4.2525985,78.209,-20.83539956,0.1529015,45.7968,14.31470044,-8.5199985,40.3475,-21.26729956,1.2692015,6.44646,8.00150044,-25.0455985,5.3488,-23.31659956,10.6958015,1.69294,11.74320044,-18.0518985,0.971277
62.5,1.08306044,-2.1453985,92.8722,1.08306044,-2.1453985,92.8722,-13.96958956,5.1530015,134.235,25.80100044,-0.8117985,138.894,-20.33809956,-5.0882985,83.8505,17.84530044,-4.1947985,78.2072,-20.92229956,-0.1335985,45.762,14.24400044,-8.4883985,40.3503,-21.24919956,0.9821015,6.39229,8.03620044,-25.2800985,5.46713,-23.35099956,10.4106015,1.66313,11.73630044,-18.3117985,0.99304
63,0.95079044,-2.1428985,92.8794,0.95079044,-2.1428985,92.8794,-14.17104956,5.2391015,134.214,25.62700044,-0.7588985,138.932,-20.45619956,-5.0637985,83.8583,17.71990044,-4.1381985,78.2126,-21.01239956,-0.4313985,45.737,14.17550044,-8.4490985,40.358,-21.23949956,0.6910015,6.34616,8.07940044,-25.5107985,5.59475,-23.38779956,10.1246015,1.63801,11.72820044,-18.5694985,1.01555
63.5,0.81797044,-2.1383985,92.8933,0.81797044,-2.1383985,92.8933,-14.36904956,5.3300015,134.205,25.45310044,-0.6931985,138.971,-20.57799956,-5.0482985,83.8726,17.58950044,-4.0863985,78.225,-21.10139956,-0.7342985,45.7202,14.10400044,-8.3968985,40.3683,-21.22529956,0.3965015,6.30718,8.12700044,-25.7371985,5.73393,-23.42469956,9.8349015,1.61867,11.72240044,-18.8261985,1.04187
64,0.68425044,-2.1321985,92.914,0.68425044,-2.1321985,92.914,-14.56534956,5.4247015,134.203,25.27630044,-0.6188985,139.017,-20.70189956,-5.0402985,83.8931,17.45490044,-4.0355985,78.2453,-21.19099956,-1.0411985,45.7117,14.03790044,-8.3382985,40.3837,-21.21539956,0.1051015,6.2753,8.18130044,-25.9598985,5.88139,-23.46019956,9.5491015,1.60161,11.71710044,-19.0812985,1.06922
64.5,0.54993044,-2.1232985,92.94,0.54993044,-2.1232985,92.94,-14.75790956,5.5223015,134.211,25.09770044,-0.5322985,139.065,-20.83039956,-5.0388985,83.9163,17.31520044,-3.9886985,78.2721,-21.27719956,-1.3475985,45.7077,13.97370044,-8.2654985,40.4017,-21.20289956,-0.1851985,6.24866,8.23970044,-26.1767985,6.03916,-23.49429956,9.2652015,1.58788,11.71530044,-19.3354985,1.1018
65,0.41478044,-2.1116985,92.9716,0.41478044,-2.1116985,92.9716,-14.94759956,5.6229015,134.227,24.91470044,-0.4357985,139.118,-20.96269956,-5.0445985,83.9423,17.17180044,-3.9428985,78.3059,-21.36139956,-1.6491985,45.7097,13.91490044,-8.1843985,40.4239,-21.18929956,-0.4703985,6.22773,8.30190044,-26.3893985,6.20481,-23.52469956,8.9846015,1.57507,11.71550044,-19.5893985,1.13726
65.5,0.27884044,-2.0964985,93.007,0.27884044,-2.0964985,93.007,-15.13449956,5.7252015,134.249,24.72750044,-0.3285985,139.174,-21.09979956,-5.0543985,83.9686,17.02510044,-3.8994985,78.3449,-21.44179956,-1.9448985,45.7138,13.86190044,-8.0871985,40.4485,-21.17459956,-0.7514985,6.21058,8.36660044,-26.5942985,6.37897,-23.55119956,8.7092015,1.56276,11.71890044,-19.8417985,1.17923
66,0.14226044,-2.0774985,93.0459,0.14226044,-2.0774985,93.0459,-15.31889956,5.8299015,134.278,24.53670044,-0.2108985,139.232,-21.24139956,-5.0689985,83.9943,16.87590044,-3.8574985,78.3888,-21.51849956,-2.2294985,45.7208,13.81360044,-7.9770985,40.4758,-21.15599956,-1.0287985,6.19725,8.43190044,-26.7931985,6.56114,-23.57399956,8.4346015,1.55084,11.72440044,-20.0945985,1.22684
66.5,0.00497044,-2.0543985,93.0868,0.00497044,-2.0543985,93.0868,-15.50189956,5.9358015,134.31,24.34040044,-0.0845985,139.293,-21.38659956,-5.0857985,84.0186,16.72620044,-3.8164985,78.4357,-21.59179956,-2.5035985,45.7284,13.77160044,-7.8492985,40.505,-21.13509956,-1.3018985,6.18629,8.49740044,-26.9829985,6.75011,-23.59049956,8.1644015,1.53769,11.73190044,-20.3451985,1.28174
67,-0.13264956,-2.0267985,93.1288,-0.13264956,-2.0267985,93.1288,-15.68409956,6.0436015,134.346,24.14210044,0.0505015,139.353,-21.53529956,-5.1034985,84.0399,16.57570044,-3.7769985,78.4849,-21.66109956,-2.7649985,45.7356,13.73380044,-7.7027985,40.535,-21.11109956,-1.5731985,6.1772,8.56070044,-27.1637985,6.94743,-23.60499956,7.8941015,1.52485,11.74030044,-20.5946985,1.34461
67.5,-0.27059956,-1.9950985,93.1708,-0.27059956,-1.9950985,93.1708,-15.86679956,6.1526015,134.38,23.93920044,0.1919015,139.416,-21.68559956,-5.1216985,84.0586,16.42740044,-3.7379985,78.535,-21.72779956,-3.0133985,45.7424,13.69980044,-7.5382985,40.5658,-21.08189956,-1.8425985,6.1689,8.62210044,-27.3344985,7.15078,-23.61269956,7.6246015,1.51098,11.74910044,-20.8413985,1.41482
68,-0.40852956,-1.9586985,93.2117,-0.40852956,-1.9586985,93.2117,-16.05049956,6.2632015,134.414,23.73480044,0.3382015,139.475,-21.83669956,-5.1365985,84.0735,16.28080044,-3.7000985,78.5849,-21.79159956,-3.2513985,45.7464,13.67060044,-7.3504985,40.5951,-21.05179956,-2.1112985,6.16067,8.67930044,-27.4929985,7.36268,-23.61979956,7.3556015,1.49736,11.75700044,-21.0837985,1.49379
68.5,-0.54633956,-1.9187985,93.2509,-0.54633956,-1.9187985,93.2509,-16.23659956,6.3751015,134.444,23.52880044,0.4877015,139.534,-21.98719956,-5.1497985,84.085,16.13730044,-3.6632985,78.6341,-21.85329956,-3.4778985,45.7491,13.64140044,-7.1457985,40.6239,-21.01549956,-2.3807985,6.1517,8.73350044,-27.6404985,7.58107,-23.62279956,7.0844015,1.4844,11.76410044,-21.3226985,1.57927
69,-0.68400956,-1.8746985,93.2872,-0.68400956,-1.8746985,93.2872,-16.42529956,6.4884015,134.469,23.31980044,0.6372015,139.59,-22.13519956,-5.1566985,84.0926,15.99780044,-3.6267985,78.6811,-21.91449956,-3.6978985,45.7479,13.61830044,-6.9152985,40.6488,-20.97949956,-2.6497985,6.14107,8.78250044,-27.7728985,7.80827,-23.62619956,6.8145015,1.47172,11.76960044,-21.5538985,1.67262
69.5,-0.82138956,-1.8277985,93.3207,-0.82138956,-1.8277985,93.3207,-16.61779956,6.6030015,134.489,23.11170044,0.7864015,139.643,-22.28089956,-5.1595985,84.0964,15.86080044,-3.5918985,78.7267,-21.97459956,-3.9104985,45.7444,13.59470044,-6.6677985,40.6719,-20.93939956,-2.9204985,6.12857,8.82840044,-27.8924985,8.04377,-23.62919956,6.5425015,1.46118,11.77390044,-21.7802985,1.7717
70,-0.95877956,-1.7779985,93.3503,-0.95877956,-1.7779985,93.3503,-16.81329956,6.7183015,134.5,22.89890044,0.9316015,139.693,-22.42239956,-5.1554985,84.0965,15.72830044,-3.5574985,78.7691,-22.03639956,-4.1203985,45.7374,13.57690044,-6.3962985,40.6896,-20.89949956,-3.1902985,6.11301,8.87010044,-27.9960985,8.28848,-23.63289956,6.2714015,1.45114,11.77740044,-21.9981985,1.87695
70.5,-1.09608956,-1.7259985,93.3765,-1.09608956,-1.7259985,93.3765,-17.01309956,6.8344015,134.506,22.68680044,1.0725015,139.738,-22.56049956,-5.1456985,84.0924,15.59730044,-3.5248985,78.8098,-22.09869956,-4.3282985,45.7275,13.56230044,-6.1052985,40.7038,-20.85979956,-3.4604985,6.09469,8.90900044,-28.0832985,8.54423,-23.63949956,6.0005015,1.44349,11.78040044,-22.2095985,1.98799
71,-1.23399956,-1.6718985,93.3989,-1.23399956,-1.6718985,93.3989,-17.21589956,6.9509015,134.502,22.46900044,1.2080015,139.782,-22.69489956,-5.1297985,84.0845,15.46900044,-3.4932985,78.847,-22.16419956,-4.5351985,45.7149,13.55400044,-5.7917985,40.7134,-20.82089956,-3.7293985,6.07294,8.94650044,-28.1538985,8.81093,-23.64689956,5.7301015,1.4364,11.78440044,-22.4139985,2.10501
71.5,-1.37218956,-1.6164985,93.4176,-1.37218956,-1.6164985,93.4176,-17.42179956,7.0671015,134.491,22.24920044,1.3359015,139.821,-22.82629956,-5.1082985,84.0717,15.34120044,-3.4636985,78.8818,-22.23259956,-4.7446985,45.6995,13.55480044,-5.4541985,40.719,-20.78649956,-3.9962985,6.04776,8.98220044,-28.2031985,9.092,-23.65849956,5.4623015,1.43055,11.78960044,-22.6109985,2.22996
72,-1.51174956,-1.5591985,93.4329,-1.51174956,-1.5591985,93.4329,-17.63099956,7.1836015,134.473,22.02410044,1.4591015,139.858,-22.95619956,-5.0826985,84.0549,15.21340044,-3.4358985,78.9133,-22.30509956,-4.9538985,45.6822,13.56330044,-5.0936985,40.722,-20.75489956,-4.2617985,6.01972,9.01930044,-28.2341985,9.38667,-23.67139956,5.1949015,1.42519,11.79710044,-22.8021985,2.36281
72.5,-1.65188956,-1.5005985,93.4446,-1.65188956,-1.5005985,93.4446,-17.84069956,7.2990015,134.447,21.79340044,1.5739015,139.891,-23.08489956,-5.0532985,84.0322,15.08580044,-3.4104985,78.9408,-22.38289956,-5.1676985,45.6625,13.58700044,-4.7011985,40.723,-20.73099956,-4.5229985,5.98816,9.05700044,-28.2368985,9.7,-23.68749956,4.9312015,1.41911,11.80720044,-22.9854985,2.50931
73,-1.79364956,-1.4401985,93.4536,-1.79364956,-1.4401985,93.4536,-18.05359956,7.4147015,134.416,21.55960044,1.6853015,139.921,-23.21479956,-5.0219985,84.0055,14.95630044,-3.3875985,78.9652,-22.46509956,-5.3818985,45.6417,13.62030044,-4.2846985,40.7242,-20.71219956,-4.7832985,5.95483,9.09700044,-28.2185985,10.0289,-23.70559956,4.6680015,1.41337,11.81980044,-23.1630985,2.6668
73.5,-1.93608956,-1.3776985,93.4587,-1.93608956,-1.3776985,93.4587,-18.26479956,7.5290015,134.376,21.31820044,1.7905015,139.948,-23.34609956,-4.9901985,83.972,14.82750044,-3.3681985,78.983,-22.55449956,-5.6002985,45.6187,13.67240044,-3.8257985,40.7284,-20.70319956,-5.0387985,5.91886,9.14100044,-28.1621985,10.3813,-23.72459956,4.4080015,1.40524,11.83440044,-23.3287985,2.8469
74,-2.07938956,-1.3134985,93.4617,-2.07938956,-1.3134985,93.4617,-18.47769956,7.6437015,134.333,21.07710044,1.8931015,139.97,-23.48009956,-4.9581985,83.935,14.69660044,-3.3511985,78.9975,-22.64849956,-5.8204985,45.595,13.73540044,-3.3419985,40.7352,-20.70049956,-5.2938985,5.88211,9.18620044,-28.0823985,10.7493,-23.74629956,4.1492015,1.39721,11.85040044,-23.4875985,3.04083
74.5,-2.22307956,-1.2458985,93.4603,-2.22307956,-1.2458985,93.4603,-18.68799956,7.7575015,134.28,20.83010044,1.9935015,139.986,-23.61799956,-4.9290985,83.891,14.56800044,-3.3392985,79.0027,-22.75039956,-6.0435985,45.5696,13.81670044,-2.8076985,40.7524,-20.70849956,-5.5455985,5.84465,9.23720044,-27.9520985,11.1438,-23.76709956,3.8922015,1.38641,11.86480044,-23.6229985,3.26652
75,-2.36591956,-1.1765985,93.4572,-2.36591956,-1.1765985,93.4572,-18.89739956,7.8719015,134.224,20.58720044,2.0914015,139.997,-23.75859956,-4.9010985,83.8446,14.43930044,-3.3291985,79.0041,-22.85649956,-6.2699985,45.5436,13.90880044,-2.2481985,40.7742,-20.72209956,-5.7975985,5.80698,9.28780044,-27.7966985,11.552,-23.79029956,3.6370015,1.37531,11.87880044,-23.7484985,3.50768
75.5,-2.50829956,-1.1031985,93.449,-2.50829956,-1.1031985,93.449,-19.10429956,7.9862015,134.157,20.34440044,2.1904015,139.999,-23.90389956,-4.8785985,83.7926,14.31460044,-3.3250985,78.9941,-22.97049956,-6.4983985,45.5167,14.01310044,-1.6384985,40.813,-20.74559956,-6.0489985,5.77103,9.34180044,-27.5794985,11.9835,-23.81289956,3.3822015,1.36269,11.88540044,-23.8303985,3.78445
76,-2.64766956,-1.0279985,93.4387,-2.64766956,-1.0279985,93.4387,-19.30729956,8.1010015,134.087,20.10920044,2.2867015,139.994,-24.05069956,-4.8581985,83.7392,14.19320044,-3.3222985,78.9791,-23.08799956,-6.7311985,45.489,14.12690044,-1.0022985,40.8597,-20.77299956,-6.3009985,5.73547,9.39420044,-27.3313985,12.4265,-23.83649956,3.1295015,1.34925,11.88880044,-23.8923985,4.07877
76.5,-2.78539956,-0.9494985,93.4239,-2.78539956,-0.9494985,93.4239,-19.50829956,8.2160015,134.006,19.88130044,2.3846015,139.98,-24.20019956,-4.8435985,83.6839,14.07660044,-3.3243985,78.954,-23.21129956,-6.9655985,45.4617,14.24230044,-0.3330985,40.9243,-20.80619956,-6.5548985,5.70296,9.44290044,-27.0243985,12.8785,-23.86129956,2.8764015,1.33645,11.88190044,-23.8937985,4.39915
77,-2.91851956,-0.8690985,93.4065,-2.91851956,-0.8690985,93.4065,-19.70299956,8.3313015,133.92,19.66400044,2.4800015,139.958,-24.34969956,-4.8321985,83.6282,13.96650044,-3.3275985,78.9228,-23.33719956,-7.2037985,45.4338,14.36240044,0.3601015,41.0007,-20.84119956,-6.8098985,5.67187,9.48820044,-26.6782985,13.3361,-23.88579956,2.6246015,1.32287,11.86840044,-23.8556985,4.73623
77.5,-3.04842956,-0.7871985,93.3856,-3.04842956,-0.7871985,93.3856,-19.89449956,8.4462015,133.825,19.46030044,2.5743015,139.927,-24.49839956,-4.8255985,83.5739,13.86110044,-3.3336985,78.8846,-23.46629956,-7.4430985,45.4075,14.47460044,1.0657015,41.0925,-20.87769956,-7.0670985,5.64376,9.52210044,-26.2820985,13.7856,-23.91269956,2.3734015,1.31114,11.84570044,-23.7456985,5.08431
78,-3.17312956,-0.7039985,93.3624,-3.17312956,-0.7039985,93.3624,-20.07869956,8.5604015,133.725,19.26900044,2.6659015,139.89,-24.64499956,-4.8226985,83.5211,13.76300044,-3.3401985,78.8409,-23.59619956,-7.6837985,45.3817,14.58270044,1.7823015,41.1982,-20.91319956,-7.3256985,5.6181,9.54830044,-25.8425985,14.2263,-23.93939956,2.1219015,1.29955,11.81560044,-23.5713985,5.44011
78.5,-3.29330956,-0.6210985,93.3371,-3.29330956,-0.6210985,93.3371,-20.25719956,8.6731015,133.62,19.09460044,2.7533015,139.846,-24.78799956,-4.8230985,83.4718,13.66880044,-3.3477985,78.7941,-23.72699956,-7.9234985,45.3583,14.67710044,2.4943015,41.3157,-20.94729956,-7.5850985,5.59468,9.55850044,-25.3640985,14.6439,-23.96799956,1.8722015,1.28957,11.78020044,-23.3218985,5.79158
79,-3.40833956,-0.5383985,93.3109,-3.40833956,-0.5383985,93.3109,-20.42699956,8.7834015,133.512,18.93370044,2.8369015,139.799,-24.92639956,-4.8272985,83.4261,13.58020044,-3.3547985,78.7449,-23.85579956,-8.1601985,45.3369,14.75650044,3.1963015,41.4467,-20.97799956,-7.8449985,5.57415,9.55430044,-24.8437985,15.0302,-23.99699956,1.6215015,1.28081,11.74110044,-22.9839985,6.13352
79.5,-3.51830956,-0.4568985,93.2843,-3.51830956,-0.4568985,93.2843,-20.58869956,8.8911015,133.403,18.78940044,2.9144015,139.749,-25.05999956,-4.8334985,83.3845,13.49410044,-3.3617985,78.6958,-23.98339956,-8.3927985,45.3182,14.82080044,3.8839015,41.5866,-21.00629956,-8.1037985,5.55521,9.53410044,-24.2949985,15.3842,-24.02659956,1.3727015,1.27266,11.70120044,-22.5757985,6.45976
80,-3.62304956,-0.3770985,93.2593,-3.62304956,-0.3770985,93.2593,-20.73849956,8.9942015,133.299,18.65890044,2.9866015,139.7,-25.18659956,-4.8429985,83.3483,13.41060044,-3.3673985,78.6496,-24.10599956,-8.6161985,45.3033,14.86040044,4.5405015,41.7382,-21.03089956,-8.3605985,5.53909,9.49370044,-23.7086985,15.68,-24.05639956,1.1242015,1.266,11.66550044,-22.0615985,6.75444
80.5,-3.72322956,-0.2988985,93.2352,-3.72322956,-0.2988985,93.2352,-20.87929956,9.0944015,133.198,18.54170044,3.0531015,139.651,-25.30909956,-4.8540985,83.3152,13.32800044,-3.3728985,78.6057,-24.22599956,-8.8329985,45.2908,14.88680044,5.1798015,41.8963,-21.05309956,-8.6156985,5.52421,9.44060044,-23.1021985,15.9412,-24.08549956,0.8761015,1.25927,11.63210044,-21.4878985,7.02811
81,-3.81713956,-0.2229985,93.2158,-3.81713956,-0.2229985,93.2158,-21.00319956,9.1885015,133.109,18.43870044,3.1136015,139.609,-25.42239956,-4.8678985,83.2885,13.24590044,-3.3768985,78.5705,-24.33789956,-9.0337985,45.2832,14.88320044,5.7751015,42.0651,-21.07319956,-8.8651985,5.51227,9.36630044,-22.4604985,16.1196,-24.11299956,0.6308015,1.2532,11.61100044,-20.8000985,7.24863
81.5,-3.90775356,-0.1483985,93.1982,-3.90775356,-0.1483985,93.1982,-21.11889956,9.2798015,133.026,18.34430044,3.1706015,139.569,-25.53299956,-4.8829985,83.2638,13.16320044,-3.3811985,78.5385,-24.44629956,-9.2272985,45.2774,14.86920044,6.3543015,42.2389,-21.09199956,-9.1135985,5.50139,9.28380044,-21.8043985,16.2658,-24.13969956,0.3844015,1.2472,11.59390044,-20.0658985,7.44773
82,-3.99012956,-0.0754985,93.1876,-3.99012956,-0.0754985,93.1876,-21.21299956,9.3654015,132.963,18.26460044,3.2227015,139.538,-25.63299956,-4.9007985,83.2453,13.08180044,-3.3845985,78.5199,-24.54349956,-9.4003985,45.2766,14.82690044,6.8886015,42.4227,-21.11099956,-9.3546985,5.49433,9.18640044,-21.1099985,16.3148,-24.16199956,0.1420015,1.24067,11.59150044,-19.2207985,7.57877
82.5,-4.07016956,-0.0033985,93.1796,-4.07016956,-0.0033985,93.1796,-21.29989956,9.4487015,132.908,18.18930044,3.2737015,139.511,-25.73079956,-4.9198985,83.2281,12.99970044,-3.3886985,78.5052,-24.63669956,-9.5664985,45.2772,14.77560044,7.4085015,42.6108,-21.12979956,-9.5949985,5.4885,9.08480044,-20.4023985,16.332,-24.18339956,-0.1015985,1.2346,11.59400044,-18.3370985,7.68736
83,-4.14045556,0.0682015,93.1787,-4.14045556,0.0682015,93.1787,-21.36479956,9.5283015,132.874,18.12820044,3.3231015,139.493,-25.81789956,-4.9422985,83.2155,12.92130044,-3.3928985,78.5042,-24.71699956,-9.7140985,45.2818,14.70460044,7.8928015,42.8072,-21.14939956,-9.8305985,5.48732,8.98020044,-19.6525985,16.2575,-24.19919956,-0.3431985,1.228,11.60540044,-17.3608985,7.7276
83.5,-4.20852256,0.1398015,93.1807,-4.20852256,0.1398015,93.1807,-21.42319956,9.6065015,132.848,18.06890044,3.3734015,139.48,-25.90199956,-4.9655985,83.2045,12.84370044,-3.3977985,78.508,-24.79259956,-9.8557985,45.2877,14.62580044,8.3644015,43.0072,-21.17009956,-10.0650985,5.48808,8.87550044,-18.8866985,16.1497,-24.21359956,-0.5843985,1.22186,11.62060044,-16.3496985,7.74293
84,-4.26591856,0.2118015,93.188,-4.26591856,0.2118015,93.188,-21.46259956,9.6836015,132.841,18.02260044,3.4255015,139.474,-25.97479956,-4.9935985,83.1966,12.77360044,-3.4027985,78.5231,-24.85389956,-9.9856985,45.2963,14.53580044,8.8082015,43.2115,-21.18909956,-10.2999985,5.49376,8.77990044,-18.0740985,15.963,-24.22349956,-0.8277985,1.21641,11.63540044,-15.2646985,7.69579
84.5,-4.32039056,0.2846015,93.1982,-4.32039056,0.2846015,93.1982,-21.49589956,9.7602015,132.841,17.97700044,3.4798015,139.472,-26.04309956,-5.0223985,83.1906,12.70690044,-3.4080985,78.5433,-24.91019956,-10.1116985,45.3062,14.44070044,9.2410015,43.418,-21.20929956,-10.5342985,5.50233,8.68900044,-17.2406985,15.7429,-24.23119956,-1.0699985,1.21127,11.64990044,-14.1476985,7.62218
85,-4.36501456,0.3576015,93.2103,-4.36501456,0.3576015,93.2103,-21.51749956,9.8376015,132.852,17.94150044,3.5375015,139.473,-26.09969956,-5.0566985,83.1864,12.65050044,-3.4123985,78.5707,-24.95189956,-10.2354985,45.3174,14.34090044,9.6489015,43.6218,-21.22459956,-10.7734985,5.51498,8.61620044,-16.3617985,15.4622,-24.23649956,-1.3170985,1.20806,11.65620044,-12.9766985,7.49755
85.5,-4.40559156,0.4315015,93.2243,-4.40559156,0.4315015,93.2243,-21.53339956,9.9152015,132.868,17.90660044,3.5984015,139.479,-26.14969956,-5.0921985,83.1842,12.60000044,-3.4160985,78.6023,-24.98779956,-10.3580985,45.3302,14.23910044,10.0442015,43.8243,-21.23879956,-11.0137985,5.53103,8.55260044,-15.4578985,15.1494,-24.23979956,-1.5644985,1.20548,11.65670044,-11.7760985,7.34643
86,-4.43829156,0.5048015,93.2371,-4.43829156,0.5048015,93.2371,-21.54499956,9.9940015,132.887,17.87810044,3.6619015,139.483,-26.18779956,-5.1330985,83.1832,12.56030044,-3.4167985,78.6369,-25.01039956,-10.4865985,45.3435,14.13610044,10.4128015,44.0158,-21.24639956,-11.2605985,5.54957,8.51090044,-14.5161985,14.7932,-24.24219956,-1.8169985,1.20474,11.64660044,-10.5395985,7.15699
86.5,-4.46634856,0.5781015,93.2503,-4.46634856,0.5781015,93.2503,-21.55199956,10.0728015,132.908,17.85020044,3.7283015,139.491,-26.21809956,-5.1758985,83.1837,12.52780044,-3.4157985,78.674,-25.02649956,-10.6165985,45.3585,14.03370044,10.7631015,44.2004,-21.24919956,-11.5104985,5.57081,8.48110044,-13.5494985,14.4085,-24.24429956,-2.0721985,1.20552,11.62710044,-9.2774985,6.94455
87,-4.48878256,0.6496015,93.2596,-4.48878256,0.6496015,93.2596,-21.55979956,10.1517015,132.926,17.82520044,3.7951015,139.496,-26.23699956,-5.2230985,83.1849,12.50480044,-3.4099985,78.7108,-25.03189956,-10.7564985,45.3736,13.93130044,11.0835015,44.3662,-21.24589956,-11.7652985,5.59295,8.47310044,-12.5571985,13.9947,-24.24539956,-2.3306985,1.20672,11.60030044,-7.9951985,6.70664
87.5,-4.50686856,0.7198015,93.2678,-4.50686856,0.7198015,93.2678,-21.56459956,10.2296015,132.944,17.80090044,3.8636015,139.503,-26.24779956,-5.2726985,83.1869,12.48770044,-3.4016985,78.7478,-25.03059956,-10.8999985,45.3902,13.83080044,11.3775015,44.5184,-21.23539956,-12.0241985,5.61581,8.47640044,-11.5449985,13.558,-24.24799956,-2.5931985,1.21006,11.56580044,-6.6940985,6.45298
88,-4.52100456,0.7870015,93.2709,-4.52100456,0.7870015,93.2709,-21.57139956,10.3057015,132.955,17.77720044,3.9299015,139.506,-26.24869956,-5.3248985,83.1889,12.47820044,-3.3876985,78.7823,-25.02189956,-11.0524985,45.407,13.73030044,11.6400015,44.6466,-21.22079956,-12.2847985,5.63844,8.49890044,-10.5203985,13.1035,-24.24899956,-2.8565985,1.21235,11.53080044,-5.3854985,6.18682
88.5,-4.53168556,0.8518015,93.2715,-4.53168556,0.8518015,93.2715,-21.57629956,10.3794015,132.965,17.75500044,3.9960015,139.508,-26.24299956,-5.3790985,83.1908,12.47190044,-3.3708985,78.8153,-25.00689956,-11.2088985,45.4247,13.63190044,11.8719015,44.7563,-21.19989956,-12.5477985,5.65962,8.52940044,-9.4847985,12.6343,-24.25189956,-3.1223985,1.21594,11.49500044,-4.0683985,5.91519
89,-4.53913356,0.9132015,93.2671,-4.53913356,0.9132015,93.2671,-21.58089956,10.4496015,132.969,17.73320044,4.0584015,139.507,-26.22979956,-5.4338985,83.1919,12.47090044,-3.3492985,78.8441,-24.98789956,-11.3701985,45.4425,13.53360044,12.0736015,44.8404,-21.17739956,-12.8093985,5.67985,8.57430044,-8.4474985,12.157,-24.25279956,-3.3874985,1.21794,11.46630044,-2.7536985,5.6442
89.5,-4.54375156,0.9718015,93.2595,-4.54375156,0.9718015,93.2595,-21.58389956,10.5167015,132.97,17.71480044,4.1188015,139.504,-26.21249956,-5.4891985,83.1923,12.47140044,-3.3250985,78.8703,-24.96369956,-11.5336985,45.4605,13.43720044,12.2478015,44.9052,-21.15269956,-13.0706985,5.69793,8.62340044,-7.4075985,11.6746,-24.25409956,-3.6521985,1.21958,11.44400044,-1.4411985,5.37779
90,-4.54506156,1.0274015,93.2475,-4.54506156,1.0274015,93.2475,-21.58299956,10.5794015,132.968,17.69840044,4.1758015,139.497,-26.19019956,-5.5432985,83.1912,12.47550044,-3.2979985,78.8912,-24.93769956,-11.6970985,45.4784,13.34160044,12.3966015,44.9461,-21.12859956,-13.3290985,5.71482,8.68100044,-6.3722985,11.1932,-24.25359956,-3.9152985,1.21974,11.43380044,-0.1395985,5.12303
90.5,-4.54333856,1.0806015,93.2321,-4.54333856,1.0806015,93.2321,-21.57929956,10.6390015,132.962,17.68800044,4.2300015,139.487,-26.16569956,-5.5962985,83.1889,12.48110044,-3.2692985,78.9087,-24.90809956,-11.8602985,45.496,13.24840044,12.5239015,44.9687,-21.10659956,-13.5849985,5.7302,8.73940044,-5.3399985,10.7158,-24.25169956,-4.1761985,1.2186,11.43360044,1.1503015,4.88049
91,-4.53763356,1.1318015,93.2127,-4.53763356,1.1318015,93.2127,-21.56939956,10.6948015,132.953,17.68280044,4.2820015,139.473,-26.13819956,-5.6462985,83.1848,12.49030044,-3.2392985,78.9197,-24.87689956,-12.0200985,45.513,13.15760044,12.6331015,44.9716,-21.08679956,-13.8382985,5.74485,8.80040044,-4.3157985,10.2483,-24.24819956,-4.4355985,1.21619,11.44540044,2.4203015,4.65565
91.5,-4.52809856,1.1812015,93.1901,-4.52809856,1.1812015,93.1901,-21.55469956,10.7480015,132.941,17.68570044,4.3316015,139.454,-26.10919956,-5.6935985,83.1794,12.50240044,-3.2087985,78.9263,-24.84369956,-12.1772985,45.5296,13.07010044,12.7263015,44.9583,-21.07109956,-14.0890985,5.75928,8.85920044,-3.2980985,9.79224,-24.24249956,-4.6927985,1.2127,11.46560044,3.6703015,4.44661
92,-4.51366956,1.2294015,93.1635,-4.51366956,1.2294015,93.1635,-21.53349956,10.7987015,132.924,17.69710044,4.3803015,139.432,-26.07809956,-5.7368985,83.1717,12.51950044,-3.1773985,78.9254,-24.80729956,-12.3301985,45.5449,12.98730044,12.8067015,44.9291,-21.05799956,-14.3391985,5.77384,8.91540044,-2.2928985,9.353,-24.23549956,-4.9499985,1.20822,11.49160044,4.8889015,4.25438
92.5,-4.49454756,1.2763015,93.1337,-4.49454756,1.2763015,93.1337,-21.50599956,10.8477015,132.903,17.71740044,4.4275015,139.406,-26.04429956,-5.7760985,83.1631,12.54150044,-3.1459985,78.9187,-24.76989956,-12.4787985,45.5598,12.90870044,12.8736015,44.8854,-21.04809956,-14.5883985,5.78921,8.96630044,-1.2981985,8.93048,-24.22679956,-5.2066985,1.20359,11.51970044,6.0786015,4.07641
93,-4.46985656,1.3219015,93.0993,-4.46985656,1.3219015,93.0993,-21.47319956,10.8951015,132.876,17.74820044,4.4747015,139.376,-26.00819956,-5.8113985,83.1515,12.57050044,-3.1127985,78.9032,-24.72679956,-12.6243985,45.5728,12.83690044,12.9272015,44.827,-21.03949956,-14.8394985,5.80532,9.01010044,-0.3266985,8.52818,-24.21719956,-5.4657985,1.19853,11.54420044,7.2210015,3.90805
93.5,-4.44005456,1.3660015,93.0615,-4.44005456,1.3660015,93.0615,-21.43419956,10.9413015,132.844,17.78730044,4.5209015,139.343,-25.96709956,-5.8411985,83.1394,12.60560044,-3.0792985,78.8804,-24.68259956,-12.7648985,45.5858,12.77010044,12.9651015,44.7546,-21.03139956,-15.0919985,5.82239,9.04540044,0.6265015,8.14487,-24.20709956,-5.7263985,1.19398,11.56280044,8.3228015,3.74779
94,-4.40459256,1.4075015,93.0182,-4.40459256,1.4075015,93.0182,-21.39119956,10.9857015,132.805,17.83650044,4.5673015,139.305,-25.92239956,-5.8677985,83.1234,12.64880044,-3.0418985,78.8476,-24.63109956,-12.9039985,45.5962,12.71070044,12.9834015,44.666,-21.02209956,-15.3484985,5.83991,9.06990044,1.5369015,7.78138,-24.19699956,-5.9913985,1.18998,11.56950044,9.3567015,3.58698
94.5,-4.36396256,1.4465015,92.971,-4.36396256,1.4465015,92.971,-21.34309956,11.0283015,132.76,17.89290044,4.6122015,139.266,-25.87019956,-5.8881985,83.1065,12.69810044,-3.0024985,78.8057,-24.57689956,-13.0377985,45.6063,12.65700044,12.9789015,44.5615,-21.01019956,-15.6077985,5.85765,9.08270044,2.4098015,7.43743,-24.18719956,-6.2592985,1.18633,11.56350044,10.3279015,3.42531
95,-4.31874956,1.4814015,92.9189,-4.31874956,1.4814015,92.9189,-21.29169956,11.0683015,132.709,17.95670044,4.6568015,139.224,-25.81339956,-5.9059985,83.0861,12.75430044,-2.9587985,78.7549,-24.51679956,-13.1703985,45.6143,12.60920044,12.9493015,44.4409,-20.99579956,-15.8705985,5.87474,9.08320044,3.2227015,7.10863,-24.17849956,-6.5306985,1.18407,11.54440044,11.2194015,3.25581
95.5,-4.26844656,1.5113015,92.8619,-4.26844656,1.5113015,92.8619,-21.23569956,11.1044015,132.653,18.02680044,4.6986015,139.18,-25.74729956,-5.9168985,83.0633,12.81540044,-2.9103985,78.6932,-24.45199956,-13.2972985,45.6211,12.56730044,12.8866015,44.3006,-20.97669956,-16.1362985,5.89072,9.06870044,3.9623015,6.79939,-24.17049956,-6.8051985,1.18167,11.51010044,12.0115015,3.07679
96,-4.21491456,1.5369015,92.8019,-4.21491456,1.5369015,92.8019,-21.17639956,11.1373015,132.595,18.10140044,4.7397015,139.134,-25.67649956,-5.9253985,83.0382,12.88050044,-2.8588985,78.6254,-24.38449956,-13.4216985,45.6268,12.52900044,12.8005015,44.1478,-20.95549956,-16.4027985,5.9054,9.04370044,4.6358015,6.50083,-24.16319956,-7.0804985,1.18039,11.46850044,12.7251015,2.88968
96.5,-4.15637456,1.5547015,92.7372,-4.15637456,1.5547015,92.7372,-21.11119956,11.1637015,132.534,18.18260044,4.7766015,139.085,-25.59629956,-5.9265985,83.0097,12.94840044,-2.8013985,78.5468,-24.31209956,-13.5383985,45.6307,12.49580044,12.6744015,43.9739,-20.93009956,-16.6699985,5.91791,9.00210044,5.1899015,6.22237,-24.15639956,-7.3563985,1.17871,11.41780044,13.2959015,2.68982
97,-4.09554756,1.5691015,92.6716,-4.09554756,1.5691015,92.6716,-21.04199956,11.1873015,132.475,18.26680044,4.8126015,139.034,-25.51249956,-5.9253985,82.9805,13.01770044,-2.7425985,78.4653,-24.23969956,-13.6511985,45.6344,12.46460044,12.5331015,43.7934,-20.90419956,-16.9358985,5.9296,8.95400044,5.6848015,5.9524,-24.14949956,-7.6309985,1.1774,11.36680044,13.8007015,2.48667
97.5,-4.02918456,1.5743015,92.6037,-4.02918456,1.5743015,92.6037,-20.96329956,11.2030015,132.42,18.36010044,4.8442015,138.98,-25.42089956,-5.9159985,82.9485,13.08770044,-2.6794985,78.3765,-24.16509956,-13.7528985,45.637,12.43760044,12.3570015,43.5978,-20.87739956,-17.1983985,5.93995,8.89190044,6.0195015,5.70637,-24.14199956,-7.9022985,1.17566,11.32110044,14.1267015,2.27786
98,-3.96111056,1.5776015,92.5365,-3.96111056,1.5776015,92.5365,-20.88069956,11.2173015,132.367,18.45600044,4.8752015,138.925,-25.32729956,-5.9045985,82.917,13.15790044,-2.6167985,78.2874,-24.09159956,-13.8504985,45.6402,12.41160044,12.1757015,43.4014,-20.85129956,-17.4590985,5.95057,8.82760044,6.3127015,5.46767,-24.13389956,-8.1718985,1.17383,11.27920044,14.4082015,2.07107
98.5,-3.88576256,1.5730015,92.4719,-3.88576256,1.5730015,92.4719,-20.78309956,11.2256015,132.326,18.56640044,4.9031015,138.864,-25.22899956,-5.8843985,82.8862,13.22810044,-2.5545985,78.1979,-24.01979956,-13.9331985,45.6447,12.39000044,11.9800015,43.2051,-20.82909956,-17.7131985,5.96382,8.75730044,6.4262015,5.26195,-24.12389956,-8.4355985,1.172,11.25980044,14.4965015,1.87623
99,-3.80926356,1.5677015,92.4085,-3.80926356,1.5677015,92.4085,-20.68289956,11.2340015,132.286,18.67890044,4.9308015,138.803,-25.12999956,-5.8629985,82.8563,13.29850044,-2.4932985,78.1093,-23.94879956,-14.0133985,45.65,12.36920044,11.7852015,43.011,-20.80769956,-17.9661985,5.978,8.68740044,6.5200015,5.06143,-24.11349956,-8.6984985,1.1701,11.24390044,14.5637015,1.68526
99.5,-3.72260956,1.5581015,92.3542,-3.72260956,1.5581015,92.3542,-20.56219956,11.2429015,132.263,18.81310044,4.9580015,138.736,-25.02969956,-5.8332985,82.8331,13.37100044,-2.4389985,78.0295,-23.88209956,-14.0767985,45.661,12.35500044,11.6061015,42.8384,-20.79339956,-18.2126985,6.00159,8.62400044,6.4470015,4.90632,-24.10099956,-8.9569985,1.16933,11.26140044,14.4543015,1.52884
,,,,,,,,,,,,,,,,,,,,,,,,,,,,,,,,,,,,
,4.78019956,70.3674985,,,,,,,,,,,,,,,,,,,,,,,,,,,,,,,,,,
