[Gait],,,,,,,,,,,,,,,,,,,,,,,,,,,,,,,,,,,,
Pat9,周期,歩行率,立脚,%,遊脚,%,両足支持,%,ストライド,ステップ,歩隔,,,,,,,,,,,,,,,,,,,,,,,,,
-- --(R),1.254,95.71,1.045,83.35,0.209,16.65,0.361,28.77,48.63,12.98,25.48,,,,,,,,,,,,,,,,,,,,,,,,,
SD,0.072,,0.057,1.76,0.028,1.76,0.035,1.95,4.84,3.78,0.83,,,,,,,,,,,,,,,,,,,,,,,,,
CV,5.729,,5.421,2.11,13.222,10.55,9.715,6.77,9.94,29.15,3.25,,,,,,,,,,,,,,,,,,,,,,,,,
#NAME?,1.255,95.59,0.901,71.82,0.352,28.18,0.327,26.73,48.75,35.65,23.15,,,,,,,,,,,,,,,,,,,,,,,,,
SD,0.063,,0.051,2,0.029,2,0.034,2.67,3.91,2.34,1.25,,,,,,,,,,,,,,,,,,,,,,,,,
CV,5.056,,5.693,2.79,8.247,7.11,10.444,10,8.01,6.56,5.41,,,,,,,,,,,,,,,,,,,,,,,,,
[Data],,,,,,,,,,,,,,,,,,,,,,,,,,,,,,,,,,,,
Cycle(%),重心_LC[x](cm),重心_LC[y](cm),重心_LC[z](cm),重心_RC[x](cm),重心_RC[y](cm),重心_RC[z](cm),左肩峰[x](cm),左肩峰[y](cm),左肩峰[z](cm),右肩峰[x](cm),右肩峰[y](cm),右肩峰[z](cm),左股関節[x](cm),左股関節[y](cm),左股関節[z](cm),右股関節[x](cm),右股関節[y](cm),右股関節[z](cm),左膝関節[x](cm),左膝関節[y](cm),左膝関節[z](cm),右膝関節[x](cm),右膝関節[y](cm),右膝関節[z](cm),左足関節[x](cm),左足関節[y](cm),左足関節[z](cm),右足関節[x](cm),右足関節[y](cm),右足関節[z](cm),左第5MP[x](cm),左第5MP[y](cm),左第5MP[z](cm),右第5MP[x](cm),右第5MP[y](cm),右第5MP[z](cm)
0,1.909831,-0.945671,93.558128,-2.686286,1.24762,92.417908,-14.235823,-1.951302,134.930328,16.949554,2.597584,132.820526,-15.704561,-4.038536,85.110916,13.539787,-1.570713,81.017197,-16.90873,6.248627,49.474438,15.055092,13.473255,46.484764,-17.560349,13.043663,8.435146,9.719248,4.64883,7.939314,-24.198805,22.25663,2.321857,14.783817,12.646267,2.376467
0.5,1.834332,-0.94524,93.49456,-2.60841,1.263611,92.378151,-14.356504,-1.873417,134.855255,17.109871,2.677021,132.780731,-15.792128,-3.907604,85.019989,13.62557,-1.494629,80.980103,-16.908695,6.284374,49.357269,14.792423,13.453747,46.31216,-17.507925,13.018383,8.307558,9.589146,5.192913,7.563291,-24.11981,22.235268,2.223353,14.660067,13.262833,2.118613
1,1.758208,-0.944412,93.428543,-2.527522,1.278187,92.340416,-14.479099,-1.793278,134.778397,17.276339,2.760586,132.741623,-15.880926,-3.773136,84.924942,13.71401,-1.413692,80.942856,-16.903141,6.310398,49.232384,14.524193,13.43227,46.141487,-17.445818,12.973827,8.172292,9.46163,5.670406,7.216708,-24.04483,22.184685,2.131583,14.545099,13.801064,1.887952
1.5,1.679363,-0.942722,93.357498,-2.439299,1.289558,92.307022,-14.607372,-1.708233,134.697372,17.458012,2.85371,132.702881,-15.973625,-3.631069,84.821915,13.808332,-1.321861,80.904427,-16.885458,6.314789,49.091583,14.243847,13.408249,45.975159,-17.358892,12.887039,8.02063,9.344042,5.988052,6.939401,-23.97897,22.068916,2.055892,14.451595,14.154697,1.719951
2,1.600478,-0.94101,93.286301,-2.350147,1.300365,92.275192,-14.735674,-1.623062,134.616226,17.639778,2.947174,132.665817,-16.066526,-3.488857,84.718712,13.903181,-1.22937,80.86731,-16.867435,6.31863,48.950459,13.96452,13.384544,45.812008,-17.271606,12.799763,7.868852,9.230995,6.283226,6.671371,-23.913197,21.9524,1.980627,14.362963,14.483356,1.558686
2.5,1.519188,-0.937851,93.2099,-2.254652,1.308968,92.250839,-14.869658,-1.532806,134.530579,17.83144,3.048416,132.632462,-16.163452,-3.340137,84.607956,14.00094,-1.128613,80.834335,-16.836315,6.301098,48.795929,13.687719,13.364941,45.665211,-17.16437,12.683777,7.706138,9.131639,6.449207,6.466608,-23.855425,21.790977,1.92474,14.292204,14.664021,1.449981
3,1.435716,-0.933956,93.130875,-2.154031,1.315891,92.233368,-15.008053,-1.439697,134.442108,18.028418,3.155109,132.603271,-16.263042,-3.188248,84.493561,14.101246,-1.022427,80.806252,-16.798147,6.272343,48.634445,13.417583,13.349358,45.534073,-17.043495,12.551476,7.537584,9.050035,6.511292,6.310427,-23.801535,21.602554,1.880211,14.238594,14.728672,1.378576
3.5,1.351255,-0.929379,93.050735,-2.051777,1.322239,92.218208,-15.14806,-1.345036,134.352432,18.227566,3.263313,132.575363,-16.364485,-3.034721,84.378433,14.201603,-0.914833,80.780098,-16.756733,6.237499,48.471455,13.151985,13.334381,45.408619,-16.919569,12.416267,7.369103,8.972862,6.543575,6.168929,-23.748947,21.409309,1.841083,14.188768,14.760231,1.317412
4,1.262021,-0.922409,92.966507,-1.942328,1.326763,92.215935,-15.296383,-1.244194,134.257843,18.431074,3.378513,132.555969,-16.470682,-2.876984,84.259178,14.303164,-0.800137,80.765686,-16.703337,6.180012,48.30072,12.909222,13.325455,45.313187,-16.780439,12.263363,7.197556,8.923071,6.456017,6.09163,-23.702763,21.187935,1.822702,14.158772,14.659145,1.300906
4.5,1.171188,-0.914677,92.8815,-1.830367,1.330563,92.218742,-15.447906,-1.141396,134.161469,18.635708,3.496548,132.5401,-16.578463,-2.718452,84.14003,14.405117,-0.683479,80.756691,-16.647419,6.117092,48.129288,12.678194,13.31662,45.229813,-16.637033,12.10611,7.026396,8.884272,6.324139,6.035852,-23.657579,20.959099,1.810009,14.136276,14.509617,1.297538
5,1.076714,-0.905003,92.795769,-1.714712,1.333267,92.228348,-15.604322,-1.035046,134.063049,18.842697,3.617344,132.528412,-16.690067,-2.557899,84.022461,14.506437,-0.56469,80.754967,-16.587273,6.04195,47.959457,12.466858,13.306484,45.161674,-16.492838,11.948376,6.86015,8.858604,6.146275,6.005557,-23.614374,20.729469,1.806234,14.120377,14.311543,1.307698
5.5,0.977391,-0.892456,92.709656,-1.594683,1.33477,92.249184,-15.767565,-0.922859,133.961777,19.04785,3.741959,132.524796,-16.804752,-2.397724,83.908188,14.607336,-0.443142,80.766106,-16.523466,5.950905,47.792786,12.286629,13.292229,45.117393,-16.347942,11.785034,6.701746,8.854094,5.917698,6.006686,-23.574564,20.49231,1.815368,14.116083,14.059498,1.334157
6,0.875089,-0.878517,92.625031,-1.472817,1.335342,92.275101,-15.935375,-0.808136,133.859451,19.253008,3.86816,132.524902,-16.921488,-2.237804,83.799095,14.707771,-0.321182,80.783501,-16.46081,5.853634,47.631958,12.121637,13.273064,45.082901,-16.205944,11.62225,6.54975,8.857471,5.667812,6.018557,-23.536156,20.257454,1.8279,14.115406,13.78548,1.363553
6.5,0.768518,-0.86216,92.541641,-1.347746,1.334389,92.30957,-16.107704,-0.689518,133.755875,19.456232,3.99649,132.530899,-17.04117,-2.078537,83.69548,14.806999,-0.199165,80.81208,-16.398771,5.745041,47.478695,11.990839,13.240143,45.063469,-16.072817,11.4627,6.409153,8.873102,5.403202,6.041636,-23.499023,20.028816,1.845115,14.11981,13.498646,1.394573
7,0.658046,-0.842999,92.462837,-1.221128,1.332211,92.351257,-16.284634,-0.566456,133.653473,19.656588,4.125839,132.542389,-17.162228,-1.923458,83.602882,14.905514,-0.077423,80.849564,-16.3423,5.62608,47.338413,11.882652,13.196819,45.055656,-15.950882,11.301552,6.283146,8.897638,5.129742,6.073032,-23.465023,19.803726,1.866807,14.127649,13.204262,1.425473
7.5,0.543541,-0.822033,92.387611,-1.092857,1.328236,92.39933,-16.46624,-0.440315,133.550644,19.853735,4.255493,132.558838,-17.285316,-1.770172,83.520119,15.003645,0.042435,80.895958,-16.291895,5.500572,47.209961,11.800673,13.136803,45.056141,-15.84026,11.142754,6.169348,8.928596,4.855709,6.105075,-23.433458,19.585243,1.888837,14.138563,12.9119,1.450943
8,0.425748,-0.79845,92.317581,-0.963701,1.32188,92.454216,-16.650093,-0.310677,133.44989,20.047163,4.385452,132.5802,-17.410112,-1.621361,83.448738,15.10026,0.159348,80.951561,-16.249104,5.366127,47.096165,11.748394,13.052692,45.06263,-15.747688,10.985806,6.072358,8.961744,4.594082,6.132516,-23.404497,19.374718,1.910901,14.151453,12.635509,1.470226
8.5,0.304904,-0.772816,92.256454,-0.833773,1.313778,92.514122,-16.836493,-0.178284,133.354202,20.237513,4.514351,132.605637,-17.534975,-1.480022,83.393501,15.197371,0.274082,81.01368,-16.219658,5.224064,47.001225,11.714985,12.953003,45.073387,-15.674129,10.82502,5.992458,8.997839,4.340034,6.157509,-23.380463,19.169029,1.930688,14.164597,12.370201,1.483123
9,0.181683,-0.745781,92.199333,-0.704311,1.30254,92.579704,-17.024433,-0.043549,133.259079,20.421108,4.641567,132.635803,-17.660889,-1.34182,83.348068,15.294357,0.38343,81.083488,-16.198341,5.077633,46.918636,11.708036,12.824753,45.085693,-15.6143,10.665337,5.924711,9.031532,4.102779,6.172733,-23.359268,18.967712,1.948728,14.18026,12.124397,1.487949
9.5,0.056462,-0.71656,92.153267,-0.574768,1.288864,92.64962,-17.212709,0.092728,133.171982,20.603498,4.76688,132.669113,-17.787416,-1.213257,83.320145,15.389986,0.488853,81.158417,-16.192598,4.923386,46.856911,11.718775,12.675575,45.099018,-15.577896,10.500107,5.875913,9.062885,3.878513,6.180888,-23.343615,18.770569,1.962575,14.19474,11.895279,1.485795
10,-0.069808,-0.686611,92.116226,-0.445642,1.272015,92.72406,-17.399948,0.230221,133.090836,20.779451,4.888813,132.70668,-17.913059,-1.093594,83.30719,15.487612,0.588902,81.238846,-16.202295,4.763618,46.812298,11.747688,12.501423,45.111385,-15.559458,10.327854,5.84084,9.091644,3.668591,6.181224,-23.333641,18.573364,1.971736,14.210398,11.683388,1.478227
10.5,-0.197147,-0.655678,92.084869,-0.317937,1.25161,92.802643,-17.586445,0.369072,133.013306,20.950983,5.006489,132.747894,-18.039518,-0.979134,83.304291,15.584909,0.682278,81.323227,-16.221691,4.600338,46.779697,11.791744,12.301842,45.122299,-15.554478,10.153111,5.816479,9.114592,3.46804,6.173923,-23.328049,18.376747,1.978841,14.226633,11.482861,1.466023
11,-0.324109,-0.624275,92.067528,-0.19051,1.228951,92.884171,-17.770216,0.506393,132.948471,21.121344,5.121044,132.791428,-18.165356,-0.878838,83.318489,15.681805,0.771294,81.410606,-16.259081,4.428764,46.76709,11.848625,12.083607,45.133099,-15.569832,9.964146,5.806476,9.133547,3.277206,6.160614,-23.329721,18.175514,1.979656,14.240582,11.294701,1.449135
11.5,-0.450685,-0.592728,92.056496,-0.064901,1.202049,92.969627,-17.951227,0.644218,132.888458,21.284309,5.228359,132.839478,-18.291019,-0.786366,83.341934,15.779949,0.852451,81.500504,-16.307503,4.255329,46.764526,11.91371,11.843311,45.141884,-15.595034,9.768265,5.803532,9.148397,3.086914,6.144579,-23.335733,17.970879,1.977644,14.256985,11.107464,1.4336
12,-0.576769,-0.561131,92.05349,0.05991,1.172199,93.058449,-18.129793,0.78054,132.836609,21.446348,5.330265,132.890823,-18.416552,-0.703316,83.37458,15.878405,0.927975,81.592857,-16.36651,4.076233,46.772705,11.985838,11.585274,45.151089,-15.629835,9.564045,5.807855,9.159555,2.896008,6.126548,-23.346565,17.761566,1.973469,14.27133,10.921623,1.41584
12.5,-0.700543,-0.53056,92.061554,0.183201,1.139675,93.149925,-18.302986,0.914238,132.79689,21.604664,5.425549,132.94519,-18.541998,-0.635017,83.416466,15.97657,0.997265,81.686234,-16.436798,3.890453,46.791168,12.064779,11.31163,45.161098,-15.67304,9.344212,5.816766,9.166964,2.703205,6.107976,-23.363558,17.541954,1.965461,14.284719,10.733967,1.399623
13,-0.823787,-0.50008,92.074249,0.305233,1.104263,93.244232,-18.474203,1.047344,132.761719,21.759647,5.513176,133.003494,-18.667326,-0.573997,83.463654,16.073761,1.060917,81.780556,-16.514721,3.703247,46.81522,12.142414,11.028896,45.172329,-15.719872,9.118362,5.828849,9.173643,2.501289,6.092859,-23.382944,17.318741,1.956497,14.297762,10.537109,1.386351
13.5,-0.94477,-0.470745,92.094604,0.426247,1.066147,93.34156,-18.640863,1.176884,132.736938,21.91328,5.59351,133.065659,-18.792433,-0.52599,83.51461,16.171858,1.119049,81.876579,-16.598333,3.508492,46.844212,12.222504,10.733601,45.186584,-15.767241,8.881195,5.84137,9.17906,2.290047,6.080583,-23.405479,17.086609,1.946747,14.309219,10.331886,1.374263
14,-1.063878,-0.442226,92.12043,0.545318,1.025932,93.441498,-18.804312,1.303818,132.719818,22.063837,5.66404,133.132278,-18.9186,-0.488461,83.567139,16.267761,1.171417,81.972649,-16.684422,3.311142,46.874336,12.29965,10.432873,45.204838,-15.813898,8.635799,5.852673,9.184856,2.067253,6.073987,-23.430687,16.84761,1.936568,14.31855,10.114464,1.36626
14.5,-1.181952,-0.413963,92.149094,0.663568,0.984005,93.543594,-18.966328,1.428879,132.706314,22.211966,5.727688,133.203217,-19.044069,-0.459011,83.620972,16.362238,1.220333,82.069847,-16.77528,3.111492,46.906445,12.372274,10.129074,45.227013,-15.857445,8.385414,5.863151,9.191881,1.835777,6.072011,-23.455826,16.605255,1.926559,14.325859,9.888271,1.359604
15,-1.297122,-0.3871,92.182755,0.779903,0.939884,93.648407,-19.123556,1.550034,132.70282,22.358311,5.780792,133.279129,-19.170534,-0.444283,83.671501,16.455395,1.263641,82.167984,-16.862957,2.90554,46.936005,12.440205,9.820339,45.254791,-15.894064,8.1273,5.86919,9.200859,1.589352,6.076492,-23.480482,16.355385,1.918071,14.332312,9.647396,1.356583
15.5,-1.411356,-0.360264,92.217461,0.894961,0.895031,93.754593,-19.280733,1.668964,132.701706,22.502766,5.826412,133.3591,-19.297203,-0.43528,83.720612,16.545944,1.304058,82.266281,-16.949678,2.698669,46.963963,12.500515,9.512665,45.286709,-15.926662,7.868237,5.872911,9.211739,1.336365,6.085522,-23.504953,16.10434,1.910624,14.335409,9.399731,1.354422
16,-1.523853,-0.33366,92.252579,1.008524,0.84893,93.862251,-19.437027,1.786236,132.702408,22.643448,5.86459,133.443878,-19.423258,-0.434479,83.765884,16.63443,1.34177,82.365494,-17.034607,2.490364,46.989052,12.554136,9.204277,45.323227,-15.952339,7.607269,5.87326,9.224829,1.077534,6.097769,-23.526848,15.852005,1.904067,14.337708,9.146282,1.353256
16.5,-1.634402,-0.307262,92.28833,1.119842,0.80175,93.971519,-19.591284,1.900013,132.708008,22.782595,5.892185,133.534393,-19.550125,-0.444656,83.805557,16.718842,1.375374,82.465363,-17.113525,2.278732,47.009109,12.59635,8.896645,45.364883,-15.970589,7.346687,5.869469,9.239479,0.81036,6.114722,-23.545137,15.598579,1.899738,14.338079,8.88496,1.353496
17,-1.74381,-0.280273,92.323006,1.230082,0.754482,94.080574,-19.746553,2.012253,132.712616,22.919575,5.914799,133.627899,-19.676535,-0.458748,83.842583,16.801743,1.407421,82.564957,-17.190346,2.067673,47.027153,12.63121,8.590893,45.409168,-15.984823,7.088409,5.863672,9.256212,0.543079,6.13309,-23.562286,15.346809,1.896431,14.336271,8.623459,1.352451
17.5,-1.851221,-0.252728,92.355423,1.337638,0.706131,94.189758,-19.9025,2.123112,132.716171,23.051088,5.929066,133.726349,-19.801914,-0.480289,83.873123,16.880539,1.436783,82.664665,-17.261017,1.858257,47.04023,12.653999,8.285061,45.455799,-15.992758,6.834373,5.85551,9.27338,0.276619,6.150777,-23.574335,15.098396,1.894105,14.335321,8.36348,1.352189
18,-1.956914,-0.224346,92.385109,1.443483,0.657497,94.298737,-20.058569,2.231995,132.717789,23.18116,5.937401,133.82843,-19.926645,-0.507366,83.89933,16.95644,1.463902,82.76442,-17.328451,1.648201,47.049988,12.667252,7.980556,45.504356,-15.997597,6.584503,5.845718,9.290003,0.010082,6.168954,-23.582958,14.853024,1.892994,14.333216,8.103752,1.350542
18.5,-2.060965,-0.194881,92.413132,1.547328,0.608639,94.405495,-20.215353,2.340019,132.717407,23.307398,5.941429,133.932053,-20.05056,-0.537228,83.922729,17.030016,1.488773,82.862419,-17.392704,1.440899,47.057995,12.672115,7.67638,45.552513,-16.001524,6.338867,5.835902,9.307453,-0.251442,6.185638,-23.58997,14.610542,1.892248,14.331844,7.849083,1.348651
19,-2.162642,-0.164242,92.436615,1.648538,0.559097,94.510071,-20.37359,2.446831,132.711304,23.428148,5.940357,134.037994,-20.172096,-0.57188,83.941299,17.099995,1.51165,82.95874,-17.453529,1.236107,47.062649,12.665325,7.37149,45.598942,-16.00321,6.099648,5.825717,9.321489,-0.507408,6.198154,-23.592688,14.373577,1.891529,14.332644,7.600903,1.346833
19.5,-2.262039,-0.132305,92.456551,1.747981,0.509422,94.612373,-20.531219,2.552776,132.700134,23.547243,5.936283,134.144669,-20.292568,-0.60886,83.957184,17.168034,1.531986,83.053551,-17.51403,1.033386,47.066097,12.652822,7.066669,45.644764,-16.006201,5.864521,5.816271,9.333981,-0.759552,6.208795,-23.593279,14.14019,1.890706,14.333641,7.356598,1.343623
20,-2.359338,-0.099091,92.474709,1.844954,0.459202,94.710213,-20.689711,2.657986,132.685303,23.661034,5.929688,134.250107,-20.410751,-0.647522,83.972275,17.233999,1.549328,83.144791,-17.57468,0.836555,47.070309,12.632782,6.760216,45.687134,-16.011389,5.634258,5.8085,9.344181,-1.005634,6.216243,-23.593254,13.909538,1.889738,14.338127,7.118374,1.342204
20.5,-2.45295,-0.064537,92.486931,1.93979,0.408482,94.804413,-20.847937,2.762398,132.6604,23.770807,5.921558,134.354324,-20.525656,-0.688984,83.984482,17.298389,1.564919,83.232956,-17.636091,0.642845,47.072777,12.606367,6.453033,45.725502,-16.01878,5.40884,5.802196,9.351311,-1.247845,6.2202,-23.591158,13.684219,1.88749,14.345148,6.884541,1.341211
21,-2.544142,-0.029045,92.496834,2.032518,0.357601,94.893509,-21.004335,2.865833,132.631073,23.877874,5.912029,134.455063,-20.639116,-0.730816,83.996246,17.361225,1.576385,83.316978,-17.699558,0.452343,47.076168,12.578638,6.144905,45.76194,-16.02932,5.185898,5.797379,9.354513,-1.48658,6.221596,-23.588917,13.460365,1.8846,14.353167,6.65403,1.340693
21.5,-2.632469,0.007137,92.504898,2.122908,0.30616,94.976204,-21.159212,2.968639,132.596573,23.979807,5.90313,134.550446,-20.749794,-0.7742,84.008492,17.423555,1.584789,83.395813,-17.76638,0.267284,47.081245,12.549139,5.835678,45.793198,-16.042574,4.964596,5.793815,9.356476,-1.723988,6.22191,-23.587502,13.237362,1.881304,14.366306,6.424267,1.343324
22,-2.716752,0.044167,92.508034,2.211627,0.254391,95.054688,-21.31135,3.070335,132.552261,24.079493,5.894215,134.641968,-20.857483,-0.818153,84.019798,17.485325,1.590572,83.470772,-17.836771,0.085823,47.086437,12.518599,5.526043,45.821388,-16.059624,4.745911,5.792399,9.356136,-1.960785,6.220335,-23.586264,13.017601,1.876499,14.380314,6.195801,1.346623
22.5,-2.798001,0.081432,92.50972,2.297938,0.202534,95.125343,-21.459999,3.170715,132.503571,24.175228,5.885342,134.725342,-20.962923,-0.86277,84.031937,17.54723,1.59137,83.539597,-17.91151,-0.091736,47.093441,12.492567,5.216263,45.8475,-16.078571,4.526829,5.791057,9.351513,-2.19928,6.218107,-23.586351,12.796722,1.871169,14.395695,5.964722,1.352187
23,-2.875917,0.11842,92.510086,2.381989,0.150673,95.189125,-21.603992,3.269566,132.450455,24.268023,5.878204,134.800613,-21.065809,-0.908985,84.044479,17.608997,1.588943,83.602623,-17.989452,-0.265217,47.101727,12.469843,4.908455,45.869648,-16.098953,4.30756,5.790316,9.348568,-2.439503,6.217726,-23.587879,12.575611,1.865727,14.413298,5.731102,1.360158
23.5,-2.949815,0.155434,92.507545,2.464353,0.098885,95.247108,-21.742672,3.367226,132.390121,24.358837,5.872135,134.868515,-21.165916,-0.955292,84.057571,17.671354,1.582916,83.660851,-18.072063,-0.435299,47.111198,12.452637,4.60107,45.890762,-16.120895,4.087692,5.790088,9.343197,-2.683552,6.216841,-23.590967,12.354774,1.859486,14.430529,5.494225,1.368758
24,-3.020963,0.191666,92.504692,2.543998,0.047359,95.297279,-21.875587,3.46262,132.327942,24.444855,5.8661,134.926987,-21.263878,-1.003277,84.071007,17.734684,1.572117,83.713257,-18.157005,-0.602413,47.121559,12.443316,4.296707,45.910763,-16.1418,3.866726,5.788873,9.338417,-2.93211,6.218692,-23.595041,12.132408,1.853202,14.447519,5.251396,1.379103
24.5,-3.088626,0.227417,92.501183,2.621379,-0.003403,95.341049,-22.00256,3.556599,132.262802,24.530144,5.8615,134.976654,-21.359369,-1.052711,84.084869,17.798267,1.558029,83.760658,-18.244028,-0.765835,47.133011,12.440386,3.996204,45.929489,-16.16231,3.644958,5.787444,9.334707,-3.183067,6.222084,-23.600914,11.909542,1.847563,14.462952,5.005974,1.389351
25,-3.152368,0.262035,92.496353,2.696281,-0.053459,95.377899,-22.121092,3.648445,132.193771,24.611746,5.858089,135.01709,-21.452431,-1.103336,84.098839,17.862629,1.540131,83.802803,-18.332855,-0.927025,47.144753,12.446331,3.698868,45.948002,-16.180048,3.420761,5.784492,9.331375,-3.439404,6.227161,-23.607321,11.685143,1.84213,14.476799,4.754826,1.399249
25.5,-3.214167,0.295528,92.492706,2.768141,-0.102608,95.407982,-22.233572,3.737282,132.127594,24.689634,5.853725,135.048981,-21.543072,-1.155758,84.112747,17.928352,1.517864,83.840462,-18.420013,-1.086761,47.156746,12.459957,3.406631,45.966488,-16.195818,3.196659,5.780888,9.3297,-3.6982,6.234361,-23.614256,11.460358,1.83715,14.487007,4.500355,1.408565
26,-3.271359,0.328209,92.488693,2.836844,-0.150166,95.431763,-22.337214,3.82457,132.059387,24.766134,5.850494,135.07222,-21.630732,-1.210369,84.12661,17.99449,1.492317,83.873825,-18.506451,-1.242188,47.169224,12.482025,3.120468,45.985157,-16.20763,2.971157,5.775947,9.329163,-3.958736,6.242715,-23.621857,11.234818,1.833711,14.494076,4.243656,1.415753
26.5,-3.325578,0.35947,92.485725,2.902032,-0.196274,95.449257,-22.43203,3.908497,131.994446,24.837969,5.846619,135.087494,-21.714668,-1.267227,84.140205,18.060341,1.462841,83.90271,-18.589247,-1.396019,47.181347,12.510988,2.839645,46.003571,-16.216068,2.745071,5.770253,9.330544,-4.220112,6.252074,-23.628855,11.008804,1.831128,14.498163,3.985626,1.420904
27,-3.378065,0.39003,92.483765,2.963543,-0.240997,95.461281,-22.522982,3.99073,131.932571,24.90653,5.841339,135.096786,-21.796446,-1.325371,84.153511,18.128057,1.430038,83.928383,-18.668797,-1.549194,47.193279,12.543741,2.565723,46.020988,-16.222734,2.518791,5.764345,9.331154,-4.481499,6.261109,-23.635843,10.782585,1.829296,14.49786,3.726913,1.424202
27.5,-3.425339,0.419655,92.482635,3.020753,-0.283672,95.467667,-22.601391,4.069477,131.873596,24.971142,5.836098,135.099243,-21.873449,-1.386406,84.166664,18.195341,1.393375,83.950462,-18.742607,-1.697517,47.205517,12.584368,2.298851,46.038654,-16.22414,2.293133,5.758124,9.333982,-4.741344,6.270688,-23.641537,10.556919,1.828937,14.494936,3.468994,1.42458
28,-3.470042,0.448231,92.483513,3.073611,-0.324364,95.469063,-22.673889,4.145016,131.821991,25.031437,5.828999,135.096573,-21.945425,-1.449062,84.179276,18.262255,1.353275,83.969002,-18.809162,-1.845329,47.217049,12.626221,2.038658,46.05394,-16.224234,2.067104,5.752538,9.336559,-4.998089,6.278547,-23.646406,10.331215,1.829955,14.48793,3.214127,1.421552
28.5,-3.511963,0.476318,92.485451,3.122523,-0.363548,95.466408,-22.740458,4.218269,131.774445,25.087547,5.820244,135.090744,-22.013996,-1.513233,84.191925,18.330172,1.309994,83.984879,-18.870819,-1.991295,47.229015,12.670462,1.785751,46.067482,-16.222391,1.841873,5.747875,9.337809,-5.252048,6.285228,-23.650471,10.105717,1.831438,14.479681,2.96059,1.417833
29,-3.548411,0.503979,92.489639,3.165623,-0.400303,95.458748,-22.796293,4.287163,131.735825,25.138718,5.809616,135.08046,-22.074579,-1.580112,84.204536,18.397114,1.26239,83.997482,-18.923071,-2.132935,47.240906,12.716328,1.541744,46.078766,-16.21854,1.617413,5.744875,9.339098,-5.50161,6.289953,-23.652897,9.880829,1.834226,14.468685,2.711147,1.411178
29.5,-3.582944,0.531059,92.494934,3.204961,-0.435356,95.448029,-22.84911,4.353817,131.702316,25.185921,5.797432,135.068329,-22.131615,-1.647167,84.216721,18.463451,1.211838,84.006844,-18.969891,-2.274609,47.252678,12.760727,1.30489,46.086555,-16.214518,1.392685,5.742933,9.33897,-5.748089,6.293156,-23.65452,9.655849,1.838024,14.457062,2.46439,1.403423
30,-3.612295,0.557892,92.502548,3.239663,-0.468914,95.433846,-22.892025,4.415699,131.678345,25.228323,5.782688,135.054733,-22.18013,-1.71624,84.229698,18.529083,1.157402,84.013466,-19.008814,-2.412224,47.265617,12.805624,1.075489,46.091164,-16.210917,1.169155,5.744343,9.335577,-5.989433,6.293629,-23.655468,9.430908,1.841859,14.446003,2.220802,1.396569
30.5,-3.63681,0.584515,92.511955,3.26824,-0.500145,95.416046,-22.928638,4.473591,131.663391,25.26548,5.765087,135.03949,-22.220575,-1.786186,84.24234,18.594595,1.098808,84.016632,-19.03867,-2.548317,47.278706,12.846863,0.856922,46.091274,-16.207329,0.945274,5.74774,9.331696,-6.228001,6.292404,-23.654995,9.205818,1.846607,14.434578,1.980114,1.388588
31,-3.659225,0.611038,92.522202,3.294094,-0.530273,95.39592,-22.96154,4.529133,131.652725,25.300133,5.745991,135.023346,-22.257265,-1.856018,84.255463,18.65803,1.036587,84.016304,-19.065556,-2.682434,47.292568,12.887854,0.644386,46.088085,-16.204802,0.721416,5.752655,9.324554,-6.46384,6.289704,-23.654566,8.980301,1.851689,14.425169,1.740807,1.382308
31.5,-3.674788,0.637093,92.534988,3.31464,-0.558926,95.373413,-22.984873,4.578342,131.654526,25.329632,5.723469,135.007416,-22.281488,-1.927139,84.268593,18.719933,0.970367,84.012856,-19.082617,-2.814659,47.307129,12.925968,0.442055,46.080273,-16.204197,0.497131,5.761427,9.3148,-6.697083,6.285437,-23.653639,8.753555,1.856808,14.416794,1.502754,1.377707
32,-3.68685,0.663048,92.548706,3.331357,-0.586094,95.34877,-23.004169,4.624016,131.662064,25.355526,5.698029,134.991058,-22.300163,-1.997673,84.281715,18.781782,0.900391,84.006111,-19.094898,-2.945515,47.322964,12.962048,0.24892,46.069344,-16.203695,0.27256,5.771281,9.304647,-6.928989,6.280727,-23.652077,8.526272,1.861744,14.410408,1.265724,1.37451
32.5,-3.695222,0.688908,92.563087,3.345413,-0.612442,95.322044,-23.017574,4.666153,131.675385,25.380424,5.670696,134.973816,-22.311607,-2.068485,84.295303,18.839655,0.826351,83.995613,-19.103724,-3.074211,47.339161,12.997477,0.062271,46.054905,-16.205063,0.046844,5.782811,9.291044,-7.161133,6.275494,-23.650965,8.297501,1.867149,14.406708,1.02697,1.37453
33,-3.697387,0.714081,92.57943,3.354421,-0.637497,95.293846,-23.023745,4.702286,131.699081,25.399738,5.638569,134.957672,-22.311974,-2.139011,84.308266,18.895817,0.748062,83.981171,-19.104597,-3.203014,47.356628,13.030972,-0.11208,46.036938,-16.2076,-0.179878,5.796671,9.276134,-7.393055,6.270788,-23.650354,8.066948,1.872271,14.404543,0.787136,1.377155
33.5,-3.696688,0.739311,92.59568,3.361537,-0.661808,95.264076,-23.025919,4.735752,131.726105,25.418388,5.603714,134.940445,-22.307543,-2.209202,84.321129,18.950274,0.666515,83.963821,-19.103052,-3.330452,47.374615,13.063833,-0.279823,46.016876,-16.209745,-0.407532,5.81037,9.26063,-7.625473,6.266294,-23.649384,7.835224,1.876893,14.40378,0.546356,1.381697
34,-3.691259,0.763821,92.612091,3.366073,-0.685345,95.233131,-23.021364,4.76424,131.758423,25.435268,5.566139,134.923035,-22.294481,-2.279182,84.333527,19.000755,0.581726,83.943138,-19.09671,-3.458241,47.393112,13.096939,-0.43988,45.994938,-16.211983,-0.636303,5.824667,9.24494,-7.859783,6.263529,-23.648869,7.601868,1.881813,14.404888,0.302471,1.388663
34.5,-3.681972,0.78796,92.629265,3.367786,-0.708214,95.201218,-23.012224,4.788937,131.796371,25.449318,5.524033,134.90564,-22.273989,-2.348667,84.345306,19.048794,0.493454,83.919304,-19.086128,-3.585705,47.412518,13.130253,-0.592495,45.97176,-16.214066,-0.86628,5.83923,9.227129,-8.094078,6.260926,-23.649229,7.366768,1.886117,14.406084,0.057465,1.397612
35,-3.669404,0.811935,92.645073,3.367795,-0.7304,95.168304,-22.997864,4.811508,131.83577,25.462971,5.478458,134.886948,-22.248472,-2.418358,84.355965,19.093075,0.402424,83.892624,-19.071966,-3.71439,47.431309,13.162754,-0.737289,45.947155,-16.214001,-1.097054,5.852448,9.212017,-8.330956,6.260646,-23.648716,7.130775,1.890484,14.407169,-0.190109,1.406922
35.5,-3.652191,0.835144,92.66066,3.365439,-0.751778,95.134575,-22.976761,4.828648,131.879318,25.474487,5.429237,134.867935,-22.214628,-2.487778,84.366013,19.132999,0.308922,83.86319,-19.052612,-3.843098,47.450897,13.197145,-0.877052,45.922913,-16.212706,-1.328918,5.865139,9.195822,-8.567848,6.261512,-23.648954,6.892982,1.894663,14.408796,-0.439419,1.418187
36,-3.632274,0.858341,92.675056,3.361704,-0.772736,95.100227,-22.951937,4.844429,131.924011,25.48497,5.37653,134.848129,-22.175629,-2.557354,84.37484,19.169781,0.213436,83.83165,-19.029573,-3.972969,47.469883,13.23107,-1.012005,45.897884,-16.209173,-1.561806,5.87662,9.179783,-8.805557,6.26328,-23.649179,6.654072,1.898616,14.409002,-0.68985,1.428931
36.5,-3.609547,0.881329,92.687691,3.355891,-0.792923,95.06562,-22.921875,4.858242,131.968109,25.493576,5.319408,134.82756,-22.132986,-2.627056,84.382584,19.201756,0.116127,83.798157,-19.002892,-4.104454,47.488609,13.264238,-1.141525,45.872967,-16.203548,-1.79443,5.886673,9.166613,-9.043396,6.266667,-23.648949,6.414986,1.902249,14.407246,-0.940536,1.438865
37,-3.582941,0.90398,92.698822,3.348695,-0.812519,95.030396,-22.88562,4.868202,132.01384,25.501102,5.259659,134.805847,-22.083162,-2.697392,84.389603,19.229942,0.017799,83.763168,-18.970425,-4.235924,47.506878,13.297035,-1.27095,45.848427,-16.194582,-2.028923,5.894846,9.151873,-9.280968,6.270372,-23.648479,6.17408,1.906137,14.406261,-1.192299,1.450005
37.5,-3.553417,0.927113,92.707054,3.339759,-0.831322,94.995003,-22.844978,4.877827,132.057526,25.506493,5.19643,134.783752,-22.029591,-2.767876,84.395279,19.253624,-0.08136,83.726776,-18.933268,-4.369801,47.524315,13.32897,-1.395897,45.823757,-16.183102,-2.263035,5.902047,9.138981,-9.517773,6.275167,-23.647791,5.933308,1.909779,14.402037,-1.443371,1.45805
38,-3.52167,0.950085,92.713211,3.328607,-0.849236,94.959526,-22.799391,4.885471,132.099533,25.51009,5.129398,134.760406,-21.973036,-2.838757,84.400223,19.271841,-0.181232,83.689438,-18.892344,-4.504108,47.541286,13.357437,-1.52037,45.799213,-16.169573,-2.497166,5.908113,9.12628,-9.7533,6.279909,-23.646151,5.691978,1.91324,14.396194,-1.693405,1.465833
38.5,-3.48656,0.973377,92.715958,3.316457,-0.866703,94.923866,-22.747589,4.890827,132.139404,25.511868,5.061104,134.736465,-21.911722,-2.9105,84.404617,19.287365,-0.280792,83.651649,-18.846033,-4.639259,47.556965,13.3843,-1.645859,45.774422,-16.152601,-2.732567,5.912769,9.113569,-9.987617,6.284822,-23.643524,5.450001,1.916866,14.39126,-1.943176,1.473531
39,-3.449129,0.997326,92.715866,3.301977,-0.882931,94.888321,-22.69206,4.895687,132.176331,25.511547,4.989674,134.712204,-21.848133,-2.981789,84.408455,19.298103,-0.380306,83.613266,-18.795946,-4.775116,47.57262,13.407726,-1.770065,45.749832,-16.134592,-2.967312,5.917283,9.100542,-10.220467,6.289749,-23.641008,5.207916,1.920269,14.383503,-2.191437,1.478895
39.5,-3.409236,1.021206,92.712372,3.285406,-0.898476,94.852913,-22.630497,4.89859,132.209976,25.509083,4.916206,134.686722,-21.781651,-3.053665,84.411491,19.30397,-0.479492,83.574951,-18.741491,-4.911366,47.586815,13.425978,-1.895569,45.724525,-16.113914,-3.202396,5.920887,9.087465,-10.452404,6.29437,-23.636757,4.965591,1.924077,14.376154,-2.439289,1.484479
40,-3.365503,1.045845,92.704369,3.267549,-0.91338,94.817421,-22.561693,4.898407,132.23938,25.503895,4.841904,134.661407,-21.711952,-3.125088,84.414787,19.307961,-0.577751,83.536354,-18.682865,-5.047169,47.600403,13.441612,-2.022339,45.698685,-16.09202,-3.438129,5.924838,9.074146,-10.682297,6.298802,-23.631842,4.722778,1.927577,14.369425,-2.686123,1.490223
40.5,-3.320398,1.070824,92.694267,3.246849,-0.926971,94.782272,-22.490274,4.897499,132.266418,25.496944,4.765564,134.6353,-21.641188,-3.195705,84.417953,19.306887,-0.674992,83.498329,-18.622112,-5.182518,47.614216,13.451281,-2.149857,45.672615,-16.069452,-3.673626,5.929177,9.058033,-10.912487,6.30271,-23.626635,4.479774,1.931365,14.36232,-2.93251,1.495338
41,-3.271522,1.095757,92.67897,3.22416,-0.940033,94.747276,-22.40962,4.892525,132.288361,25.487236,4.688148,134.608749,-21.567158,-3.265572,84.4207,19.302303,-0.771458,83.460495,-18.557173,-5.317261,47.62664,13.457014,-2.278259,45.646053,-16.045464,-3.909172,5.933898,9.042046,-11.141567,6.306605,-23.619852,4.236713,1.935459,14.355839,-3.178658,1.501191
41.5,-3.219857,1.120705,92.660294,3.20015,-0.952255,94.712219,-22.322893,4.883926,132.306396,25.475922,4.610249,134.581924,-21.492151,-3.333504,84.423996,19.296461,-0.866322,83.422707,-18.490534,-5.449772,47.639351,13.459156,-2.407413,45.6189,-16.021513,-4.144623,5.939889,9.025318,-11.37093,6.310452,-23.612137,3.993267,1.939562,14.350924,-3.425522,1.508046
42,-3.166783,1.145771,92.639725,3.173056,-0.963604,94.677315,-22.233292,4.873615,132.322586,25.462036,4.530952,134.554535,-21.416185,-3.40007,84.42733,19.286007,-0.960361,83.385788,-18.42312,-5.5811,47.652317,13.456911,-2.536011,45.591457,-15.996908,-4.380341,5.946302,9.005829,-11.601082,6.314596,-23.604214,3.749775,1.944186,14.346872,-3.672695,1.515419
42.5,-3.108512,1.169907,92.613846,3.144304,-0.974255,94.64241,-22.130627,4.855705,132.33374,25.445835,4.450943,134.526886,-21.336813,-3.463615,84.430527,19.273621,-1.052853,83.349083,-18.352083,-5.708729,47.664684,13.451788,-2.665283,45.564175,-15.973291,-4.614979,5.954743,8.985653,-11.831379,6.318234,-23.595264,3.506062,1.949182,14.34338,-3.920521,1.524181
43,-3.048179,1.193375,92.586113,3.113554,-0.984314,94.6073,-22.024111,4.83419,132.342651,25.427483,4.369595,134.498734,-21.256979,-3.524654,84.434219,19.25919,-1.14336,83.312912,-18.28154,-5.832916,47.677708,13.443817,-2.793388,45.53664,-15.949333,-4.849838,5.964046,8.964996,-12.06332,6.322931,-23.585594,3.262592,1.954559,14.341068,-4.169884,1.53377
43.5,-2.98546,1.216183,92.556244,3.080265,-0.993797,94.571877,-21.910637,4.807796,132.349854,25.406841,4.286716,134.469955,-21.175966,-3.582741,84.437866,19.241646,-1.232937,83.277008,-18.210102,-5.954113,47.691189,13.433975,-2.919926,45.509274,-15.925407,-5.084171,5.974335,8.942209,-12.297073,6.32815,-23.575283,3.018742,1.960452,14.339283,-4.420315,1.544168
44,-2.917764,1.237041,92.52433,3.045384,-1.002502,94.53627,-21.786747,4.774014,132.355377,25.383926,4.202805,134.44072,-21.091536,-3.637421,84.441666,19.222565,-1.320026,83.241653,-18.136665,-6.068241,47.705101,13.422977,-3.04533,45.482548,-15.903681,-5.316822,5.986859,8.919283,-12.531258,6.332898,-23.565155,2.775681,1.967168,14.33728,-4.671227,1.554701
44.5,-2.848033,1.256748,92.491859,3.008059,-1.011036,94.49987,-21.658468,4.735924,132.360443,25.357941,4.116035,134.410797,-21.006504,-3.689358,84.445854,19.200918,-1.405361,83.206551,-18.064375,-6.177803,47.719444,13.410696,-3.16888,45.456005,-15.881098,-5.549919,5.999346,8.895845,-12.767029,6.339184,-23.554491,2.532677,1.974159,14.335569,-4.923161,1.565936
45,-2.77433,1.274632,92.458084,2.968935,-1.019047,94.462692,-21.520494,4.690254,132.36499,25.330059,4.027302,134.379913,-20.918541,-3.737518,84.449615,19.177544,-1.488697,83.171425,-17.989653,-6.280651,47.734653,13.398769,-3.289658,45.429855,-15.859529,-5.780949,6.013462,8.871677,-13.004959,6.34565,-23.543306,2.289867,1.982136,14.332642,-5.17638,1.576372
45.5,-2.696079,1.290295,92.42585,2.927606,-1.02647,94.425262,-21.375231,4.638618,132.372314,25.298286,3.936367,134.348831,-20.826803,-3.783836,84.454124,19.151701,-1.569187,83.136909,-17.91449,-6.373146,47.750057,13.385906,-3.408966,45.40464,-15.839706,-6.011581,6.028741,8.848297,-13.242466,6.352213,-23.533283,2.047932,1.991042,14.330179,-5.428467,1.586983
46,-2.615351,1.304489,92.394234,2.884031,-1.033764,94.38607,-21.224108,4.582642,132.380859,25.263092,3.841553,134.316284,-20.733547,-3.827599,84.458694,19.123816,-1.646847,83.10202,-17.838097,-6.459824,47.765617,13.372385,-3.525387,45.378891,-15.819183,-6.241287,6.044089,8.824989,-13.481602,6.359747,-23.522213,1.806274,2.000085,14.325716,-5.681412,1.596224
46.5,-2.529358,1.316151,92.364815,2.838723,-1.040665,94.346161,-21.064802,4.518806,132.392639,25.224951,3.744236,134.283173,-20.635582,-3.869274,84.463676,19.093927,-1.721775,83.0672,-17.760195,-6.533672,47.782272,13.359465,-3.639187,45.353649,-15.800358,-6.46981,6.060966,8.802485,-13.721245,6.367769,-23.512415,1.564842,2.010428,14.319803,-5.934235,1.60435
47,-2.439717,1.32613,92.3395,2.791167,-1.047131,94.305328,-20.899971,4.45163,132.410629,25.182711,3.64423,134.249344,-20.533918,-3.911427,84.469742,19.062202,-1.793232,83.032303,-17.681292,-6.595375,47.798222,13.344501,-3.752361,45.328468,-15.782177,-6.69836,6.078511,8.780203,-13.960434,6.375221,-23.503239,1.323521,2.021298,14.314482,-6.185795,1.612275
47.5,-2.346574,1.334534,92.315308,2.741185,-1.053364,94.26255,-20.730021,4.379196,132.430298,25.135334,3.539932,134.213837,-20.428661,-3.951183,84.475914,19.027746,-1.860985,82.997002,-17.599825,-6.649212,47.81461,13.329073,-3.861465,45.301983,-15.763987,-6.92527,6.096537,8.759735,-14.199764,6.383644,-23.493393,1.082973,2.032534,14.306192,-6.436653,1.617825
48,-2.247789,1.340515,92.29847,2.68997,-1.059166,94.218849,-20.553196,4.30151,132.460068,25.085545,3.43343,134.178024,-20.317884,-3.993862,84.48423,18.992266,-1.924744,82.961563,-17.51725,-6.684097,47.831333,13.312881,-3.969475,45.275826,-15.745535,-7.152512,6.116002,8.740265,-14.438164,6.392321,-23.48457,0.841545,2.045084,14.298599,-6.686867,1.623279
48.5,-2.145283,1.345432,92.286118,2.635783,-1.06456,94.173706,-20.372757,4.220932,132.496231,25.029692,3.323994,134.140991,-20.202456,-4.037354,84.493805,18.954199,-1.9842,82.925674,-17.433329,-6.704185,47.847134,13.292751,-4.075745,45.248089,-15.727549,-7.379211,6.137268,8.721472,-14.676674,6.40071,-23.476128,0.599964,2.058063,14.290476,-6.936497,1.628003
49,-2.03948,1.349094,92.277779,2.579952,-1.069645,94.12709,-20.188902,4.137024,132.537628,24.9697,3.211834,134.102783,-20.083925,-4.081837,84.50486,18.914177,-2.039574,82.889313,-17.347887,-6.71389,47.863026,13.271296,-4.179268,45.219456,-15.70859,-7.605495,6.159309,8.704973,-14.914284,6.410154,-23.467154,0.358231,2.071449,14.281929,-7.185268,1.632271
49.5,-1.928792,1.351105,92.278297,2.523022,-1.07428,94.079109,-20.000898,4.049641,132.591446,24.907295,3.09824,134.064194,-19.95937,-4.131905,84.519325,18.873976,-2.090286,82.852554,-17.26186,-6.70306,47.879364,13.247709,-4.281738,45.189758,-15.686897,-7.831596,6.184606,8.687984,-15.150551,6.419133,-23.457159,0.114613,2.085909,14.273792,-7.433956,1.636485
50,-1.814662,1.352444,92.283813,2.462679,-1.078278,94.029587,-19.81049,3.959064,132.65152,24.837252,2.98246,134.024155,-19.831287,-4.182838,84.535728,18.829788,-2.135513,82.815392,-17.175728,-6.675808,47.89497,13.219265,-4.380783,45.158413,-15.665331,-8.05685,6.212674,8.673674,-15.386902,6.429298,-23.447245,-0.129238,2.101059,14.266975,-7.682365,1.641909
50.5,-1.697219,1.352524,92.297005,2.401551,-1.081905,93.978508,-19.617815,3.865932,132.722137,24.765301,2.865608,133.983276,-19.699818,-4.238682,84.556114,18.785229,-2.176109,82.777397,-17.08956,-6.63332,47.911537,13.189457,-4.478302,45.126244,-15.639105,-8.28112,6.244297,8.659157,-15.622364,6.439343,-23.434324,-0.37458,2.116862,14.260256,-7.931004,1.647307
51,-1.57643,1.35149,92.317589,2.33895,-1.084957,93.926048,-19.42359,3.768955,132.802643,24.689444,2.748554,133.942032,-19.5644,-4.298508,84.580536,18.73984,-2.211975,82.739273,-17.005432,-6.572533,47.929161,13.156397,-4.572834,45.092613,-15.608574,-8.50412,6.280765,8.64485,-15.857357,6.450162,-23.419079,-0.621765,2.13378,14.254879,-8.18055,1.654259
51.5,-1.453941,1.350098,92.342438,2.273921,-1.087433,93.872208,-19.228239,3.670341,132.88855,24.608648,2.630714,133.899719,-19.42804,-4.360065,84.607117,18.691128,-2.242611,82.700584,-16.921871,-6.49966,47.946899,13.121395,-4.664219,45.058735,-15.576731,-8.725292,6.32097,8.632341,-16.091732,6.461785,-23.402477,-0.869122,2.151869,14.250782,-8.430195,1.662717
52,-1.328462,1.346565,92.377708,2.207903,-1.089363,93.816261,-19.032833,3.56583,132.988251,24.525059,2.513035,133.856598,-19.28874,-4.426701,84.641632,18.64205,-2.267658,82.660721,-16.843245,-6.40649,47.969173,13.084677,-4.752369,45.023373,-15.534229,-8.941463,6.370681,8.618561,-16.326523,6.473439,-23.378317,-1.118401,2.171513,14.246374,-8.681511,1.671508
52.5,-1.201256,1.342186,92.419296,2.140534,-1.090611,93.758675,-18.835836,3.458191,133.0961,24.437805,2.396137,133.812927,-19.148701,-4.495899,84.679924,18.591799,-2.287861,82.620613,-16.76639,-6.298943,47.99231,13.045929,-4.836998,44.987667,-15.487551,-9.155655,6.42553,8.605143,-16.56102,6.48603,-23.351366,-1.36887,2.192493,14.243502,-8.933647,1.682054
53,-1.073551,1.336723,92.464584,2.071068,-1.091164,93.699516,-18.639851,3.347263,133.208221,24.346659,2.279476,133.768707,-19.009317,-4.565571,84.722115,18.537905,-2.303043,82.579575,-16.69339,-6.18269,48.019073,13.007984,-4.917801,44.951965,-15.435564,-9.364834,6.487142,8.591402,-16.795795,6.498831,-23.32028,-1.618851,2.215449,14.240456,-9.186821,1.692963
53.5,-0.944884,1.32827,92.519325,2.000747,-1.091206,93.63765,-18.444695,3.228378,133.331955,24.252466,2.163582,133.723267,-18.870522,-4.636356,84.773483,18.483877,-2.313019,82.537148,-16.627075,-6.050606,48.052723,12.969379,-4.994209,44.915169,-15.371046,-9.564548,6.561311,8.576607,-17.031254,6.511421,-23.279215,-1.869022,2.241081,14.237322,-9.441044,1.704686
54,-0.815567,1.318878,92.578346,1.928678,-1.090572,93.574036,-18.248987,3.107029,133.461395,24.154226,2.048641,133.67778,-18.73164,-4.708771,84.828354,18.427126,-2.318081,82.493752,-16.562687,-5.910316,48.088913,12.931522,-5.067768,44.878422,-15.301619,-9.761063,6.640431,8.561094,-17.266708,6.524203,-23.234846,-2.119514,2.268468,14.233974,-9.69553,1.716019
54.5,-0.687216,1.30629,92.641884,1.854485,-1.08886,93.50808,-18.055801,2.978531,133.594269,24.051296,1.934872,133.631287,-18.596872,-4.777027,84.890495,18.366529,-2.317833,82.448738,-16.505672,-5.764984,48.133743,12.8958,-5.135754,44.841358,-15.221693,-9.945835,6.731452,8.545048,-17.502958,6.537065,-23.182165,-2.366787,2.299428,14.229277,-9.950729,1.726469
55,-0.558924,1.290958,92.712608,1.779133,-1.086784,93.439308,-17.863886,2.843224,133.73584,23.945013,1.821377,133.583725,-18.463375,-4.844322,84.960381,18.305077,-2.313435,82.401711,-16.45322,-5.608681,48.185455,12.86076,-5.200207,44.803352,-15.131332,-10.120052,6.834008,8.528465,-17.740559,6.548986,-23.121084,-2.612892,2.333911,14.223305,-10.206711,1.735444
55.5,-0.431143,1.273617,92.785912,1.701528,-1.083771,93.368225,-17.672472,2.7047,133.879608,23.833277,1.70937,133.535858,-18.332132,-4.909878,85.034599,18.239836,-2.303455,82.352913,-16.403185,-5.45298,48.242519,12.826746,-5.261124,44.764095,-15.033953,-10.288067,6.941806,8.511263,-17.978971,6.561151,-23.055454,-2.856976,2.370491,14.217035,-10.462547,1.743366
56,-0.305063,1.251667,92.864777,1.621358,-1.079426,93.294304,-17.484802,2.557995,134.027008,23.715761,1.598656,133.486633,-18.204971,-4.967884,85.117889,18.170166,-2.288998,82.300972,-16.360069,-5.294754,48.311455,12.795424,-5.316662,44.723499,-14.92473,-10.438168,7.064044,8.493206,-18.217951,6.572097,-22.980001,-3.094551,2.412585,14.207907,-10.717541,1.74752
56.5,-0.179316,1.227821,92.947021,1.539493,-1.074684,93.218285,-17.298889,2.40712,134.177948,23.59362,1.488354,133.436951,-18.079041,-5.02367,85.206047,18.098234,-2.270927,82.2472,-16.319832,-5.133278,48.386024,12.764235,-5.369629,44.681496,-14.808733,-10.580006,7.193285,8.476286,-18.458807,6.583016,-22.899662,-3.330269,2.457413,14.19923,-10.973255,1.75056
57,-0.055133,1.200546,93.032249,1.45441,-1.068478,93.139549,-17.113777,2.253704,134.32991,23.464455,1.380466,133.385803,-17.95701,-5.074684,85.299957,18.022038,-2.247196,82.18998,-16.280186,-4.979622,48.468002,12.732418,-5.41843,44.636013,-14.683544,-10.711033,7.327905,8.460129,-18.700977,6.594123,-22.813141,-3.560333,2.505085,14.189287,-11.228352,1.750711
57.5,0.067486,1.16861,93.122551,1.366679,-1.06094,93.059319,-16.934185,2.093353,134.483932,23.329075,1.273621,133.334595,-17.837446,-5.116467,85.402557,17.941147,-2.220451,82.129791,-16.245998,-4.824955,48.562702,12.702744,-5.461708,44.588657,-14.546888,-10.820057,7.476351,8.443731,-18.943602,6.604905,-22.717787,-3.781567,2.55977,14.178144,-11.482529,1.747273
58,0.189501,1.135048,93.214622,1.276352,-1.052521,92.977386,-16.755852,1.93219,134.638779,23.187576,1.168781,133.282669,-17.71979,-5.155895,85.508514,17.857187,-2.189613,82.067444,-16.21151,-4.674656,48.661514,12.670874,-5.502296,44.538456,-14.405322,-10.9221,7.627627,8.43112,-19.188162,6.617003,-22.619064,-3.999336,2.615797,14.16868,-11.737133,1.742971
58.5,0.31,1.098118,93.309906,1.181726,-1.041927,92.894325,-16.579481,1.770157,134.793961,23.037739,1.067997,133.229736,-17.60387,-5.189533,85.619896,17.767679,-2.154675,82.000725,-16.177284,-4.532242,48.767811,12.636393,-5.536415,44.483036,-14.254133,-11.009007,7.783102,8.420782,-19.433977,6.631269,-22.514347,-4.209576,2.675866,14.159233,-11.991802,1.736357
59,0.428955,1.057941,93.408218,1.08536,-1.030472,92.811218,-16.407778,1.606701,134.948624,22.883247,0.968258,133.177643,-17.490898,-5.216019,85.736382,17.674915,-2.117573,81.932976,-16.144053,-4.39402,48.881935,12.602304,-5.566467,44.426971,-14.094454,-11.076965,7.945366,8.411654,-19.679949,6.646667,-22.403196,-4.410488,2.740485,14.149414,-12.245972,1.727065
59.5,0.547372,1.016418,93.508049,0.984769,-1.016933,92.72892,-16.237221,1.445347,135.103516,22.721439,0.874805,133.125687,-17.377909,-5.241013,85.855179,17.577631,-2.077042,81.862579,-16.108877,-4.262619,48.998997,12.562834,-5.589886,44.366123,-13.930182,-11.136684,8.107441,8.408918,-19.92717,6.667303,-22.289026,-4.606724,2.806134,14.143394,-12.500866,1.718714
60,0.664189,0.97213,93.610947,0.88062,-1.001503,92.647919,-16.069286,1.285957,135.257294,22.553015,0.78479,133.074905,-17.266438,-5.260464,85.978157,17.476139,-2.034477,81.79023,-16.073715,-4.138401,49.121758,12.521751,-5.604801,44.301861,-13.755131,-11.176411,8.271914,8.408348,-20.174097,6.692452,-22.167953,-4.793461,2.875758,14.138243,-12.756638,1.710626
60.5,0.779484,0.926102,93.715225,0.77476,-0.985043,92.568802,-15.904644,1.12973,135.409683,22.381315,0.699036,133.025711,-17.156916,-5.277233,86.10276,17.371799,-1.990444,81.717964,-16.035954,-4.021114,49.24691,12.478081,-5.615936,44.237068,-13.573492,-11.200508,8.436243,8.411718,-20.420506,6.721447,-22.041262,-4.971943,2.947005,14.133623,-13.012115,1.701126
61,0.894625,0.87925,93.821045,0.664283,-0.965759,92.49511,-15.740561,0.977261,135.561829,22.203402,0.622154,132.98024,-17.045956,-5.293266,86.228462,17.262503,-1.944798,81.645836,-15.997557,-3.908829,49.3736,12.430408,-5.61224,44.169529,-13.385898,-11.213589,8.598639,8.420408,-20.665461,6.761581,-21.911077,-5.145233,3.019045,14.133015,-13.268974,1.696232
61.5,1.007075,0.831039,93.927826,0.552178,-0.945557,92.422821,-15.578489,0.830742,135.710938,22.022488,0.547615,132.935898,-16.938148,-5.306599,86.354614,17.151344,-1.898205,81.573586,-15.95739,-3.80423,49.500546,12.382496,-5.603798,44.10099,-13.18871,-11.204849,8.758271,8.431131,-20.908663,6.804957,-21.772985,-5.308277,3.092557,14.131754,-13.525742,1.691033
62,1.118671,0.782013,94.035187,0.437694,-0.923626,92.357849,-15.418293,0.688721,135.858917,21.839876,0.482742,132.897751,-16.829973,-5.320873,86.480133,17.037151,-1.852135,81.50502,-15.914623,-3.705254,49.62677,12.331255,-5.58382,44.033897,-12.985296,-11.182716,8.914328,8.446337,-21.148808,6.859956,-21.629755,-5.465137,3.16606,14.132751,-13.783352,1.689471
62.5,1.229437,0.732662,94.143066,0.320122,-0.899456,92.300392,-15.258368,0.551376,136.00499,21.654957,0.426056,132.865387,-16.721567,-5.335423,86.60479,16.919413,-1.805717,81.439697,-15.872597,-3.609638,49.751968,12.280201,-5.546112,43.967594,-12.774565,-11.144859,9.066525,8.464079,-21.384586,6.928158,-21.481194,-5.615147,3.239091,14.133625,-14.041046,1.692358
63,1.336896,0.682777,94.24971,0.20192,-0.874901,92.246178,-15.099642,0.42197,136.146744,21.469427,0.373314,132.836136,-16.616076,-5.350349,86.726585,16.800842,-1.759922,81.376862,-15.82819,-3.5228,49.873253,12.229452,-5.504429,43.902603,-12.555429,-11.081966,9.210663,8.483295,-21.617229,7.00108,-21.324734,-5.753418,3.311123,14.134537,-14.29842,1.69696
63.5,1.443579,0.632492,94.356201,0.081333,-0.848362,92.203064,-14.941652,0.295891,136.28717,21.284187,0.331642,132.817047,-16.509836,-5.368019,86.846169,16.679634,-1.715477,81.321236,-15.783772,-3.437935,49.991932,12.180653,-5.441219,43.841728,-12.330345,-11.007095,9.350913,8.503889,-21.842033,7.091618,-21.163183,-5.887039,3.382207,14.133797,-14.555321,1.706572
64,1.548501,0.582382,94.460274,-0.039896,-0.820992,92.165665,-14.784513,0.173946,136.423035,21.100956,0.295612,132.80246,-16.404881,-5.3866,86.96244,16.557047,-1.671135,81.269577,-15.739452,-3.357773,50.106976,12.133572,-5.367363,43.783535,-12.100613,-10.912617,9.483612,8.524368,-22.062332,7.191152,-20.998051,-6.010342,3.450799,14.13225,-14.811062,1.719926
64.5,1.650757,0.531902,94.561684,-0.161757,-0.793278,92.136497,-14.627769,0.05809,136.554413,20.917715,0.266663,132.796936,-16.301401,-5.407791,87.073647,16.433756,-1.629684,81.225525,-15.695263,-3.282692,50.215836,12.090778,-5.279476,43.730255,-11.866659,-10.795929,9.606917,8.543705,-22.276018,7.303154,-20.829388,-6.122032,3.51729,14.128614,-15.066319,1.737989
65,1.750999,0.481041,94.66098,-0.284306,-0.764568,92.117386,-14.472291,-0.056217,136.682297,20.738836,0.246716,132.800583,-16.198528,-5.432079,87.180977,16.309204,-1.589146,81.189491,-15.652433,-3.209854,50.320873,12.05369,-5.170906,43.682415,-11.628132,-10.662567,9.724656,8.562466,-22.478985,7.432261,-20.655651,-6.22543,3.581444,14.121742,-15.318573,1.75968
65.5,1.849498,0.430225,94.755562,-0.406678,-0.735954,92.103676,-14.318404,-0.167465,136.80368,20.561478,0.231121,132.810028,-16.096651,-5.457203,87.282822,16.184473,-1.54998,81.158813,-15.608953,-3.142132,50.420109,12.020212,-5.051186,43.637981,-11.391294,-10.507771,9.831583,8.579124,-22.677952,7.570974,-20.485262,-6.312443,3.641602,14.113256,-15.570301,1.785905
66,1.945054,0.378891,94.845772,-0.528925,-0.707047,92.099449,-14.165634,-0.27668,136.91954,20.387171,0.223148,132.829453,-15.9965,-5.485703,87.378532,16.059107,-1.513142,81.137421,-15.568861,-3.077049,50.512909,11.99474,-4.911964,43.599945,-11.155775,-10.332245,9.929244,8.593113,-22.866423,7.725319,-20.31633,-6.384792,3.699121,14.102207,-15.819202,1.817198
66.5,2.039097,0.327488,94.932091,-0.650792,-0.678242,92.101532,-14.015421,-0.385769,137.030243,20.216423,0.220516,132.855148,-15.896761,-5.515686,87.46949,15.933784,-1.477085,81.122154,-15.528454,-3.013817,50.60149,11.97444,-4.757576,43.566235,-10.925844,-10.142403,10.019757,8.606609,-23.046192,7.893643,-20.15222,-6.442295,3.753347,14.089798,-16.065987,1.852654
67,2.130713,0.275562,95.011986,-0.772203,-0.649689,92.109154,-13.868303,-0.493664,137.132751,20.0462,0.221874,132.887329,-15.798155,-5.546768,87.553337,15.808935,-1.443127,81.113075,-15.488796,-2.954952,50.682533,11.96172,-4.584866,43.535339,-10.703259,-9.929802,10.097605,8.618666,-23.21973,8.074971,-19.998329,-6.476719,3.80304,14.074802,-16.311092,1.891901
67.5,2.219409,0.223286,95.085846,-0.892368,-0.621338,92.124191,-13.72409,-0.602146,137.22821,19.880699,0.229828,132.926819,-15.701597,-5.580589,87.630249,15.683748,-1.41058,81.11248,-15.452475,-2.898151,50.757492,11.957886,-4.393494,43.511456,-10.493135,-9.697945,10.164974,8.629799,-23.381413,8.273235,-19.855381,-6.487839,3.848797,14.061481,-16.552937,1.939204
68,2.306823,0.171181,95.155212,-1.011733,-0.593712,92.142471,-13.584053,-0.710556,137.31778,19.715429,0.240017,132.969482,-15.604696,-5.614876,87.701981,15.55954,-1.379482,81.115433,-15.414534,-2.84119,50.827736,11.960968,-4.187088,43.489285,-10.298687,-9.454948,10.224433,8.644075,-23.534204,8.484544,-19.727816,-6.475807,3.890628,14.046955,-16.791981,1.989382
68.5,2.390763,0.118435,95.215065,-1.130123,-0.565826,92.165672,-13.449452,-0.819798,137.395676,19.551424,0.255032,133.017181,-15.510178,-5.650177,87.763695,15.435993,-1.349979,81.124367,-15.378431,-2.788025,50.887871,11.973557,-3.956093,43.47031,-10.125208,-9.18586,10.267867,8.660337,-23.676676,8.713613,-19.622269,-6.42572,3.926198,14.035265,-17.028011,2.047315
69,2.472779,0.066029,95.270142,-1.246981,-0.53841,92.191902,-13.319345,-0.929073,137.467773,19.389885,0.273609,133.0672,-15.41687,-5.686867,87.820137,15.312729,-1.321617,81.137497,-15.343241,-2.733593,50.943691,11.99275,-3.711475,43.455597,-9.97385,-8.907089,10.302583,8.681448,-23.811371,8.956383,-19.537367,-6.347557,3.957487,14.026213,-17.262272,2.112313
69.5,2.552322,0.013866,95.319504,-1.362919,-0.511318,92.219757,-13.193933,-1.03828,137.5327,19.226681,0.293461,133.117538,-15.324295,-5.723907,87.869965,15.190594,-1.295185,81.152328,-15.307547,-2.677872,50.993317,12.022549,-3.446697,43.441372,-9.847404,-8.614582,10.32833,8.71014,-23.931538,9.214708,-19.474449,-6.235455,3.983659,14.019184,-17.490343,2.181582
70,2.628417,-0.037907,95.358612,-1.476843,-0.483753,92.25016,-13.076868,-1.147442,137.58461,19.063463,0.31797,133.168961,-15.234648,-5.761681,87.90876,15.069435,-1.270721,81.170944,-15.271763,-2.622623,51.031967,12.064745,-3.156361,43.431519,-9.758585,-8.300285,10.336667,8.749125,-24.037558,9.494734,-19.448019,-6.070164,4.001605,14.01939,-17.713657,2.264312
70.5,2.702257,-0.089016,95.394653,-1.589375,-0.456196,92.279991,-12.96397,-1.2556,137.632401,18.901037,0.344078,133.217758,-15.146132,-5.800121,87.94413,14.949757,-1.247139,81.189232,-15.237087,-2.563499,51.067871,12.113001,-2.856083,43.422516,-9.692789,-7.981514,10.339975,8.797047,-24.136469,9.783288,-19.440687,-5.877712,4.015146,14.022779,-17.934071,2.351955
71,2.772334,-0.138943,95.422508,-1.700392,-0.428249,92.310249,-12.858341,-1.361931,137.669678,18.735804,0.371601,133.263763,-15.060091,-5.839081,87.969734,14.830509,-1.227009,81.20787,-15.201851,-2.500919,51.094643,12.177856,-2.530384,43.415894,-9.670977,-7.645329,10.33107,8.85911,-24.211855,10.093361,-19.46986,-5.630013,4.020092,14.032429,-18.142878,2.451403
71.5,2.839056,-0.187695,95.443474,-1.808799,-0.399494,92.340218,-12.759607,-1.466164,137.698029,18.569929,0.402767,133.306503,-14.977081,-5.878788,87.987411,14.713346,-1.208698,81.226486,-15.166618,-2.434433,51.113487,12.256289,-2.18285,43.412266,-9.684974,-7.29533,10.30973,8.936773,-24.271307,10.422075,-19.531244,-5.333961,4.017357,14.047945,-18.34416,2.562752
72,2.902975,-0.235424,95.46183,-1.916348,-0.370464,92.368614,-12.664923,-1.568459,137.72229,18.403177,0.43446,133.345184,-14.896166,-5.918476,88.002136,14.597244,-1.192234,81.243263,-15.133554,-2.362858,51.130314,12.342232,-1.827091,43.409729,-9.723618,-6.941673,10.286319,9.023706,-24.320282,10.758265,-19.609253,-5.01038,4.009865,14.067425,-18.539677,2.680774
72.5,2.960649,-0.280426,95.470001,-2.020822,-0.340179,92.39534,-12.580838,-1.665638,137.73288,18.234753,0.467892,133.376541,-14.820137,-5.959137,88.004219,14.48296,-1.180149,81.257629,-15.100538,-2.282497,51.135201,12.451611,-1.446636,43.411976,-9.826906,-6.56728,10.248302,9.130291,-24.33749,11.116922,-19.737631,-4.605495,3.988611,14.093838,-18.715567,2.818314
73,3.016243,-0.324631,95.475975,-2.123124,-0.308895,92.420593,-12.499618,-1.761051,137.740479,18.066029,0.503803,133.403564,-14.745861,-6.000011,88.003693,14.370663,-1.170002,81.269897,-15.069077,-2.198826,51.137787,12.573637,-1.051098,43.416031,-9.945565,-6.187881,10.207226,9.249199,-24.337765,11.488335,-19.876637,-4.180107,3.963835,14.123693,-18.881855,2.965244
73.5,3.067254,-0.366714,95.47728,-2.223696,-0.277203,92.443405,-12.424658,-1.852127,137.740692,17.896509,0.539642,133.424088,-14.676237,-6.040413,87.997429,14.259888,-1.162998,81.279114,-15.041025,-2.106735,51.136215,12.708311,-0.648937,43.423805,-10.103577,-5.799911,10.162109,9.379347,-24.32066,11.86717,-20.042154,-3.70771,3.930658,14.157686,-19.034597,3.124427
74,3.111331,-0.405846,95.471725,-2.320765,-0.243866,92.462784,-12.358868,-1.937077,137.731323,17.727062,0.577454,133.43544,-14.611292,-6.081669,87.982567,14.152321,-1.160633,81.283157,-15.016924,-2.003681,51.127434,12.869102,-0.22805,43.436825,-10.313601,-5.39558,10.110397,9.523899,-24.266935,12.264098,-20.240284,-3.170303,3.88571,14.195744,-19.161913,3.305926
74.5,3.154044,-0.444389,95.465263,-2.416106,-0.209988,92.480972,-12.294765,-2.020557,137.720337,17.558113,0.61602,133.443314,-14.548134,-6.122379,87.966629,14.045839,-1.160324,81.285316,-14.995337,-1.898327,51.11837,13.039145,0.199944,43.451588,-10.530722,-4.989143,10.058121,9.674671,-24.199287,12.66778,-20.442425,-2.622158,3.83945,14.235533,-19.279898,3.49638
75,3.18968,-0.479965,95.452995,-2.508235,-0.175686,92.495789,-12.23872,-2.098072,137.700363,17.391394,0.654064,133.443436,-14.491823,-6.161758,87.943542,13.943146,-1.163235,81.282822,-14.980385,-1.781273,51.10471,13.226187,0.629032,43.473812,-10.793385,-4.568687,10.004308,9.832062,-24.105001,13.074054,-20.668587,-2.017208,3.782365,14.277264,-19.37108,3.70219
75.5,3.221054,-0.513844,95.437981,-2.597856,-0.140083,92.506996,-12.188902,-2.171604,137.675964,17.225849,0.693829,133.435699,-14.43749,-6.201401,87.917259,13.842836,-1.170433,81.274651,-14.970343,-1.657101,51.089508,13.432838,1.068024,43.49987,-11.079792,-4.140839,9.950041,9.993004,-23.98205,13.490799,-20.906639,-1.383366,3.720624,14.321629,-19.440487,3.929965
76,3.249254,-0.546688,95.421051,-2.684599,-0.10461,92.517136,-12.141575,-2.242699,137.648575,17.063967,0.732788,133.424988,-14.38735,-6.239025,87.888657,13.745007,-1.179146,81.264969,-14.965652,-1.529018,51.073689,13.646936,1.506451,43.530445,-11.377481,-3.706604,9.896089,10.155916,-23.842573,13.907801,-21.147909,-0.729134,3.656608,14.366474,-19.493656,4.166687
76.5,3.271349,-0.577091,95.400177,-2.768322,-0.069004,92.523628,-12.103111,-2.30883,137.614624,16.906385,0.770977,133.407867,-14.342266,-6.274521,87.855522,13.651236,-1.191036,81.249611,-14.970135,-1.390778,51.056671,13.874746,1.940144,43.569508,-11.701418,-3.261833,9.845389,10.312267,-23.676413,14.320552,-21.397631,-0.041473,3.587882,14.411818,-19.514872,4.419018
77,3.290889,-0.606735,95.378143,-2.849421,-0.032578,92.527039,-12.068079,-2.372841,137.578506,16.752552,0.810524,133.38414,-14.299025,-6.309204,87.821342,13.560043,-1.206203,81.229263,-14.97867,-1.248917,51.039703,14.11437,2.37574,43.613346,-12.034903,-2.812737,9.795299,10.468145,-23.489891,14.736637,-21.65123,0.660728,3.517999,14.460207,-19.515957,4.69115
77.5,3.306521,-0.635319,95.35405,-2.927503,0.002666,92.529755,-12.037346,-2.434258,137.53952,16.604309,0.847427,133.360352,-14.259636,-6.340446,87.784431,13.472029,-1.221729,81.207932,-14.994345,-1.102798,51.022732,14.353621,2.802574,43.663742,-12.371423,-2.356007,9.749104,10.613163,-23.285587,15.140572,-21.898176,1.374435,3.449656,14.508413,-19.491835,4.96624
78,3.317925,-0.66238,95.327415,-3.002862,0.038292,92.529434,-12.014822,-2.492184,137.495804,16.462229,0.884697,133.331238,-14.224697,-6.36927,87.744949,13.387833,-1.240089,81.181381,-15.019432,-0.949162,51.006348,14.599451,3.224133,43.722763,-12.717781,-1.891758,9.705694,10.75009,-23.061411,15.536979,-22.146986,2.10722,3.381778,14.557791,-19.437368,5.254058
78.5,3.32707,-0.689018,95.299942,-3.075164,0.073578,92.527237,-11.995145,-2.548489,137.450989,16.32597,0.921391,133.299194,-14.191791,-6.395199,87.704597,13.306328,-1.259884,81.151817,-15.048321,-0.793602,50.990044,14.847872,3.638222,43.789265,-13.062375,-1.423061,9.665387,10.878983,-22.821239,15.924517,-22.390009,2.843994,3.317072,14.610258,-19.358524,5.551508
79,3.333519,-0.715042,95.271019,-3.144239,0.107697,92.524712,-11.980804,-2.602947,137.403915,16.197771,0.956009,133.268143,-14.161638,-6.417969,87.662262,13.228859,-1.280243,81.121567,-15.082436,-0.635201,50.973869,15.085957,4.043056,43.863483,-13.401411,-0.95055,9.628448,10.992203,-22.563305,16.291304,-22.625515,3.582455,3.258183,14.664433,-19.246788,5.847365
79.5,3.337615,-0.740295,95.240837,-3.210574,0.141891,92.520744,-11.971056,-2.655083,137.35498,16.076591,0.990547,133.234985,-14.135647,-6.437679,87.618202,13.153835,-1.302216,81.088287,-15.123575,-0.472557,50.958138,15.323441,4.439449,43.949066,-13.736667,-0.470211,9.59399,11.097839,-22.289602,16.643379,-22.85494,4.330318,3.202645,14.719788,-19.101639,6.144537
80,3.33927,-0.765049,95.209572,-3.273964,0.175228,92.51635,-11.967104,-2.70467,137.304474,15.961475,1.023758,133.202133,-14.111783,-6.453289,87.572723,13.081657,-1.324654,81.054413,-15.167753,-0.307236,50.942081,15.55147,4.826756,44.042015,-14.057879,0.011879,9.56458,11.190281,-22.00004,16.972492,-23.072742,5.06847,3.157431,14.779661,-18.925072,6.436659
80.5,3.339608,-0.789459,95.177483,-3.33397,0.208241,92.51207,-11.965523,-2.752983,137.252945,15.855082,1.056458,133.170654,-14.091036,-6.466225,87.525749,13.013317,-1.347931,81.020576,-15.214897,-0.140224,50.925636,15.767797,5.206669,44.144619,-14.370179,0.498569,9.53633,11.274498,-21.693569,17.279627,-23.283285,5.809837,3.117396,14.840193,-18.711557,6.72046
81,3.337821,-0.813076,95.144455,-3.390605,0.240574,92.5084,-11.969381,-2.798035,137.200592,15.756882,1.087738,133.141296,-14.074075,-6.475079,87.476646,12.946821,-1.372089,80.987015,-15.266018,0.030388,50.908535,15.972698,5.574757,44.259933,-14.66571,0.990414,9.512116,11.34536,-21.36665,17.554726,-23.480528,6.546616,3.086529,14.903688,-18.451818,6.987437
81.5,3.334912,-0.836456,95.110909,-3.444106,0.272629,92.505554,-11.976082,-2.841484,137.147461,15.665277,1.118774,133.113419,-14.059159,-6.481361,87.427101,12.883217,-1.397091,80.955101,-15.317564,0.20285,50.891151,16.163677,5.937885,44.382355,-14.950117,1.482193,9.49045,11.410925,-21.022331,17.802917,-23.671799,7.276012,3.063277,14.970167,-18.156149,7.238864
82,3.330431,-0.85915,95.076752,-3.494256,0.304436,92.503487,-11.984484,-2.882645,137.094147,15.580843,1.148911,133.088348,-14.047998,-6.484173,87.375504,12.822474,-1.422661,80.924477,-15.370998,0.37785,50.872646,16.341413,6.291618,44.515381,-15.219532,1.979622,9.470882,11.469366,-20.655474,18.019283,-23.850174,8.00528,3.046778,15.037855,-17.812376,7.469606
82.5,3.323611,-0.880783,95.041939,-3.540128,0.335911,92.503593,-11.999067,-2.919067,137.039948,15.505762,1.178482,133.067215,-14.04114,-6.482853,87.322327,12.76441,-1.44931,80.897888,-15.42528,0.557377,50.853348,16.501949,6.636806,44.658089,-15.465172,2.477592,9.456216,11.517023,-20.261263,18.19272,-24.014549,8.718678,3.042017,15.106766,-17.414911,7.668445
83,3.31655,-0.90234,95.007111,-3.583031,0.367218,92.50489,-12.01297,-2.954891,136.986359,15.436378,1.207764,133.048187,-14.035749,-6.480255,87.269165,12.708055,-1.476952,80.873581,-15.479765,0.738071,50.834145,16.651854,6.97628,44.80764,-15.705334,2.97583,9.441807,11.563148,-19.847944,18.33894,-24.175674,9.430943,3.040136,15.177555,-16.979614,7.847868
83.5,3.306309,-0.922192,94.971611,-3.621364,0.398518,92.508133,-12.030765,-2.985451,136.931885,15.374699,1.236721,133.033386,-14.036198,-6.472389,87.213928,12.656284,-1.505436,80.853592,-15.534822,0.924107,50.813782,16.783791,7.305874,44.965561,-15.92194,3.47649,9.432626,11.600393,-19.39901,18.434526,-24.317902,10.13052,3.048215,15.249313,-16.478745,7.989054
84,3.294639,-0.941441,94.936127,-3.655944,0.429688,92.513489,-12.051166,-3.013435,136.877594,15.320753,1.265797,133.021896,-14.03918,-6.462391,87.158669,12.606443,-1.535378,80.838188,-15.590069,1.112778,50.793941,16.904543,7.629028,45.127304,-16.125566,3.974873,9.425311,11.633434,-18.925976,18.49563,-24.453697,10.819283,3.060493,15.320253,-15.936199,8.102305
84.5,3.28192,-0.960125,94.900734,-3.687255,0.460392,92.520233,-12.071392,-3.03965,136.824051,15.272038,1.293938,133.012939,-14.044444,-6.450321,87.103142,12.558739,-1.566002,80.826271,-15.645763,1.304317,50.774323,17.013391,7.944172,45.294067,-16.320286,4.472111,9.419819,11.6614,-18.427481,18.519178,-24.582325,11.500401,3.076218,15.393532,-15.348057,8.189271
85,3.265365,-0.97686,94.865234,-3.712699,0.49139,92.529137,-12.095957,-3.059753,136.769608,15.232582,1.32336,133.008026,-14.056051,-6.432278,87.04747,12.518087,-1.597591,80.820435,-15.702072,1.501553,50.755699,17.105198,8.249481,45.462563,-16.49202,4.963722,9.4201,11.680628,-17.888315,18.48695,-24.693453,12.15765,3.099744,15.464417,-14.694199,8.233766
85.5,3.247563,-0.993244,94.829811,-3.73515,0.521927,92.539574,-12.121645,-3.078506,136.715897,15.199009,1.352615,133.005157,-14.068945,-6.413197,86.991539,12.478626,-1.630432,80.818214,-15.759232,1.700512,50.737549,17.190516,8.547787,45.631332,-16.657356,5.453201,9.420449,11.695534,-17.331873,18.427738,-24.800169,12.809311,3.123013,15.536102,-14.011982,8.259657
86,3.227332,-1.008366,94.794785,-3.752912,0.551956,92.551201,-12.149338,-3.093422,136.662323,15.172117,1.381657,133.004715,-14.086264,-6.389484,86.936623,12.444925,-1.663609,80.82106,-15.8179,1.903652,50.721424,17.262793,8.836502,45.798218,-16.807795,5.932671,9.424315,11.701836,-16.743248,18.321396,-24.896141,13.4352,3.149958,15.607973,-13.281185,8.254623
86.5,3.204221,-1.022259,94.759811,-3.766233,0.581833,92.564095,-12.179806,-3.104691,136.608444,15.152201,1.412136,133.006683,-14.107594,-6.361294,86.882042,12.417141,-1.697365,80.828064,-15.877453,2.109341,50.706467,17.323566,9.116108,45.961929,-16.946281,6.404198,9.430405,11.69898,-16.13018,18.176577,-24.981777,14.04282,3.179114,15.678867,-12.512787,8.225701
87,3.179419,-1.035702,94.724808,-3.775936,0.611122,92.578056,-12.212753,-3.114227,136.554749,15.138206,1.44265,133.009872,-14.1304,-6.33152,86.826996,12.392818,-1.731857,80.838684,-15.938072,2.316887,50.692112,17.377449,9.388378,46.122238,-17.077848,6.870491,9.437572,11.689289,-15.499962,18.002478,-25.061304,14.638683,3.207633,15.749939,-11.718609,8.179796
87.5,3.151319,-1.047943,94.690521,-3.78024,0.639717,92.592262,-12.249182,-3.119278,136.501312,15.132576,1.473938,133.014267,-14.158958,-6.294586,86.773972,12.376556,-1.765514,80.853333,-16.001284,2.527065,50.680698,17.41828,9.650589,46.273876,-17.191441,7.315708,9.44623,11.669363,-14.846008,17.788593,-25.129093,15.193878,3.238034,15.819988,-10.893353,8.113086
88,3.121242,-1.059475,94.655945,-3.781569,0.667759,92.607254,-12.288156,-3.122032,136.447571,15.130924,1.506062,133.020233,-14.190323,-6.254578,86.72036,12.365122,-1.799431,80.870697,-16.06473,2.737549,50.669083,17.450613,9.90591,46.421421,-17.298655,7.754459,9.455339,11.640497,-14.181366,17.550547,-25.189137,15.737282,3.268134,15.889759,-10.05143,8.03517
88.5,3.088979,-1.070568,94.62146,-3.777928,0.695293,92.621918,-12.331224,-3.12212,136.393723,15.137184,1.53894,133.025757,-14.224072,-6.211113,86.666679,12.36047,-1.832474,80.890366,-16.129562,2.948006,50.658245,17.47504,10.153603,46.559273,-17.397036,8.177372,9.464117,11.603521,-13.501217,17.284958,-25.243282,16.254929,3.296044,15.957445,-9.190845,7.945001
89,3.054165,-1.08091,94.586792,-3.770253,0.722164,92.636833,-12.378412,-3.118538,136.339661,15.149,1.572987,133.032333,-14.262764,-6.160694,86.613503,12.362854,-1.864368,80.91243,-16.194857,3.158115,50.647644,17.487679,10.395325,46.68935,-17.479832,8.580395,9.471425,11.558739,-12.813507,16.998343,-25.286312,16.738373,3.324654,16.022835,-8.322113,7.846517
89.5,3.017505,-1.090721,94.551674,-3.759054,0.748482,92.651711,-12.429243,-3.112686,136.285004,15.16564,1.60759,133.039566,-14.304594,-6.107346,86.559296,12.370754,-1.895733,80.936531,-16.25997,3.366734,50.635971,17.491505,10.631088,46.812492,-17.556477,8.973625,9.478338,11.505911,-12.116848,16.690493,-25.321457,17.20668,3.35133,16.085962,-7.441704,7.739177
90,2.978537,-1.100395,94.516357,-3.743611,0.774666,92.665314,-12.484743,-3.103203,136.230286,15.189072,1.643475,133.045547,-14.349936,-6.049107,86.504494,12.385059,-1.924652,80.96032,-16.324677,3.57214,50.62331,17.487482,10.862263,46.925621,-17.622728,9.344543,9.482072,11.448845,-11.413399,16.369722,-25.349634,17.644333,3.374045,16.143744,-6.556168,7.625947
90.5,2.937826,-1.10968,94.480133,-3.724797,0.800407,92.678734,-12.544251,-3.091133,136.174789,15.215496,1.679825,133.052322,-14.399079,-5.985439,86.448685,12.405565,-1.951847,80.985695,-16.387869,3.77467,50.608208,17.472523,11.089176,47.031116,-17.677303,9.699997,9.482868,11.387003,-10.703167,16.035099,-25.367863,18.058022,3.395118,16.19401,-5.664852,7.503767
91,2.894967,-1.118458,94.443031,-3.701404,0.826286,92.691017,-12.608595,-3.075039,136.118591,15.249231,1.717548,133.058685,-14.452553,-5.918083,86.391235,12.432215,-1.976967,81.011208,-16.449234,3.972427,50.590389,17.447598,11.311455,47.126991,-17.723953,10.037388,9.480218,11.321625,-9.982933,15.684701,-25.376884,18.450111,3.411137,16.237822,-4.763805,7.371951
91.5,2.850523,-1.127186,94.40506,-3.675359,0.852295,92.701958,-12.67691,-3.056076,136.061844,15.285791,1.755726,133.06424,-14.508907,-5.846699,86.332336,12.462753,-1.99926,81.035744,-16.508368,4.165714,50.569672,17.415844,11.530533,47.215038,-17.762438,10.359135,9.473897,11.25536,-9.254406,15.328242,-25.378565,18.822807,3.422669,16.27088,-3.8559,7.22981
92,2.804238,-1.135624,94.365814,-3.645632,0.878586,92.711411,-12.749209,-3.034027,136.004059,15.326868,1.794525,133.069611,-14.568983,-5.770996,86.271721,12.49881,-2.018787,81.060181,-16.564482,4.352707,50.544605,17.373711,11.744953,47.293537,-17.791172,10.663837,9.462943,11.188545,-8.511909,14.959885,-25.369772,19.173904,3.427807,16.291027,-2.934807,7.072847
92.5,2.756014,-1.143543,94.325119,-3.612197,0.905602,92.719261,-12.826553,-3.007206,135.945282,15.372944,1.835136,133.074112,-14.632574,-5.691933,86.209122,12.538681,-2.035206,81.083359,-16.61693,4.533161,50.515434,17.322762,11.954266,47.362301,-17.814228,10.950554,9.447026,11.121386,-7.754177,14.580761,-25.351387,19.508446,3.425531,16.299253,-1.999386,6.900809
93,2.70587,-1.151325,94.283302,-3.576291,0.932877,92.724312,-12.90732,-2.977478,135.885803,15.422514,1.875225,133.076843,-14.699465,-5.609146,86.144745,12.581177,-2.047478,81.104454,-16.666332,4.706715,50.48204,17.263273,12.156258,47.419659,-17.830187,11.222034,9.426548,11.053913,-6.978535,14.192316,-25.324768,19.825729,3.41549,16.29023,-1.046444,6.708485
93.5,2.653718,-1.158592,94.239601,-3.536261,0.961376,92.726578,-12.992373,-2.943401,135.824829,15.477879,1.917099,133.078583,-14.769138,-5.522778,86.078346,12.628281,-2.055244,81.123322,-16.71146,4.870579,50.442657,17.192226,12.350029,47.463455,-17.839268,11.473175,9.399187,10.988125,-6.176811,13.78979,-25.286316,20.123199,3.393259,16.261444,-0.067543,6.490223
94,2.600355,-1.165379,94.194992,-3.494214,0.990303,92.727005,-13.080145,-2.906391,135.763229,15.536484,1.95985,133.078659,-14.840673,-5.434795,86.011017,12.677076,-2.060349,81.140717,-16.75428,5.030468,50.400883,17.114752,12.536953,47.498306,-17.845718,11.715897,9.368495,10.921789,-5.361176,13.379695,-25.242113,20.414703,3.36634,16.221752,0.924736,6.258072
94.5,2.543984,-1.171635,94.148773,-3.449104,1.019707,92.722305,-13.171667,-2.864735,135.700714,15.601007,2.003105,133.075668,-14.915726,-5.342339,85.941605,12.728182,-2.058815,81.153717,-16.79291,5.177982,50.352531,17.024067,12.706844,47.512817,-17.846697,11.933125,9.330171,10.852472,-4.515999,12.952658,-25.187904,20.679611,3.323927,16.159525,1.944908,5.994642
95,2.485845,-1.177338,94.100548,-3.400583,1.050129,92.714149,-13.267206,-2.819092,135.636475,15.671459,2.048283,133.070282,-14.991716,-5.247547,85.870667,12.782295,-2.05183,81.163185,-16.828062,5.315315,50.298519,16.921806,12.863625,47.511024,-17.844944,12.133106,9.284348,10.781828,-3.645962,12.51108,-25.124002,20.931427,3.268538,16.077568,2.98933,5.703726
95.5,2.426286,-1.182419,94.051849,-3.350387,1.080605,92.703224,-13.364454,-2.770775,135.571823,15.746759,2.094837,133.062103,-15.068968,-5.150948,85.79937,12.837906,-2.041294,81.170029,-16.861502,5.448715,50.242428,16.810926,13.009563,47.496662,-17.840761,12.323212,9.235364,10.708229,-2.767445,12.064301,-25.056782,21.172729,3.208709,15.985687,4.040028,5.40294
96,2.363391,-1.186684,94.0009,-3.296534,1.111179,92.685242,-13.465913,-2.717075,135.505798,15.831377,2.143578,133.048737,-15.148045,-5.049728,85.725777,12.896088,-2.021614,81.169708,-16.890739,5.565441,50.177753,16.680595,13.128044,47.452873,-17.83321,12.479599,9.174539,10.625427,-1.865734,11.597076,-24.981281,21.379433,3.129941,15.871719,5.10844,5.068991
96.5,2.299645,-1.190639,93.94912,-3.240846,1.141781,92.664764,-13.568699,-2.661663,135.439133,15.92111,2.193661,133.03302,-15.227604,-4.947338,85.651634,12.956444,-1.997948,81.166496,-16.918583,5.676888,50.11034,16.54118,13.235508,47.397064,-17.82468,12.627621,9.109573,10.539436,-0.960037,11.124894,-24.901991,21.579559,3.045418,15.748482,6.178177,4.7248
97,2.233818,-1.193684,93.896088,-3.182655,1.171799,92.640129,-13.674807,-2.602287,135.371185,16.018747,2.247032,133.013031,-15.307053,-4.841461,85.576157,13.018999,-1.96777,81.158165,-16.943945,5.779739,50.037716,16.386044,13.324783,47.320709,-17.812155,12.752789,9.037278,10.445549,-0.061306,10.650373,-24.821821,21.751419,2.95435,15.617502,7.233192,4.376096
97.5,2.164896,-1.19593,93.840736,-3.120515,1.200714,92.608765,-13.783998,-2.537949,135.302078,16.128933,2.303802,132.986771,-15.388512,-4.730579,85.4981,13.085932,-1.927387,81.141701,-16.964628,5.864262,49.955227,16.207697,13.384193,47.214577,-17.795458,12.841877,8.950622,10.339434,0.824223,10.167454,-24.736933,21.884155,2.849043,15.473787,8.26432,4.012797
98,2.095743,-1.197941,93.784866,-3.057383,1.229111,92.576355,-13.894246,-2.472958,135.23233,16.242781,2.362335,132.959213,-15.469679,-4.618813,85.419266,13.154366,-1.884148,81.123596,-16.98457,5.947029,49.870995,16.021553,13.437405,47.101112,-17.777752,12.927052,8.861967,10.229036,1.694736,9.688238,-24.653046,22.011795,2.743788,15.330061,9.275223,3.654263
98.5,2.023818,-1.198975,93.726425,-2.990034,1.255569,92.539398,-14.008598,-2.402561,135.160782,16.370119,2.426502,132.925995,-15.551462,-4.500893,85.336754,13.227385,-1.830715,81.097824,-16.999048,6.013226,49.775867,15.812082,13.466774,46.963619,-17.749907,12.971569,8.758821,10.108524,2.509949,9.223641,-24.570999,22.085754,2.634498,15.184937,10.214081,3.309773
99,1.950351,-1.199543,93.666336,-2.919577,1.280334,92.499695,-14.12467,-2.329475,135.088272,16.507463,2.494236,132.889282,-15.634808,-4.379536,85.251823,13.304131,-1.77042,81.067162,-17.009483,6.068638,49.673897,15.586002,13.480755,46.810806,-17.717402,12.994495,8.646892,9.982437,3.277958,8.771133,-24.489559,22.133141,2.522634,15.04236,11.09388,2.977022
99.5,1.876331,-1.199738,93.60524,-2.84815,1.304337,92.45993,-14.242636,-2.255222,135.014725,16.647449,2.563728,132.852112,-15.718262,-4.256454,85.165207,13.382353,-1.707016,81.035767,-17.018122,6.121109,49.568699,15.35251,13.490902,46.654156,-17.681963,13.011101,8.531905,9.852554,4.016602,8.328136,-24.41041,22.170891,2.413239,14.903728,11.936562,2.655768
,,,,,,,,,,,,,,,,,,,,,,,,,,,,,,,,,,,,
Link,0.028393,0.018696,93.43499,0,0,93.419785,-17.127441,0.845642,134.367203,20.96213,3.083336,133.600143,-17.871962,-3.837502,85.356163,16.092928,-0.756813,82.069153,-16.845057,-0.578735,48.785229,13.631706,3.425064,45.280537,-15.243065,0.845669,7.563113,9.494932,-10.264721,8.892803,-23.205603,8.05061,2.548286,14.566143,-3.296265,2.797451
Static,0,0,94.439232,0,0,94.439232,-19.236801,-5.638714,136.917007,20.150898,1.548088,134.673996,-17.649902,-2.129616,83.995102,16.364298,2.187988,85.422401,-13.546203,3.271484,47.741901,13.166998,2.38839,46.789398,-10.217402,2.265488,6.33577,11.542498,3.564384,6.1651,-13.141203,12.792389,2.09556,13.896097,13.974686,1.65244
