[Gait],,,,,,,,,,,,,,,,,,,,,,,,,,,,,,,,,,,,
氏名,周期,歩行率,立脚,%,遊脚,%,両足支持,%,ストライド,ステップ,歩隔,,,,,,,,,,,,,,,,,,,,,,,,,
Group1(R),0,0,0,0,0,0,0,0,0,0,0,,,,,,,,,,,,,,,,,,,,,,,,,
SD,0,0,0,0,0,0,0,0,0,0,0,,,,,,,,,,,,,,,,,,,,,,,,,
CV,0,0,0,0,0,0,0,0,0,0,0,,,,,,,,,,,,,,,,,,,,,,,,,
Group1(L),0,0,0,0,0,0,0,0,0,0,0,,,,,,,,,,,,,,,,,,,,,,,,,
SD,0,0,0,0,0,0,0,0,0,0,0,,,,,,,,,,,,,,,,,,,,,,,,,
CV,0,0,0,0,0,0,0,0,0,0,0,,,,,,,,,,,,,,,,,,,,,,,,,
[Data],,,,,,,,,,,,,,,,,,,,,,,,,,,,,,,,,,,,
Cycle(%),重心[x](cm),重心[y](cm),重心[z](cm),重心[x](cm),重心[y](cm),重心[z](cm),左肩峰[x](cm),左肩峰[y](cm),左肩峰[z](cm),右肩峰[x](cm),右肩峰[y](cm),右肩峰[z](cm),左大転子[x](cm),左大転子[y](cm),左大転子[z](cm),右大転子[x](cm),右大転子[y](cm),右大転子[z](cm),左外側上顆[x](cm),左外側上顆[y](cm),左外側上顆[z](cm),右外側上顆[x](cm),右外側上顆[y](cm),右外側上顆[z](cm),左外果[x](cm),左外果[y](cm),左外果[z](cm),右外果[x](cm),右外果[y](cm),右外果[z](cm),左第５中足骨頭[x](cm),左第５中足骨頭[y](cm),左第５中足骨頭[z](cm),右第５中足骨頭[x](cm),右第５中足骨頭[y](cm),右第５中足骨頭[z](cm)
0,-0.535233018,-0.177564,93.8314,-0.535233018,-0.177564,93.8314,-20.16976872,5.394336,134.157,18.65483128,-3.530664,134.318,-17.27816872,-0.790664,83.7366,17.13233128,-1.046164,83.4798,-15.10016872,-12.299864,47.977,13.67003128,11.098436,46.7246,-13.95836872,-27.944964,13.3605,11.83123128,19.795936,10.0577,-15.30816872,-21.326064,4.37148,14.04773128,30.101636,6.24975
0.5,-0.446221518,-0.139364,93.7619,-0.446221518,-0.139364,93.7619,-20.05606872,5.355536,134.078,18.80033128,-3.486264,134.178,-17.19186872,-0.706864,83.7037,17.22313128,-0.897264,83.4109,-15.07656872,-12.250664,47.9332,13.71693128,11.357536,46.6983,-13.98796872,-28.313764,13.5104,11.81723128,19.630036,9.96724,-15.30856872,-21.836064,4.39174,14.00213128,29.853936,6.01573
1,-0.357098718,-0.100864,93.6924,-0.357098718,-0.100864,93.6924,-19.94216872,5.316836,133.999,18.94583128,-3.441864,134.039,-17.10566872,-0.622464,83.6708,17.31413128,-0.748364,83.3424,-15.05306872,-12.200464,47.8894,13.76413128,11.617436,46.6725,-14.01766872,-28.682264,13.6607,11.80373128,19.462436,9.877,-15.30906872,-22.345864,4.41211,13.95713128,29.604136,5.78121
1.5,-0.265600718,-0.057864,93.624,-0.265600718,-0.057864,93.624,-19.82386872,5.281036,133.918,19.09113128,-3.397164,133.897,-17.01656872,-0.527964,83.6392,17.40733128,-0.593664,83.2806,-15.03136872,-12.125064,47.841,13.81933128,11.893336,46.6572,-14.05186872,-29.039424,13.8211,11.79723128,19.243736,9.78631,-15.30996872,-22.851664,4.43509,13.92153128,29.293736,5.52358
2,-0.174822718,-0.009664,93.5658,-0.174822718,-0.009664,93.5658,-19.70476872,5.255336,133.85,19.23563128,-3.347964,133.768,-16.92366872,-0.429564,83.6119,17.49513128,-0.442464,83.2351,-15.02266872,-12.001664,47.7839,13.87813128,12.151136,46.6495,-14.08486872,-29.354974,13.9928,11.78963128,18.985736,9.71005,-15.30486872,-23.345264,4.45853,13.89953128,28.951036,5.30076
2.5,-0.083535718,0.039536,93.5089,-0.083535718,0.039536,93.5089,-19.58476872,5.230536,133.784,19.38013128,-3.298964,133.639,-16.83096872,-0.328764,83.5852,17.58393128,-0.290564,83.1926,-15.01446872,-11.873064,47.7267,13.93903128,12.409836,46.6443,-14.11896872,-29.667694,14.1669,11.78433128,18.721536,9.63643,-15.29886872,-23.837364,4.48145,13.88053128,28.601736,5.08047
3,0.009838282,0.093736,93.4579,0.009838282,0.093736,93.4579,-19.46106872,5.211036,133.721,19.52463128,-3.247864,133.514,-16.73506872,-0.221764,83.5623,17.67323128,-0.134364,83.1637,-15.01176872,-11.709264,47.6638,14.00923128,12.670336,46.6511,-14.15506872,-29.957824,14.3528,11.78763128,18.414936,9.57399,-15.28846872,-24.321164,4.50537,13.87583128,28.207236,4.86827
3.5,0.099275282,0.149936,93.4156,0.099275282,0.149936,93.4156,-19.33986872,5.198036,133.672,19.66443128,-3.192964,133.405,-16.63616872,-0.115664,83.5424,17.75043128,0.014936,83.1426,-15.02006872,-11.500664,47.5928,14.08053128,12.894736,46.6572,-14.18766872,-30.206624,14.5512,11.78223128,18.082536,9.51858,-15.27776872,-24.793864,4.54371,13.87543128,27.797436,4.68603
4,0.189510282,0.208136,93.3775,0.189510282,0.208136,93.3775,-19.21796872,5.187936,133.627,19.80483128,-3.137764,133.3,-16.53746872,-0.007064,83.5245,17.82943128,0.165236,83.1296,-15.03106872,-11.278064,47.5214,14.15493128,13.115836,46.6681,-14.22136872,-30.445214,14.7548,11.78143128,17.737936,9.47112,-15.26346872,-25.262164,4.57947,13.88113128,27.376736,4.5179
4.5,0.280185282,0.269236,93.3482,0.280185282,0.269236,93.3482,-19.09536872,5.182336,133.593,19.94473128,-3.079064,133.205,-16.43646872,0.101336,83.5114,17.90553128,0.315336,83.1306,-15.04826872,-11.016864,47.4434,14.23653128,13.317236,46.6855,-14.25416872,-30.653174,14.9715,11.78623128,17.364436,9.43766,-15.24396872,-25.719764,4.62404,13.90073128,26.931536,4.37978
5,0.366306282,0.329536,93.3243,0.366306282,0.329536,93.3243,-18.97686872,5.177536,133.567,20.07903128,-3.017964,133.124,-16.33356872,0.207036,83.4995,17.97043128,0.457036,83.1317,-15.07236872,-10.717964,47.3595,14.31703128,13.478036,46.6978,-14.28326872,-30.825524,15.2025,11.78163128,16.973936,9.4036,-15.22946872,-26.165464,4.69511,13.91693128,26.476936,4.25306
5.5,0.452560282,0.391636,93.3087,0.452560282,0.391636,93.3087,-18.85996872,5.177436,133.552,20.21423128,-2.955264,133.053,-16.23046872,0.311936,83.4915,18.03653128,0.598036,83.146,-15.10206872,-10.393464,47.2739,14.39933128,13.621236,46.7138,-14.31186872,-30.974944,15.4414,11.78133128,16.566436,9.38214,-15.20916872,-26.603664,4.76578,13.94163128,26.011336,4.15744
6,0.537761282,0.453436,93.3011,0.537761282,0.453436,93.3011,-18.74516872,5.177436,133.548,20.34823128,-2.888964,132.995,-16.12706872,0.413336,83.4873,18.09953128,0.733536,83.1689,-15.13596872,-10.034764,47.183,14.48453128,13.731036,46.7297,-14.33836872,-31.093134,15.6958,11.78313128,16.139536,9.36855,-15.18766872,-27.027364,4.85806,13.97403128,25.532836,4.08888
6.5,0.619591282,0.512836,93.297,0.619591282,0.512836,93.297,-18.63476872,5.173436,133.55,20.47783128,-2.821064,132.947,-16.02356872,0.511036,83.4836,18.15723128,0.860236,83.1895,-15.17216872,-9.646164,47.0892,14.56683128,13.802136,46.7398,-14.36166872,-31.180234,15.9644,11.77973128,15.703336,9.35226,-15.17196872,-27.434264,4.98163,14.00053128,25.049736,4.0199
7,0.699951282,0.571736,93.3028,0.699951282,0.571736,93.3028,-18.52936872,5.172136,133.567,20.60693128,-2.750664,132.915,-15.91966872,0.603736,83.4841,18.21473128,0.980836,83.2222,-15.21476872,-9.224564,46.9917,14.64763128,13.836936,46.7483,-14.38166872,-31.233854,16.2445,11.77673128,15.248936,9.34594,-15.15336872,-27.830164,5.11843,14.03383128,24.557336,3.98643
7.5,0.779161282,0.628636,93.3136,0.779161282,0.628636,93.3136,-18.42706872,5.167136,133.59,20.73483128,-2.677264,132.892,-15.81876872,0.693736,83.4864,18.27443128,1.093636,83.2589,-15.25906872,-8.781164,46.894,14.72743128,13.841636,46.7545,-14.40046872,-31.262724,16.5376,11.77583128,14.783136,9.34186,-15.13596872,-28.206064,5.27832,14.06743128,24.057936,3.96332
8,0.856171282,0.681536,93.3281,0.856171282,0.681536,93.3281,-18.32966872,5.154736,133.62,20.85953128,-2.602764,132.879,-15.71976872,0.778136,83.4897,18.33453128,1.195436,83.2945,-15.30186872,-8.311364,46.7955,14.80233128,13.805536,46.7545,-14.41526872,-31.258234,16.8448,11.77403128,14.312636,9.33593,-15.12236872,-28.555264,5.47324,14.09683128,23.557536,3.93926
8.5,0.930391282,0.731436,93.3503,0.930391282,0.731436,93.3503,-18.23816872,5.140236,133.662,20.98173128,-2.525764,132.881,-15.62146872,0.857536,83.4956,18.39413128,1.286236,83.3357,-15.34906872,-7.812864,46.6949,14.87203128,13.727036,46.7494,-14.42626872,-31.219954,17.1645,11.76763128,13.826536,9.33263,-15.11106872,-28.886424,5.6924,14.12713128,23.049136,3.93632
9,1.004421282,0.778936,93.376,1.004421282,0.778936,93.376,-18.15016872,5.120836,133.707,21.10303128,-2.446464,132.889,-15.52886872,0.935536,83.5024,18.46363128,1.367836,83.3817,-15.39576872,-7.302864,46.5987,14.93943128,13.625936,46.7427,-14.43656872,-31.160954,17.4915,11.76543128,13.334536,9.33073,-15.09946872,-29.190554,5.92804,14.15453128,22.537536,3.9344
9.5,1.076711282,0.821036,93.4052,1.076711282,0.821036,93.4052,-18.06616872,5.091236,133.757,21.22103128,-2.366364,132.905,-15.44046872,1.007136,83.5107,18.53683128,1.435536,83.4261,-15.43786872,-6.769964,46.5042,14.99983128,13.482536,46.7298,-14.44176872,-31.064654,17.8306,11.76293128,12.840336,9.32638,-15.08976872,-29.453234,6.20015,14.17933128,22.026036,3.93064
10,1.145291282,0.859036,93.4393,1.145291282,0.859036,93.4393,-17.98796872,5.056136,133.816,21.33503128,-2.284664,132.934,-15.35576872,1.075736,83.5196,18.60893128,1.489536,83.4718,-15.48206872,-6.218464,46.4128,15.05323128,13.301836,46.7123,-14.44346872,-30.938274,18.178,11.75453128,12.334236,9.32075,-15.08426872,-29.687014,6.49555,14.19963128,21.508036,3.93203
10.5,1.214701282,0.894836,93.4763,1.214701282,0.894836,93.4763,-17.91326872,5.016936,133.875,21.44803128,-2.201164,132.966,-15.27686872,1.144336,83.5294,18.69643128,1.533436,83.5242,-15.52376872,-5.662664,46.3287,15.10463128,13.105936,46.6949,-14.44446872,-30.792714,18.5249,11.75043128,11.826636,9.31718,-15.07506872,-29.886584,6.79633,14.21793128,20.989336,3.93285
11,1.282321282,0.924836,93.516,1.282321282,0.924836,93.516,-17.84016872,4.965836,133.938,21.55703128,-2.117364,133.005,-15.20596872,1.208036,83.5409,18.78803128,1.561436,83.5741,-15.55886872,-5.090264,46.2512,15.14853128,12.871636,46.6735,-14.44066872,-30.607434,18.8779,11.74443128,11.316736,9.31034,-15.06506872,-30.024484,7.12641,14.23363128,20.468936,3.92882
11.5,1.346111282,0.950536,93.5592,1.346111282,0.950536,93.5592,-17.77246872,4.909336,134.005,21.66173128,-2.032964,133.053,-15.14066872,1.269936,83.5523,18.87813128,1.574536,83.6253,-15.59356872,-4.509264,46.1825,15.18593128,12.608936,46.6502,-14.43276872,-30.394604,19.2298,11.73473128,10.799536,9.3029,-15.05656872,-30.122214,7.46757,14.24353128,19.945236,3.92267
12,1.410301282,0.974436,93.6044,1.410301282,0.974436,93.6044,-17.70716872,4.849336,134.071,21.76403128,-1.947964,133.104,-15.08006872,1.333036,83.5647,18.98003128,1.577536,83.6812,-15.62496872,-3.926064,46.1215,15.22203128,12.333636,46.6278,-14.42396872,-30.161694,19.5755,11.72493128,10.282136,9.29613,-15.04326872,-30.178934,7.80713,14.25293128,19.420536,3.91636
12.5,1.472401282,0.993836,93.6518,1.472401282,0.993836,93.6518,-17.64226872,4.780236,134.139,21.86283128,-1.862964,133.159,-15.03056872,1.393136,83.5791,19.08423128,1.565536,83.7369,-15.64926872,-3.337964,46.0749,15.25173128,12.034136,46.6064,-14.41096872,-29.890484,19.9114,11.71553128,9.761436,9.28957,-15.02356872,-30.156294,8.14843,14.26053128,18.892636,3.90666
13,1.531391282,1.009736,93.7016,1.531391282,1.009736,93.7016,-17.58156872,4.707836,134.208,21.95783128,-1.778664,133.221,-14.98506872,1.451636,83.5938,19.18463128,1.540536,83.7941,-15.67106872,-2.746464,46.038,15.27773128,11.714736,46.585,-14.39376872,-29.595684,20.2392,11.70313128,9.237936,9.28264,-15.00246872,-30.090964,8.48933,14.26473128,18.364036,3.89501
13.5,1.589401282,1.023936,93.753,1.589401282,1.023936,93.753,-17.52236872,4.632036,134.277,22.04933128,-1.694564,133.286,-14.94496872,1.512536,83.6099,19.28943128,1.504736,83.8533,-15.68896872,-2.154364,46.012,15.30263128,11.382836,46.5662,-14.37556872,-29.275974,20.553,11.68923128,8.713336,9.27664,-14.97516872,-29.968874,8.81931,14.26933128,17.833236,3.88372
14,1.644801282,1.034936,93.8066,1.644801282,1.034936,93.8066,-17.46446872,4.552336,134.345,22.13793128,-1.611164,133.355,-14.91406872,1.570036,83.6287,19.39153128,1.456236,83.9147,-15.70136872,-1.565464,46.0038,15.32303128,11.036836,46.5509,-14.35286872,-28.920094,20.8404,11.67673128,8.183936,9.27321,-14.93906872,-29.764254,9.12303,14.27303128,17.298736,3.87366
14.5,1.697591282,1.043536,93.8616,1.697591282,1.043536,93.8616,-17.40896872,4.471436,134.414,22.22353128,-1.529664,133.427,-14.88516872,1.625636,83.6482,19.48593128,1.398636,83.9763,-15.71046872,-0.976164,46.0047,15.34203128,10.678336,46.5372,-14.32686872,-28.545264,21.1146,11.66133128,7.654036,9.26919,-14.89986872,-29.517554,9.41654,14.27693128,16.764136,3.86387
15,1.747741282,1.050636,93.918,1.747741282,1.050636,93.918,-17.35606872,4.388136,134.482,22.30563128,-1.449164,133.504,-14.86296872,1.684036,83.6699,19.57643128,1.329936,84.0383,-15.71456872,-0.389464,46.0207,15.35953128,10.308636,46.5277,-14.29966872,-28.139664,21.3633,11.64923128,7.121636,9.26963,-14.85266872,-29.196524,9.6837,14.28193128,16.227236,3.85745
15.5,1.795411282,1.055136,93.9763,1.795411282,1.055136,93.9763,-17.30496872,4.304936,134.55,22.38513128,-1.370464,133.586,-14.84366872,1.737436,83.6948,19.65943128,1.251136,84.1025,-15.71576872,0.190936,46.0524,15.37493128,9.927936,46.5216,-14.26786872,-27.702164,21.5753,11.63573128,6.584536,9.27044,-14.79976872,-28.803464,9.90936,14.28673128,15.686536,3.854
16,1.839931282,1.057936,94.0352,1.839931282,1.057936,94.0352,-17.25586872,4.221236,134.618,22.46213128,-1.294264,133.67,-14.82676872,1.789036,83.721,19.73003128,1.165936,84.1649,-15.71296872,0.769136,46.0945,15.38933128,9.538636,46.5182,-14.23376872,-27.244264,21.7666,11.62273128,6.046536,9.27249,-14.74286872,-28.358864,10.1137,14.29353128,15.145536,3.85306
16.5,1.881351282,1.059336,94.0949,1.881351282,1.059336,94.0949,-17.21076872,4.137836,134.685,22.53653128,-1.220164,133.757,-14.81306872,1.840436,83.7497,19.79123128,1.072836,84.2263,-15.70616872,1.341636,46.1495,15.40133128,9.141636,46.5183,-14.19796872,-26.760064,21.9268,11.61593128,5.505536,9.27979,-14.68076872,-27.850664,10.2833,14.30233128,14.603436,3.8574
17,1.920651282,1.058236,94.1553,1.920651282,1.058236,94.1553,-17.16736872,4.054936,134.753,22.60813128,-1.148764,133.848,-14.79796872,1.887336,83.7816,19.84363128,0.971636,84.2876,-15.69796872,1.907036,46.2166,15.41353128,8.733236,46.5207,-14.15866872,-26.248264,22.0473,11.60543128,4.961836,9.28445,-14.61826872,-27.280664,10.4104,14.31043128,14.058036,3.86294
17.5,1.955811282,1.055336,94.2156,1.955811282,1.055336,94.2156,-17.12736872,3.972236,134.821,22.67713128,-1.080764,133.941,-14.78566872,1.931136,83.8154,19.87943128,0.865336,84.3451,-15.68526872,2.466036,46.2951,15.42273128,8.317236,46.5258,-14.11726872,-25.711464,22.1353,11.60143128,4.415436,9.29348,-14.55356872,-26.647764,10.5023,14.32123128,13.512336,3.87241
18,1.988821282,1.050836,94.2758,1.988821282,1.050836,94.2758,-17.09036872,3.890536,134.889,22.74403128,-1.015364,134.037,-14.77176872,1.972436,83.8515,19.90653128,0.753836,84.3997,-15.67026872,3.018836,46.3807,15.43003128,7.895036,46.5325,-14.07466872,-25.156664,22.1957,11.60063128,3.867436,9.30396,-14.48966872,-25.972664,10.5657,14.33293128,12.966436,3.88458
18.5,2.019911282,1.043836,94.3352,2.019911282,1.043836,94.3352,-17.05486872,3.807936,134.956,22.80813128,-0.953164,134.133,-14.75646872,2.010336,83.8897,19.92633128,0.636836,84.4521,-15.65486872,3.562436,46.4748,15.43823128,7.463236,46.5408,-14.02996872,-24.579364,22.2189,11.59723128,3.319336,9.31171,-14.42906872,-25.247064,10.5933,14.34373128,12.419136,3.89558
19,2.046701282,1.033936,94.3934,2.046701282,1.033936,94.3934,-17.02396872,3.725536,135.024,22.86863128,-0.895764,134.231,-14.74236872,2.042236,83.9303,19.92993128,0.514636,84.4983,-15.63386872,4.094636,46.5783,15.44113128,7.022836,46.5503,-13.98276872,-23.973664,22.1979,11.60323128,2.767236,9.32441,-14.37266872,-24.453364,10.5764,14.35613128,11.871736,3.90881
19.5,2.072371282,1.022536,94.4503,2.072371282,1.022536,94.4503,-16.99386872,3.643136,135.091,22.92703128,-0.840964,134.328,-14.72556872,2.072536,83.9727,19.92893128,0.389336,84.541,-15.61276872,4.620636,46.6841,15.44333128,6.578136,46.5603,-13.93556872,-23.357764,22.1583,11.60783128,2.216336,9.33508,-14.32126872,-23.636864,10.5454,14.36763128,11.324836,3.92121
20,2.096141282,1.008136,94.5051,2.096141282,1.008136,94.5051,-16.96546872,3.558936,135.157,22.98193128,-0.790164,134.424,-14.70926872,2.099036,84.0161,19.92333128,0.259636,84.5792,-15.58986872,5.132636,46.7952,15.44533128,6.126336,46.5711,-13.88766872,-22.720564,22.0807,11.61233128,1.666336,9.34446,-14.27626872,-22.773364,10.4809,14.37913128,10.778336,3.93175
20.5,2.117471282,0.990036,94.5574,2.117471282,0.990036,94.5574,-16.93886872,3.473536,135.224,23.03303128,-0.744364,134.517,-14.69246872,2.118536,84.0612,19.90923128,0.125336,84.6115,-15.56246872,5.630336,46.9103,15.44293128,5.666936,46.5817,-13.83736872,-22.059964,21.9618,11.62273128,1.114536,9.35598,-14.24306872,-21.856164,10.3822,14.38933128,10.231936,3.9394
21,2.137491282,0.970636,94.6078,2.137491282,0.970636,94.6078,-16.91226872,3.387136,135.289,23.08123128,-0.701064,134.609,-14.67616872,2.137736,84.1072,19.89313128,-0.010964,84.6401,-15.53556872,6.119636,47.0255,15.43983128,5.205936,46.5924,-13.78816872,-21.391164,21.8291,11.63003128,0.565036,9.36556,-14.21566872,-20.923664,10.2779,14.39803128,9.686536,3.94539
21.5,2.156011282,0.947336,94.6543,2.156011282,0.947336,94.6543,-16.88606872,3.298536,135.352,23.12463128,-0.663164,134.696,-14.66126872,2.151136,84.1535,19.87633128,-0.152064,84.6621,-15.50486872,6.588236,47.1425,15.43543128,4.740536,46.6034,-13.73866872,-20.699564,21.6546,11.63573128,0.017336,9.37319,-14.20026872,-19.943064,10.142,14.40673128,9.142536,3.94826
22,2.173861282,0.920936,94.6982,2.173861282,0.920936,94.6982,-16.85916872,3.208436,135.414,23.16483128,-0.629064,134.779,-14.64786872,2.160236,84.2003,19.86013128,-0.296764,84.6814,-15.47186872,7.041836,47.2594,15.42933128,4.271936,46.6139,-13.68886872,-19.992564,21.453,11.64343128,-0.529364,9.38196,-14.19726872,-18.931564,9.98961,14.41303128,8.598736,3.9475
22.5,2.190181282,0.893336,94.7398,2.190181282,0.893336,94.7398,-16.83176872,3.117136,135.475,23.20213128,-0.597064,134.859,-14.63806872,2.168236,84.2467,19.84283128,-0.442164,84.6979,-15.43806872,7.484436,47.375,15.42183128,3.804536,46.6242,-13.64016872,-19.276264,21.2398,11.64983128,-1.074764,9.39092,-14.19966872,-17.907064,9.83467,14.41873128,8.056036,3.94564
23,2.205411282,0.861136,94.7759,2.205411282,0.861136,94.7759,-16.80276872,3.024336,135.531,23.23303128,-0.571764,134.931,-14.63106872,2.168936,84.2932,19.82923128,-0.593164,84.7074,-15.40026872,7.898436,47.489,15.41353128,3.336936,46.6344,-13.59106872,-18.534764,20.9827,11.64823128,-1.616464,9.39533,-14.22036872,-16.835064,9.65408,14.42323128,7.514436,3.94001
23.5,2.220261282,0.827036,94.8098,2.220261282,0.827036,94.8098,-16.77246872,2.930936,135.586,23.26163128,-0.548964,134.998,-14.62856872,2.166836,84.3387,19.81893128,-0.746464,84.7166,-15.36076872,8.296836,47.6016,15.40473128,2.870736,46.6447,-13.54406872,-17.781264,20.7103,11.64903128,-2.156964,9.4028,-14.25036872,-15.746764,9.46763,14.42673128,6.973336,3.9333
24,2.233881282,0.791636,94.8414,2.233881282,0.791636,94.8414,-16.74146872,2.836936,135.639,23.28783128,-0.528164,135.062,-14.63006872,2.162036,84.3831,19.80843128,-0.900064,84.724,-15.31966872,8.682936,47.7118,15.39473128,2.407636,46.6542,-13.49716872,-17.016864,20.4268,11.64763128,-2.696764,9.41038,-14.28636872,-14.646664,9.27877,14.43013128,6.432536,3.92618
24.5,2.245991282,0.752636,94.8673,2.245991282,0.752636,94.8673,-16.70836872,2.744236,135.686,23.30713128,-0.513064,135.117,-14.63746872,2.150636,84.4267,19.80263128,-1.058264,84.7274,-15.27636872,9.034136,47.8186,15.38483128,1.949736,46.6642,-13.45066872,-16.224964,20.1056,11.63873128,-3.232564,9.4155,-14.34206872,-13.507064,9.07471,14.43293128,5.892236,3.91844
25,2.257551282,0.712136,94.8912,2.257551282,0.712136,94.8912,-16.67446872,2.652536,135.73,23.32523128,-0.500164,135.168,-14.64956872,2.134636,84.468,19.79863128,-1.217164,84.7307,-15.23006872,9.370236,47.9231,15.37463128,1.496136,46.6744,-13.40836872,-15.421764,19.7767,11.63213128,-3.768264,9.42412,-14.40516872,-12.359364,8.86918,14.43633128,5.352336,3.91138
25.5,2.267801282,0.670436,94.9122,2.267801282,0.670436,94.9122,-16.64056872,2.561236,135.771,23.34083128,-0.489164,135.215,-14.66556872,2.115236,84.5077,19.79433128,-1.376564,84.7333,-15.18346872,9.689636,48.0247,15.36373128,1.046936,46.6835,-13.36456872,-14.603564,19.4341,11.62383128,-4.302964,9.43318,-14.47646872,-11.198564,8.66106,14.43993128,4.812236,3.90505
26,2.275501282,0.627036,94.929,2.275501282,0.627036,94.929,-16.60696872,2.475136,135.806,23.35103128,-0.481964,135.255,-14.68816872,2.088636,84.5459,19.79103128,-1.537664,84.7341,-15.13616872,9.976336,48.1228,15.35223128,0.606336,46.6931,-13.32236872,-13.758464,19.0667,11.61113128,-4.835664,9.44273,-14.56326872,-10.012364,8.44653,14.44413128,4.272036,3.9011
26.5,2.282761282,0.582136,94.9436,2.282761282,0.582136,94.9436,-16.57326872,2.391136,135.838,23.36073128,-0.476764,135.292,-14.71346872,2.055136,84.5807,19.78733128,-1.698064,84.7344,-15.08496872,10.247536,48.217,15.34133128,0.170836,46.7032,-13.28546872,-12.901664,18.697,11.60093128,-5.369164,9.45499,-14.65806872,-8.822764,8.23415,14.44993128,3.731936,3.89824
27,2.287821282,0.536536,94.9552,2.287821282,0.536536,94.9552,-16.54196872,2.309636,135.866,23.36783128,-0.473164,135.324,-14.74246872,2.017836,84.6132,19.78143128,-1.858664,84.735,-15.03586872,10.497036,48.3087,15.32923128,-0.258464,46.7122,-13.24616872,-12.023864,18.3119,11.59473128,-5.901464,9.47108,-14.76226872,-7.619564,8.01971,14.45643128,3.192036,3.8979
27.5,2.289951282,0.490136,94.9632,2.289951282,0.490136,94.9632,-16.51326872,2.235336,135.888,23.37143128,-0.471664,135.352,-14.77546872,1.970736,84.6429,19.77193128,-2.017464,84.7336,-14.98646872,10.718736,48.3954,15.31633128,-0.679564,46.7216,-13.20946872,-11.122064,17.9156,11.58463128,-6.433264,9.48743,-14.87826872,-6.404464,7.80722,14.46403128,2.651836,3.8991
28,2.291411282,0.443036,94.9694,2.291411282,0.443036,94.9694,-16.48596872,2.164136,135.907,23.37413128,-0.471664,135.377,-14.80906872,1.917836,84.6695,19.76113128,-2.174764,84.7315,-14.93486872,10.927136,48.4781,15.30443128,-1.096264,46.7315,-13.17676872,-10.209664,17.5203,11.57833128,-6.965764,9.50628,-15.00056872,-5.188364,7.59941,14.47273128,2.111436,3.90148
28.5,2.290171282,0.395536,94.9729,2.290171282,0.395536,94.9729,-16.46336872,2.097336,135.921,23.37523128,-0.472764,135.399,-14.84496872,1.858536,84.693,19.74553128,-2.330464,84.7295,-14.88616872,11.111736,48.558,15.29003128,-1.505964,46.7408,-13.14326872,-9.272664,17.1138,11.58143128,-7.497864,9.53187,-15.13126872,-3.961964,7.39277,14.48283128,1.572236,3.90628
29,2.286361282,0.347636,94.9731,2.286361282,0.347636,94.9731,-16.44526872,2.037636,135.931,23.37423128,-0.474764,135.418,-14.88076872,1.788736,84.7123,19.72433128,-2.482164,84.7248,-14.83796872,11.273636,48.6304,15.27633128,-1.909764,46.7507,-13.11166872,-8.316864,16.7087,11.58083128,-8.028664,9.55623,-15.26856872,-2.734064,7.19724,14.49343128,1.033136,3.91036
29.5,2.281231282,0.299736,94.9718,2.281231282,0.299736,94.9718,-16.43046872,1.981836,135.938,23.37103128,-0.477864,135.434,-14.91686872,1.714636,84.7289,19.70183128,-2.631664,84.7193,-14.78926872,11.423036,48.6988,15.26243128,-2.309964,46.7609,-13.08256872,-7.349564,16.3055,11.58723128,-8.560264,9.58495,-15.40986872,-1.504864,7.00796,14.50453128,0.494136,3.91539
30,2.274281282,0.251636,94.9682,2.274281282,0.251636,94.9682,-16.41956872,1.930436,135.942,23.36813128,-0.481464,135.448,-14.95256872,1.632336,84.742,19.67383128,-2.777864,84.713,-14.74346872,11.552636,48.7631,15.24693128,-2.704164,46.7716,-13.05506872,-6.361064,15.9004,11.60043128,-9.091164,9.61854,-15.55496872,-0.270364,6.82499,14.51673128,-0.043164,3.92041
30.5,2.265111282,0.203736,94.9617,2.265111282,0.203736,94.9617,-16.41536872,1.885036,135.941,23.36303128,-0.485064,135.457,-14.98586872,1.541836,84.7503,19.64163128,-2.919164,84.7044,-14.69986872,11.663336,48.8185,15.23273128,-3.094364,46.7832,-13.02646872,-5.359464,15.507,11.61303128,-9.618664,9.65143,-15.69686872,0.961136,6.662,14.52873128,-0.579364,3.92393
31,2.254531282,0.155936,94.9538,2.254531282,0.155936,94.9538,-16.41476872,1.844136,135.94,23.35553128,-0.489864,135.465,-15.01956872,1.446636,84.7558,19.60863128,-3.057464,84.6946,-14.65606872,11.761636,48.8683,15.21763128,-3.481464,46.7953,-12.99996872,-4.345064,15.1177,11.63293128,-10.147164,9.68966,-15.83926872,2.193936,6.50753,14.54053128,-1.115264,3.92725
31.5,2.243321282,0.108136,94.9442,2.243321282,0.108136,94.9442,-16.41616872,1.805936,135.936,23.34903128,-0.494364,135.469,-15.05166872,1.345236,84.758,19.57233128,-3.192064,84.6838,-14.61436872,11.845836,48.913,15.20323128,-3.864664,46.809,-12.97736872,-3.316864,14.7362,11.65493128,-10.673764,9.72965,-15.97916872,3.429036,6.36474,14.55273128,-1.649464,3.92944
32,2.230121282,0.061136,94.9324,2.230121282,0.061136,94.9324,-16.42536872,1.773236,135.929,23.33953128,-0.499164,135.469,-15.08176872,1.239336,84.756,19.53503128,-3.321864,84.6724,-14.57646872,11.914236,48.9485,15.18923128,-4.243464,46.8238,-12.95046872,-2.280264,14.3739,11.67943128,-11.195964,9.77109,-16.10136872,4.662236,6.24741,14.56473128,-2.181964,3.93082
32.5,2.216431282,0.014336,94.9196,2.216431282,0.014336,94.9196,-16.43616872,1.744036,135.922,23.32873128,-0.504864,135.466,-15.11166872,1.129136,84.7515,19.49743128,-3.448464,84.6599,-14.53806872,11.972936,48.977,15.17583128,-4.620564,46.8399,-12.92486872,-1.233364,14.0197,11.70603128,-11.717764,9.81565,-16.21866872,5.896536,6.14087,14.57603128,-2.714364,3.93128
33,2.201971282,-0.031964,94.9054,2.201971282,-0.031964,94.9054,-16.44946872,1.717236,135.914,23.31733128,-0.510364,135.459,-15.14166872,1.016336,84.7438,19.45973128,-3.571664,84.6472,-14.50126872,12.020536,48.9995,15.16353128,-4.993564,46.8579,-12.90386872,-0.179064,13.6823,11.73283128,-12.236864,9.86108,-16.32416872,7.131836,6.05222,14.58733128,-3.245264,3.93153
33.5,2.186461282,-0.077264,94.8903,2.186461282,-0.077264,94.8903,-16.46816872,1.694736,135.904,23.30353128,-0.516464,135.448,-15.17086872,0.901936,84.7334,19.42323128,-3.690564,84.6358,-14.46716872,12.056636,49.0142,15.15133128,-5.361664,46.8774,-12.87846872,0.879136,13.3678,11.76093128,-12.752064,9.9083,-16.40226872,8.367536,5.98924,14.59923128,-3.774864,3.93245
34,2.170631282,-0.122164,94.8744,2.170631282,-0.122164,94.8744,-16.48756872,1.675036,135.894,23.28873128,-0.523564,135.434,-15.20016872,0.786736,84.7208,19.38633128,-3.807564,84.6243,-14.43366872,12.085136,49.0212,15.14073128,-5.728964,46.8988,-12.85376872,1.944136,13.0662,11.78803128,-13.265464,9.95763,-16.46856872,9.605536,5.93891,14.61043128,-4.304764,3.93374
34.5,2.153411282,-0.165964,94.8578,2.153411282,-0.165964,94.8578,-16.51046872,1.658036,135.883,23.27073128,-0.531164,135.416,-15.23186872,0.672336,84.7061,19.35173128,-3.921164,84.6137,-14.40096872,12.106136,49.0227,15.13043128,-6.090664,46.9212,-12.83166872,3.008636,12.7865,11.81443128,-13.776564,10.0079,-16.51376872,10.841336,5.90992,14.62193128,-4.833864,3.93633
35,2.135561282,-0.208364,94.8412,2.135561282,-0.208364,94.8412,-16.53616872,1.645036,135.87,23.25103128,-0.539964,135.394,-15.26366872,0.559736,84.69,19.31763128,-4.031164,84.6058,-14.37026872,12.118436,49.0174,15.12063128,-6.446764,46.9458,-12.80686872,4.073236,12.5353,11.83823128,-14.284164,10.0594,-16.52576872,12.078336,5.90756,14.63473128,-5.362864,3.94161
35.5,2.116731282,-0.250164,94.8241,2.116731282,-0.250164,94.8241,-16.56396872,1.634436,135.857,23.22993128,-0.549864,135.369,-15.29626872,0.448936,84.6724,19.28293128,-4.140364,84.5984,-14.34006872,12.125536,49.007,15.11123128,-6.801864,46.9719,-12.78386872,5.140636,12.2973,11.86193128,-14.790264,10.1126,-16.52566872,13.317336,5.91637,14.64713128,-5.891964,3.94827
36,2.096031282,-0.290464,94.8068,2.096031282,-0.290464,94.8068,-16.59506872,1.627336,135.841,23.20403128,-0.561564,135.342,-15.33216872,0.342236,84.654,19.24983128,-4.246064,84.5925,-14.31046872,12.128436,48.9911,15.10133128,-7.149464,46.998,-12.76076872,6.197336,12.0855,11.88333128,-15.294464,10.1675,-16.49736872,14.545636,5.94833,14.66083128,-6.421464,3.95779
36.5,2.073571282,-0.328664,94.79,2.073571282,-0.328664,94.79,-16.62916872,1.624636,135.824,23.17503128,-0.575064,135.311,-15.36886872,0.241836,84.6351,19.21493128,-4.348764,84.5897,-14.28286872,12.125836,48.9713,15.09083128,-7.491064,47.0262,-12.73796872,7.248436,11.9037,11.90113128,-15.796364,10.2236,-16.43986872,15.770636,6.0052,14.67593128,-6.951264,3.97103
37,2.049661282,-0.366264,94.7728,2.049661282,-0.366264,94.7728,-16.66656872,1.624236,135.804,23.14413128,-0.589564,135.279,-15.40626872,0.143536,84.6153,19.17913128,-4.450764,84.587,-14.25606872,12.119736,48.9488,15.07953128,-7.830864,47.0552,-12.71736872,8.299136,11.7345,11.91923128,-16.297564,10.2811,-16.37196872,16.996136,6.07282,14.69083128,-7.481164,3.98523
37.5,2.023041282,-0.402064,94.7558,2.023041282,-0.402064,94.7558,-16.70746872,1.628136,135.782,23.10703128,-0.607564,135.246,-15.44606872,0.054036,84.5955,19.14133128,-4.548464,84.5856,-14.22996872,12.112236,48.9215,15.06713128,-8.161364,47.0837,-12.69576872,9.323136,11.5944,11.93543128,-16.796664,10.3419,-16.27816872,18.191436,6.16236,14.70803128,-8.011964,4.00314
38,1.993181282,-0.435464,94.7389,1.993181282,-0.435464,94.7389,-16.75346872,1.636836,135.755,23.06533128,-0.627264,135.212,-15.48656872,-0.027464,84.5756,19.10033128,-4.643464,84.5851,-14.20566872,12.102936,48.8935,15.05143128,-8.485564,47.113,-12.67806872,10.334336,11.4806,11.94793128,-17.295064,10.4034,-16.16846872,19.373636,6.27274,14.72573128,-8.542564,4.02283
38.5,1.962001282,-0.468264,94.722,1.962001282,-0.468264,94.722,-16.80206872,1.647736,135.726,23.02133128,-0.648464,135.177,-15.52676872,-0.106264,84.5556,19.05783128,-4.736764,84.5849,-14.18276872,12.090836,48.8638,15.03513128,-8.806764,47.1428,-12.66206872,11.338236,11.3802,11.96053128,-17.792664,10.4664,-16.04926872,20.549236,6.39435,14.74353128,-9.073364,4.04314
39,1.926521282,-0.498764,94.7045,1.926521282,-0.498764,94.7045,-16.85686872,1.663936,135.692,22.96913128,-0.674064,135.142,-15.56766872,-0.171264,84.5351,19.00993128,-4.825064,84.5831,-14.16146872,12.080936,48.8311,15.01633128,-9.118264,47.1722,-12.64646872,12.296836,11.306,11.97333128,-18.287964,10.5347,-15.91986872,21.668736,6.53177,14.76303128,-9.603964,4.06515
39.5,1.887831282,-0.527464,94.6867,1.887831282,-0.527464,94.6867,-16.91686872,1.684136,135.653,22.91223128,-0.700864,135.107,-15.60856872,-0.229764,84.5145,18.95983128,-4.910064,84.5802,-14.14156872,12.071536,48.799,14.99383128,-9.422864,47.2008,-12.63576872,13.233036,11.2506,11.98103128,-18.782464,10.6021,-15.78756872,22.762336,6.68435,14.78243128,-10.133564,4.08641
40,1.847631282,-0.555264,94.669,1.847631282,-0.555264,94.669,-16.97896872,1.706736,135.612,22.85173128,-0.729764,135.073,-15.64796872,-0.282764,84.4938,18.90753128,-4.992464,84.5775,-14.12406872,12.059936,48.766,14.97053128,-9.723364,47.2301,-12.62626872,14.150636,11.2096,11.98883128,-19.276164,10.6724,-15.65046872,23.834436,6.84702,14.80183128,-10.663264,4.10798
40.5,1.802491282,-0.580864,94.6493,1.802491282,-0.580864,94.6493,-17.04906872,1.734936,135.564,22.78263128,-0.762864,135.039,-15.68656872,-0.319764,84.4717,18.84973128,-5.067964,84.5692,-14.10786872,12.053836,48.7306,14.94423128,-10.013164,47.2588,-12.62046872,14.998536,11.1871,11.99653128,-19.766264,10.7475,-15.52246872,24.819136,7.01495,14.82153128,-11.190864,4.12764
41,1.755611282,-0.605464,94.629,1.755611282,-0.605464,94.629,-17.12196872,1.765036,135.513,22.71013128,-0.796864,135.005,-15.72496872,-0.351964,84.449,18.79183128,-5.140964,84.5595,-14.09316872,12.048836,48.6948,14.91643128,-10.297664,47.2862,-12.61666872,15.820636,11.1726,11.99923128,-20.254464,10.8216,-15.39876872,25.773136,7.18863,14.84123128,-11.717264,4.14616
41.5,1.706361282,-0.628664,94.6083,1.706361282,-0.628664,94.6083,-17.19796872,1.798936,135.459,22.63183128,-0.833364,134.972,-15.76106872,-0.373964,84.4259,18.73213128,-5.209364,84.5479,-14.08096872,12.044136,48.6586,14.88693128,-10.574864,47.3145,-12.61516872,16.598136,11.1725,12.00023128,-20.741464,10.8996,-15.28116872,26.671336,7.36718,14.86013128,-12.242964,4.16359
42,1.653811282,-0.650464,94.5847,1.653811282,-0.650464,94.5847,-17.27976872,1.836236,135.4,22.54743128,-0.872764,134.939,-15.79656872,-0.381664,84.4002,18.67063128,-5.270564,84.5303,-14.07006872,12.044836,48.6191,14.85653128,-10.842064,47.3421,-12.61766872,17.294636,11.1771,11.99833128,-21.222864,10.9802,-15.18256872,27.471236,7.53548,14.87863128,-12.765764,4.17877
42.5,1.600481282,-0.671864,94.5602,1.600481282,-0.671864,94.5602,-17.36276872,1.874636,135.339,22.46073128,-0.913164,134.906,-15.83176872,-0.384564,84.3736,18.61013128,-5.330064,84.5111,-14.06046872,12.046936,48.5777,14.82643128,-11.105264,47.3685,-12.61956872,17.962136,11.1823,11.99393128,-21.701864,11.0611,-15.09036872,28.235736,7.70045,14.89753128,-13.287564,4.1937
43,1.544801282,-0.691664,94.5342,1.544801282,-0.691664,94.5342,-17.44896872,1.917436,135.274,22.36803128,-0.955564,134.872,-15.86566872,-0.373964,84.3456,18.55033128,-5.382964,84.4884,-14.05206872,12.053336,48.5357,14.79403128,-11.357564,47.3957,-12.62436872,18.552836,11.1949,11.98263128,-22.178364,11.1446,-15.01546872,28.905136,7.85609,14.91493128,-13.807564,4.20654
43.5,1.487671282,-0.710664,94.5051,1.487671282,-0.710664,94.5051,-17.53726872,1.962036,135.207,22.27123128,-1.000264,134.836,-15.90016872,-0.349864,84.3144,18.49223128,-5.429564,84.4612,-14.04576872,12.062336,48.4878,14.76413128,-11.601164,47.422,-12.63066872,19.061736,11.1999,11.96753128,-22.648264,11.2303,-14.95706872,29.479236,7.9859,14.93243128,-14.325764,4.2209
44,1.430011282,-0.729464,94.4747,1.430011282,-0.729464,94.4747,-17.62676872,2.007736,135.139,22.17293128,-1.045764,134.8,-15.93476872,-0.320464,84.2824,18.43523128,-5.474364,84.4325,-14.04016872,12.073936,48.4378,14.73433128,-11.840364,47.4476,-12.63586872,19.534636,11.2,11.95153128,-23.115764,11.3175,-14.90576872,30.009836,8.10252,14.95033128,-14.843264,4.23547
44.5,1.371171282,-0.746764,94.4416,1.371171282,-0.746764,94.4416,-17.71746872,2.057036,135.069,22.07113128,-1.092664,134.761,-15.97056872,-0.276264,84.2479,18.38193128,-5.511864,84.4003,-14.03486872,12.092636,48.3848,14.70393128,-12.066264,47.4727,-12.64136872,19.909036,11.1954,11.92493128,-23.578764,11.4053,-14.87356872,30.421136,8.19006,14.96753128,-15.358764,4.25076
45,1.311611282,-0.763564,94.4061,1.311611282,-0.763564,94.4061,-17.80806872,2.107636,134.998,21.96633128,-1.141264,134.72,-16.00806872,-0.220964,84.2115,18.33063128,-5.544664,84.3662,-14.03196872,12.112236,48.3264,14.67593128,-12.285964,47.4972,-12.64726872,20.220136,11.178,11.89623128,-24.037064,11.4959,-14.84766872,30.761336,8.24413,14.98493128,-15.874264,4.27047
45.5,1.251601282,-0.779664,94.3687,1.251601282,-0.779664,94.3687,-17.90006872,2.160136,134.925,21.86123128,-1.190464,134.676,-16.04626872,-0.158164,84.1739,18.28043128,-5.574164,84.3306,-14.02946872,12.136336,48.265,14.64753128,-12.498464,47.5206,-12.65166872,20.477736,11.1495,11.86553128,-24.492464,11.5878,-14.82856872,31.039236,8.27182,15.00313128,-16.389464,4.29172
46,1.190711282,-0.794464,94.3281,1.190711282,-0.794464,94.3281,-17.99236872,2.214736,134.852,21.75423128,-1.241064,134.629,-16.08796872,-0.081264,84.1341,18.23333128,-5.596664,84.2925,-14.02836872,12.168836,48.1997,14.61953128,-12.697564,47.5423,-12.65396872,20.638636,11.1071,11.82763128,-24.942364,11.6816,-14.82036872,31.202436,8.25509,15.02103128,-16.903364,4.31701
46.5,1.128951282,-0.808364,94.2859,1.128951282,-0.808364,94.2859,-18.08456872,2.271736,134.779,21.64473128,-1.292864,134.578,-16.13106872,0.003136,84.0941,18.18673128,-5.615164,84.2542,-14.02926872,12.202836,48.1315,14.59123128,-12.891064,47.5633,-12.65676872,20.757936,11.0536,11.78823128,-25.390264,11.7779,-14.81076872,31.319836,8.20865,15.03903128,-17.418064,4.34716
47,1.066401282,-0.820664,94.2412,1.066401282,-0.820664,94.2412,-18.17816872,2.330636,134.704,21.53563128,-1.344664,134.525,-16.17636872,0.097936,84.0531,18.13993128,-5.628364,84.215,-14.03186872,12.242236,48.0588,14.56223128,-13.074864,47.5821,-12.65736872,20.812936,10.9828,11.74803128,-25.834264,11.8764,-14.80316872,31.364036,8.12236,15.05843128,-17.933064,4.38138
47.5,1.002271282,-0.831364,94.1936,1.002271282,-0.831364,94.1936,-18.27316872,2.391336,134.628,21.42493128,-1.398564,134.466,-16.22446872,0.204236,84.0116,18.09243128,-5.633564,84.1735,-14.03796872,12.293836,47.9851,14.53223128,-13.244064,47.5987,-12.65676872,20.784036,10.8976,11.70563128,-26.272364,11.9786,-14.79746872,31.310436,7.9888,15.07633128,-18.446764,4.41868
48,0.936771282,-0.840164,94.1452,0.936771282,-0.840164,94.1452,-18.36886872,2.455536,134.551,21.31213128,-1.452464,134.406,-16.27356872,0.315036,83.9713,18.04393128,-5.634664,84.1325,-14.04626872,12.347536,47.9104,14.49913128,-13.406964,47.6134,-12.65656872,20.732436,10.8049,11.66263128,-26.709764,12.0834,-14.78696872,31.231236,7.83452,15.09413128,-18.960964,4.46016
48.5,0.869331282,-0.846664,94.0943,0.869331282,-0.846664,94.0943,-18.46726872,2.521236,134.472,21.19793128,-1.506564,134.342,-16.32506872,0.437336,83.9311,17.99253128,-5.628064,84.0908,-14.05846872,12.406936,47.832,14.46433128,-13.558364,47.6252,-12.65486872,20.622336,10.6961,11.62343128,-27.141964,12.1935,-14.77256872,31.085536,7.63899,15.11223128,-19.474964,4.50633
49,0.799641282,-0.850264,94.042,0.799641282,-0.850264,94.042,-18.56826872,2.588736,134.391,21.08313128,-1.561964,134.274,-16.37706872,0.566036,83.8929,17.93673128,-5.611964,84.0469,-14.07666872,12.483236,47.758,14.42643128,-13.692464,47.6345,-12.65536872,20.449136,10.5792,11.58473128,-27.566964,12.308,-14.75596872,30.867736,7.41012,15.12723128,-19.986964,4.55149
49.5,0.727711282,-0.850764,93.989,0.727711282,-0.850764,93.989,-18.67156872,2.660336,134.309,20.96473128,-1.616464,134.205,-16.42946872,0.699236,83.8567,17.87833128,-5.589864,84.003,-14.09826872,12.561336,47.6836,14.38383128,-13.817564,47.6409,-12.65546872,20.263936,10.4586,11.54893128,-27.989764,12.4275,-14.73446872,30.633136,7.16837,15.14123128,-20.497364,4.59952
50,0.652811282,-0.848264,93.9349,0.652811282,-0.848264,93.9349,-18.77926872,2.732736,134.225,20.84363128,-1.671464,134.135,-16.48296872,0.840136,83.8224,17.81513128,-5.558564,83.9582,-14.12556872,12.647236,47.61,14.33843128,-13.928064,47.6438,-12.65756872,20.036136,10.3313,11.51853128,-28.405464,12.5542,-14.70766872,30.350436,6.90075,15.15313128,-21.006264,4.64909
50.5,0.575851282,-0.841864,93.8816,0.575851282,-0.841864,93.8816,-18.88926872,2.807036,134.14,20.72243128,-1.725464,134.064,-16.53546872,0.983936,83.7918,17.74683128,-5.517364,83.9123,-14.16026872,12.748536,47.5436,14.29023128,-14.019364,47.6443,-12.66406872,19.768636,10.204,11.49103128,-28.810764,12.6868,-14.67996872,30.023736,6.62288,15.16123128,-21.511764,4.69587
51,0.495681282,-0.830764,93.8281,0.495681282,-0.830764,93.8281,-19.00366872,2.885336,134.053,20.59533128,-1.778364,133.992,-16.58746872,1.131336,83.7641,17.67533128,-5.466664,83.8646,-14.19996872,12.853136,47.4791,14.23703128,-14.095564,47.6415,-12.67116872,19.494936,10.0805,11.46993128,-29.209104,12.8282,-14.65106872,29.683636,6.34439,15.16533128,-22.011964,4.74178
51.5,0.412530282,-0.816164,93.7758,0.412530282,-0.816164,93.7758,-19.12246872,2.963836,133.966,20.46583128,-1.830264,133.922,-16.63906872,1.281936,83.7402,17.59893128,-5.406364,83.8171,-14.24706872,12.965336,47.4197,14.18133128,-14.151164,47.6343,-12.68246872,19.192036,9.95883,11.45223128,-29.595924,12.978,-14.61916872,29.311436,6.06074,15.16653128,-22.508964,4.78789
52,0.327953282,-0.797664,93.7262,0.327953282,-0.797664,93.7262,-19.24326872,3.043536,133.88,20.33553128,-1.879964,133.855,-16.69006872,1.433136,83.72,17.51993128,-5.337864,83.7701,-14.29986872,13.085636,47.3669,14.12523128,-14.187364,47.6249,-12.69846872,18.869236,9.84393,11.43953128,-29.969594,13.1359,-14.58966872,28.918736,5.78589,15.16373128,-23.001564,4.83274
52.5,0.240245282,-0.773264,93.6781,0.240245282,-0.773264,93.6781,-19.36826872,3.126836,133.793,20.19953128,-1.927364,133.79,-16.74066872,1.585136,83.7037,17.43873128,-5.257064,83.7207,-14.35886872,13.210836,47.32,14.06643128,-14.199964,47.6127,-12.71746872,18.541336,9.74219,11.43243128,-30.328374,13.3047,-14.56546872,28.513936,5.52841,15.15383128,-23.485364,4.87278
53,0.150540282,-0.745164,93.6341,0.150540282,-0.745164,93.6341,-19.49646872,3.209936,133.71,20.06173128,-1.971964,133.731,-16.79066872,1.736636,83.6919,17.35493128,-5.168664,83.6735,-14.42476872,13.336536,47.2794,14.00763128,-14.184164,47.595,-12.73996872,18.195736,9.64731,11.42643128,-30.669644,13.4852,-14.54216872,28.091136,5.28473,15.14183128,-23.963864,4.91789
53.5,0.059988282,-0.713664,93.5943,0.059988282,-0.713664,93.5943,-19.62566872,3.294136,133.631,19.92233128,-2.014064,133.677,-16.84146872,1.885936,83.6837,17.27163128,-5.073364,83.6283,-14.49416872,13.462236,47.2444,13.95123128,-14.145764,47.5749,-12.76716872,17.840136,9.56487,11.42453128,-30.993344,13.6757,-14.52446872,27.659736,5.06227,15.12543128,-24.436364,4.96454
54,-0.032151718,-0.676764,93.559,-0.032151718,-0.676764,93.559,-19.75696872,3.380436,133.557,19.78113128,-2.051564,133.629,-16.89486872,2.033036,83.6794,17.18853128,-4.968464,83.5835,-14.56886872,13.588836,47.2175,13.89713128,-14.076664,47.5518,-12.79656872,17.476336,9.49774,11.42483128,-31.294744,13.878,-14.51606872,27.218136,4.86947,15.10303128,-24.899564,5.01021
54.5,-0.125187718,-0.637064,93.5289,-0.125187718,-0.637064,93.5289,-19.88896872,3.467136,133.489,19.63723128,-2.086964,133.59,-16.94826872,2.178236,83.6787,17.10553128,-4.859264,83.5418,-14.64696872,13.704836,47.1938,13.84583128,-13.977364,47.5242,-12.82776872,17.104436,9.43887,11.42463128,-31.575914,14.0939,-14.51136872,26.768736,4.69693,15.07853128,-25.355164,5.0661
55,-0.218173718,-0.594264,93.5054,-0.218173718,-0.594264,93.5054,-20.02076872,3.555036,133.429,19.49393128,-2.118364,133.559,-17.00526872,2.316236,83.6818,17.02523128,-4.745064,83.5049,-14.72666872,13.812636,47.1761,13.79983128,-13.845764,47.4923,-12.86246872,16.722536,9.39521,11.42383128,-31.831794,14.3213,-14.51406872,26.313436,4.55425,15.05063128,-25.802964,5.13049
55.5,-0.311115718,-0.548264,93.4883,-0.311115718,-0.548264,93.4883,-20.15146872,3.643736,133.379,19.35193128,-2.145364,133.538,-17.06796872,2.451736,83.6876,16.94653128,-4.627464,83.4711,-14.80866872,13.909436,47.1635,13.76073128,-13.681164,47.4575,-12.89686872,16.329136,9.36214,11.42333128,-32.061644,14.5629,-14.52456872,25.850236,4.43925,15.01933128,-26.241964,5.20379
56,-0.404075718,-0.500764,93.4771,-0.404075718,-0.500764,93.4771,-20.28066872,3.733736,133.337,19.20783128,-2.171064,133.527,-17.13306872,2.581436,83.6961,16.86973128,-4.508264,83.4414,-14.89026872,13.987936,47.1525,13.72683128,-13.485364,47.4191,-12.93176872,15.931036,9.33783,11.41933128,-32.268494,14.8174,-14.54016872,25.383436,4.34431,14.98603128,-26.670864,5.29195
56.5,-0.496044018,-0.451464,93.474,-0.496044018,-0.451464,93.474,-20.40796872,3.825036,133.309,19.06803128,-2.192164,133.526,-17.20416872,2.701936,83.7078,16.79473128,-4.388764,83.4193,-14.97156872,14.047636,47.1458,13.70023128,-13.250264,47.3743,-12.96636872,15.519936,9.32362,11.41063128,-32.445124,15.0842,-14.56106872,24.910536,4.27609,14.95263128,-27.090564,5.3987
57,-0.587123718,-0.401664,93.4779,-0.587123718,-0.401664,93.4779,-20.53166872,3.916936,133.292,18.93053128,-2.211364,133.537,-17.28326872,2.818436,83.721,16.72133128,-4.271764,83.4016,-15.05136872,14.082836,47.1394,13.68213128,-12.983664,47.3281,-12.99936872,15.095736,9.31522,11.40203128,-32.593774,15.3676,-14.58576872,24.431436,4.22592,14.91643128,-27.498264,5.52381
57.5,-0.677680718,-0.351764,93.4885,-0.677680718,-0.351764,93.4885,-20.65176872,4.010636,133.287,18.79403128,-2.229764,133.558,-17.36766872,2.925236,83.7363,16.64843128,-4.156164,83.3896,-15.12896872,14.093336,47.1343,13.67093128,-12.683364,47.278,-13.03176872,14.664036,9.31318,11.38483128,-32.715904,15.6619,-14.61366872,23.948136,4.19031,14.87933128,-27.893264,5.66991
58,-0.766714718,-0.301964,93.5062,-0.766714718,-0.301964,93.5062,-20.76886872,4.105636,133.296,18.66373128,-2.245464,133.59,-17.45786872,3.023836,83.7533,16.57493128,-4.045064,83.3846,-15.20416872,14.075536,47.1293,13.66653128,-12.345264,47.2215,-13.06046872,14.219136,9.31299,11.36363128,-32.807884,15.9692,-14.64246872,23.459136,4.16913,14.84463128,-28.275264,5.84167
58.5,-0.854870718,-0.253964,93.5303,-0.854870718,-0.253964,93.5303,-20.88176872,4.201536,133.316,18.53593128,-2.262164,133.632,-17.55616872,3.115636,83.7716,16.50153128,-3.939064,83.3844,-15.27526872,14.027736,47.122,13.66873128,-11.981564,47.1659,-13.08826872,13.761136,9.31593,11.34193128,-32.872394,16.2908,-14.67146872,22.964936,4.15506,14.80643128,-28.640264,6.03377
59,-0.942284718,-0.207364,93.5615,-0.942284718,-0.207364,93.5615,-20.98906872,4.299236,133.35,18.41293128,-2.278964,133.684,-17.66206872,3.195636,83.7913,16.42473128,-3.838464,83.3908,-15.34416872,13.946136,47.1153,13.67843128,-11.580564,47.1056,-13.11356872,13.292336,9.31983,11.30773128,-32.905024,16.6232,-14.69936872,22.465136,4.14742,14.76933128,-28.985034,6.25565
59.5,-1.027729718,-0.162864,93.5972,-1.027729718,-0.162864,93.5972,-21.09306872,4.398036,133.394,18.29623128,-2.297164,133.743,-17.76926872,3.268236,83.8117,16.34513128,-3.744364,83.4012,-15.40926872,13.832836,47.1048,13.69183128,-11.152064,47.0433,-13.13556872,12.812036,9.32154,11.27263128,-32.910744,16.9665,-14.72516872,21.959636,4.14106,14.73193128,-29.308204,6.50017
60,-1.112793718,-0.120864,93.6382,-1.112793718,-0.120864,93.6382,-21.19346872,4.497736,133.448,18.18243128,-2.317064,133.809,-17.88386872,3.331836,83.8335,16.26393128,-3.655264,83.4167,-15.47076872,13.692236,47.0926,13.70923128,-10.703764,46.9822,-13.15806872,12.320936,9.32498,11.23613128,-32.890564,17.319,-14.74896872,21.450136,4.136,14.69293128,-29.610584,6.76337
60.5,-1.196596718,-0.081864,93.6852,-1.196596718,-0.081864,93.6852,-21.28676872,4.598536,133.515,18.07563128,-2.339364,133.885,-18.00426872,3.383236,83.856,16.17623128,-3.574664,83.4369,-15.53016872,13.510736,47.0792,13.73283128,-10.220164,46.9187,-13.17716872,11.818636,9.32499,11.18763128,-32.833964,17.683,-14.76836872,20.934636,4.12922,14.65403128,-29.877784,7.05951
61,-1.278294718,-0.045864,93.7342,-1.278294718,-0.045864,93.7342,-21.37756872,4.699736,133.588,17.97373128,-2.366464,133.961,-18.12046872,3.428436,83.8794,16.08563128,-3.498064,83.4592,-15.58596872,13.303536,47.062,13.75613128,-9.723564,46.8595,-13.19546872,11.308436,9.32347,11.13943128,-32.754154,18.049,-14.78576872,20.413936,4.11794,14.61163128,-30.113464,7.36453
61.5,-1.359499718,-0.012764,93.788,-1.359499718,-0.012764,93.788,-21.46476872,4.801136,133.669,17.87613128,-2.395564,134.044,-18.24226872,3.462836,83.9042,15.99223128,-3.427364,83.4865,-15.63996872,13.067236,47.0437,13.78173128,-9.208264,46.8021,-13.21506872,10.789336,9.32225,11.08983128,-32.645124,18.4228,-14.79956872,19.889936,4.10501,14.56923128,-30.316004,7.69
62,-1.438512718,0.017236,93.8448,-1.438512718,0.017236,93.8448,-21.54586872,4.903236,133.758,17.78533128,-2.428464,134.129,-18.36386872,3.486736,83.9295,15.89393128,-3.363664,83.515,-15.69256872,12.798336,47.0241,13.81073128,-8.669364,46.747,-13.23286872,10.262536,9.31885,11.03473128,-32.503164,18.8049,-14.81056872,19.360936,4.08925,14.52343128,-30.475274,8.0366
62.5,-1.515108718,0.044436,93.9026,-1.515108718,0.044436,93.9026,-21.62406872,5.003636,133.849,17.69793128,-2.467264,134.213,-18.47766872,3.505336,83.9563,15.79453128,-3.300064,83.5467,-15.74226872,12.511436,47.0033,13.83763128,-8.129464,46.7011,-13.25186872,9.731736,9.31584,10.97683128,-32.337114,19.175,-14.82056872,18.828036,4.07025,14.47453128,-30.590444,8.37667
63,-1.589838718,0.068536,93.9642,-1.589838718,0.068536,93.9642,-21.69896872,5.103436,133.947,17.61613128,-2.508564,134.3,-18.59186872,3.513136,83.9847,15.69493128,-3.242464,83.5818,-15.79176872,12.195436,46.9823,13.86523128,-7.573564,46.6608,-13.27296872,9.194436,9.31357,10.92153128,-32.138624,19.5528,-14.82776872,18.291836,4.04969,14.42423128,-30.655684,8.7336
63.5,-1.661328718,0.089736,94.0272,-1.661328718,0.089736,94.0272,-21.76886872,5.202636,134.049,17.53963128,-2.554464,134.385,-18.69996872,3.511436,84.0139,15.59413128,-3.188964,83.6183,-15.83986872,11.856136,46.9614,13.89463128,-7.005864,46.6283,-13.29326872,8.653136,9.31177,10.86533128,-31.907364,19.9293,-14.83506872,17.751736,4.02919,14.36923128,-30.665784,9.09468
64,-1.730268718,0.109636,94.0907,-1.730268718,0.109636,94.0907,-21.83566872,5.299436,134.15,17.46493128,-2.603764,134.469,-18.80146872,3.506336,84.0443,15.49623128,-3.133064,83.6582,-15.88636872,11.509136,46.9421,13.92303128,-6.443764,46.6047,-13.31536872,8.111236,9.31232,10.80513128,-31.656304,20.2867,-14.84276872,17.210236,4.01027,14.31383128,-30.634934,9.44097
64.5,-1.794608718,0.126136,94.157,-1.794608718,0.126136,94.157,-21.89916872,5.393936,134.255,17.39683128,-2.657064,134.552,-18.89416872,3.490236,84.077,15.40353128,-3.081864,83.7015,-15.93236872,11.134536,46.924,13.95073128,-5.870364,46.5941,-13.33956872,7.564936,9.31555,10.75243128,-31.365964,20.6457,-14.85036872,16.664536,3.99223,14.25393128,-30.529234,9.79061
65,-1.855408718,0.141236,94.2243,-1.855408718,0.141236,94.2243,-21.95866872,5.486836,134.362,17.33113128,-2.712664,134.633,-18.97966872,3.468036,84.1104,15.31493128,-3.031164,83.7483,-15.97666872,10.748936,46.9085,13.98003128,-5.297064,46.5931,-13.36306872,7.018236,9.3207,10.70013128,-31.048454,20.989,-14.85956872,16.117536,3.97803,14.19343128,-30.370284,10.1274
65.5,-1.912758718,0.155136,94.2921,-1.912758718,0.155136,94.2921,-22.01476872,5.576536,134.468,17.26713128,-2.770364,134.713,-19.05936872,3.441136,84.1447,15.23373128,-2.978664,83.799,-16.01916872,10.358636,46.8959,14.00993128,-4.730064,46.6012,-13.38776872,6.471636,9.3295,10.64653128,-30.709684,21.311,-14.87026872,15.569636,3.9686,14.13363128,-30.167684,10.4447
66,-1.963968718,0.166536,94.3623,-1.963968718,0.166536,94.3623,-22.06806872,5.663136,134.575,17.20793128,-2.831864,134.791,-19.12416872,3.405836,84.1815,15.16253128,-2.928164,83.8546,-16.05986872,9.947936,46.8869,14.03873128,-4.158864,46.627,-13.41226872,5.923336,9.34138,10.60223128,-30.332114,21.6223,-14.88286872,15.018136,3.96213,14.06913128,-29.880604,10.7478
66.5,-2.011548718,0.177336,94.4331,-2.011548718,0.177336,94.4331,-22.11786872,5.747236,134.682,17.14973128,-2.892964,134.869,-19.18396872,3.366136,84.2182,15.09903128,-2.877264,83.9147,-16.09796872,9.532836,46.8811,14.06993128,-3.593364,46.66,-13.43606872,5.375736,9.35527,10.55903128,-29.931634,21.9074,-14.89636872,14.466836,3.96019,14.00943128,-29.547354,11.029
67,-2.055088718,0.186336,94.5045,-2.055088718,0.186336,94.5045,-22.16426872,5.827836,134.789,17.09303128,-2.955664,134.947,-19.23796872,3.319836,84.2556,15.04513128,-2.826264,83.9796,-16.13346872,9.113136,46.8788,14.10223128,-3.033864,46.7024,-13.45866872,4.827836,9.37206,10.51883128,-29.508324,22.1684,-14.91136872,13.914536,3.96337,13.95163128,-29.168324,11.2853
67.5,-2.091858718,0.193936,94.5784,-2.091858718,0.193936,94.5784,-22.20766872,5.904636,134.896,17.03793128,-3.020564,135.025,-19.27636872,3.267336,84.2951,15.00623128,-2.774864,84.0515,-16.16466872,8.680536,46.8817,14.13383128,-2.477464,46.7637,-13.47946872,4.279936,9.3916,10.48533128,-29.047864,22.3999,-14.92796872,13.360336,3.96965,13.89243128,-28.703064,11.5088
68,-2.125978718,0.200836,94.6519,-2.125978718,0.200836,94.6519,-22.24866872,5.979236,135.002,16.98353128,-3.084064,135.104,-19.31276872,3.210836,84.3334,14.97363128,-2.724764,84.1261,-16.19276872,8.245636,46.8868,14.16743128,-1.926764,46.8275,-13.49916872,3.732136,9.4119,10.45573128,-28.570764,22.6059,-14.94376872,12.806536,3.9772,13.83973128,-28.205764,11.7107
68.5,-2.156588718,0.205436,94.7259,-2.156588718,0.205436,94.7259,-22.28666872,6.050336,135.107,16.92933128,-3.148364,135.185,-19.34416872,3.146936,84.3715,14.94913128,-2.676164,84.2057,-16.21766872,7.805036,46.8954,14.20143128,-1.382564,46.8994,-13.51476872,3.184136,9.43241,10.43093128,-28.070764,22.7815,-14.96006872,12.252136,3.98757,13.79213128,-27.663964,11.8821
69,-2.180518718,0.208736,94.8016,-2.180518718,0.208736,94.8016,-22.32086872,6.116636,135.212,16.87533128,-3.213264,135.27,-19.36306872,3.076636,84.4107,14.94223128,-2.627064,84.2928,-16.23546872,7.356236,46.9089,14.23443128,-0.847264,46.9869,-13.52866872,2.635936,9.45516,10.40963128,-27.534164,22.9077,-14.97506872,11.697136,3.99836,13.74743128,-27.039064,12.0048
69.5,-2.203628718,0.210836,94.876,-2.203628718,0.210836,94.876,-22.35426872,6.181336,135.315,16.82143128,-3.277264,135.356,-19.38186872,3.002936,84.4481,14.93653128,-2.580764,84.3797,-16.25126872,6.905036,46.9234,14.26743128,-0.316364,47.0734,-13.54076872,2.087436,9.4771,10.39413128,-26.986764,23.0141,-14.98856872,11.142136,4.00725,13.70823128,-26.395964,12.1097
70,-2.223968718,0.210736,94.9503,-2.223968718,0.210736,94.9503,-22.38426872,6.242836,135.417,16.76643128,-3.341264,135.445,-19.39696872,2.922036,84.4845,14.93733128,-2.536864,84.4708,-16.26316872,6.447536,46.9402,14.29933128,0.207036,47.1659,-13.54936872,1.538736,9.49752,10.38123128,-26.417364,23.0833,-15.00106872,10.587236,4.01563,13.67633128,-25.709564,12.181
70.5,-2.239808718,0.208336,95.0236,-2.239808718,0.208336,95.0236,-22.41126872,6.298636,135.516,16.71233128,-3.404964,135.538,-19.40556872,2.833336,84.5198,14.94993128,-2.494864,84.5651,-16.26796872,5.985136,46.9596,14.32853128,0.718236,47.2656,-13.55576872,0.989636,9.5192,10.37113128,-25.815164,23.0958,-15.00976872,10.032336,4.02089,13.64993128,-24.957464,12.1996
71,-2.256108718,0.204636,95.0951,-2.256108718,0.204636,95.0951,-22.43786872,6.353036,135.613,16.65723128,-3.468264,135.632,-19.41456872,2.742736,84.5535,14.95983128,-2.455964,84.6574,-16.27156872,5.518936,46.9798,14.35583128,1.224536,47.3637,-13.56116872,0.440336,9.53959,10.36553128,-25.204064,23.0897,-15.01726872,9.477736,4.02324,13.62843128,-24.190464,12.2021
71.5,-2.270228718,0.198536,95.1654,-2.270228718,0.198536,95.1654,-22.46066872,6.403736,135.708,16.60183128,-3.530464,135.73,-19.42096872,2.644136,84.5851,14.97443128,-2.420264,84.7519,-16.27136872,5.046936,47.0005,14.38023128,1.721236,47.4649,-13.56536872,-0.109464,9.55876,10.35883128,-24.569364,23.0383,-15.02216872,8.923136,4.02283,13.61493128,-23.380464,12.1672
72,-2.282228718,0.189736,95.2314,-2.282228718,0.189736,95.2314,-22.48146872,6.448936,135.797,16.54853128,-3.592364,135.828,-19.42516872,2.538636,84.614,14.99323128,-2.388664,84.8436,-16.26716872,4.573436,47.0217,14.39903128,2.203336,47.5661,-13.56746872,-0.658464,9.57846,10.35623128,-23.906064,22.9361,-15.02396872,8.369136,4.01892,13.60743128,-22.521264,12.0867
72.5,-2.295048718,0.179836,95.2955,-2.295048718,0.179836,95.2955,-22.50156872,6.492536,135.883,16.49433128,-3.653664,135.927,-19.43006872,2.432336,84.6418,15.00813128,-2.359564,84.9325,-16.26156872,4.095636,47.0434,14.41583128,2.679636,47.6663,-13.57086872,-1.207664,9.59855,10.35413128,-23.234464,22.8154,-15.02526872,7.815336,4.013,13.60393128,-21.647964,11.9926
73,-2.306418718,0.167336,95.3555,-2.306418718,0.167336,95.3555,-22.51786872,6.531036,135.964,16.44233128,-3.712664,136.026,-19.43326872,2.318436,84.6657,15.02403128,-2.335464,85.0193,-16.25446872,3.614436,47.0642,14.42683128,3.141336,47.7655,-13.57476872,-1.756664,9.61828,10.35043128,-22.534064,22.6431,-15.02406872,7.261836,4.00419,13.60893128,-20.729064,11.8581
73.5,-2.316918718,0.152436,95.4103,-2.316918718,0.152436,95.4103,-22.53226872,6.564536,136.039,16.39363128,-3.770564,136.122,-19.43626872,2.200136,84.687,15.03923128,-2.315864,85.101,-16.24576872,3.132836,47.085,14.43223128,3.587036,47.8626,-13.57866872,-2.304264,9.63998,10.34823128,-21.808764,22.4297,-15.02216872,6.708936,3.99489,13.62033128,-19.772364,11.6917
74,-2.327448718,0.137136,95.4633,-2.327448718,0.137136,95.4633,-22.54586872,6.596836,136.112,16.34553128,-3.827764,136.217,-19.43916872,2.081536,84.7077,15.05313128,-2.297664,85.1802,-16.23626872,2.649936,47.1058,14.43643128,4.027836,47.9593,-13.58456872,-2.851864,9.66329,10.34483128,-21.076564,22.2039,-15.02046872,6.156136,3.98534,13.63373128,-18.804564,11.5173
74.5,-2.337188718,0.119236,95.5092,-2.337188718,0.119236,95.5092,-22.55576872,6.622236,136.176,16.30223128,-3.880964,136.308,-19.44086872,1.958336,84.723,15.06313128,-2.286264,85.2526,-16.22796872,2.166536,47.1256,14.43343128,4.446136,48.0517,-13.59186872,-3.397264,9.68784,10.34033128,-20.307864,21.9241,-15.01806872,5.604336,3.97566,13.65783128,-17.786864,11.3052
75,-2.345418718,0.100036,95.5502,-2.345418718,0.100036,95.5502,-22.56336872,6.643836,136.234,16.26403128,-3.931964,136.393,-19.44186872,1.833236,84.7365,15.07353128,-2.279264,85.3201,-16.21946872,1.684736,47.1456,14.42673128,4.848436,48.1428,-13.60166872,-3.941664,9.71667,10.33583128,-19.517064,21.6135,-15.01716872,5.052536,3.96837,13.68813128,-16.737264,11.0742
75.5,-2.353348718,0.080636,95.5894,-2.353348718,0.080636,95.5894,-22.57026872,6.664036,136.29,16.22733128,-3.981864,136.475,-19.44256872,1.707836,84.7492,15.08303128,-2.273364,85.3856,-16.21066872,1.203736,47.1658,14.41923128,5.245836,48.2336,-13.61176872,-4.485264,9.7464,10.33023128,-18.718864,21.2944,-15.01676872,4.501036,3.96177,13.72023128,-15.678464,10.8387
76,-2.359748718,0.059736,95.6202,-2.359748718,0.059736,95.6202,-22.57336872,6.677236,136.337,16.19793128,-4.026064,136.548,-19.44126872,1.582936,84.7568,15.08863128,-2.274964,85.4424,-16.20456872,0.726036,47.1857,14.40683128,5.614036,48.3191,-13.62426872,-5.025464,9.77985,10.32473128,-17.879664,20.9284,-15.01786872,3.951136,3.95861,13.76583128,-14.568664,10.5781
76.5,-2.363538718,0.038436,95.6469,-2.363538718,0.038436,95.6469,-22.57406872,6.687936,136.378,16.17473128,-4.067264,136.614,-19.43776872,1.457836,84.763,15.09763128,-2.280764,85.4959,-16.19896872,0.253136,47.2064,14.39263128,5.967436,48.4043,-13.63946872,-5.565064,9.8178,10.31993128,-17.020564,20.541,-15.02096872,3.400636,3.95853,13.81703128,-13.432564,10.3078
77,-2.366948718,0.017136,95.6718,-2.366948718,0.017136,95.6718,-22.57376872,6.697136,136.417,16.15343128,-4.106764,136.677,-19.43416872,1.333236,84.7682,15.10483128,-2.287864,85.5473,-16.19336872,-0.218564,47.2277,14.37843128,6.313836,48.4886,-13.65386872,-6.103064,9.85617,10.31493128,-16.151564,20.146,-15.02446872,2.851036,3.95945,13.87193128,-12.286264,10.0358
77.5,-2.366938718,-0.004464,95.6885,-2.366938718,-0.004464,95.6885,-22.56966872,6.700436,136.446,16.14113128,-4.139564,136.727,-19.42666872,1.212236,84.7693,15.11203128,-2.302764,85.5906,-16.18946872,-0.681964,47.25,14.36303128,6.627436,48.5682,-13.66926872,-6.637264,9.89871,10.31283128,-15.240364,19.7171,-15.03006872,2.302836,3.96434,13.94213128,-11.092464,9.75454
78,-2.364988718,-0.026064,95.7027,-2.364988718,-0.026064,95.7027,-22.56376872,6.702736,136.472,16.13243128,-4.170264,136.773,-19.41706872,1.092236,84.7691,15.12223128,-2.320864,85.632,-16.18676872,-1.140364,47.2731,14.34693128,6.930236,48.6471,-13.68576872,-7.171264,9.94326,10.31353128,-14.315564,19.2772,-15.03656872,1.754236,3.97065,14.01663128,-9.882964,9.46946
78.5,-2.361708718,-0.047364,95.7145,-2.361708718,-0.047364,95.7145,-22.55626872,6.703736,136.495,16.12703128,-4.197964,136.814,-19.40656872,0.973836,84.7682,15.13153128,-2.340964,85.6706,-16.18286872,-1.596264,47.2975,14.33183128,7.221436,48.724,-13.70196872,-7.703464,9.9891,10.31463128,-13.375264,18.8299,-15.04326872,1.206736,3.97758,14.09713128,-8.659364,9.18717
79,-2.354248718,-0.068664,95.7193,-2.354248718,-0.068664,95.7193,-22.54556872,6.701036,136.51,16.12923128,-4.220164,136.844,-19.39126872,0.859336,84.7637,15.14413128,-2.368864,85.7021,-16.17966872,-2.039364,47.3233,14.31743128,7.479736,48.795,-13.71576872,-8.232064,10.0363,10.32453128,-12.396364,18.3637,-15.05046872,0.660336,3.98546,14.19253128,-7.398264,8.90672
79.5,-2.345658718,-0.089664,95.7226,-2.345658718,-0.089664,95.7226,-22.53346872,6.697936,136.522,16.13263128,-4.241264,136.871,-19.37456872,0.746536,84.7584,15.15833128,-2.398764,85.732,-16.17716872,-2.478864,47.3496,14.30263128,7.730236,48.8646,-13.73026872,-8.760564,10.0841,10.33783128,-11.408364,17.8927,-15.05746872,0.114036,3.99346,14.29113128,-6.128564,8.62607
80,-2.335038718,-0.110164,95.7233,-2.335038718,-0.110164,95.7233,-22.51956872,6.694436,136.532,16.13953128,-4.258864,136.894,-19.35586872,0.635736,84.7528,15.17343128,-2.430964,85.7582,-16.17176872,-2.914364,47.3778,14.28913128,7.965736,48.9302,-13.74466872,-9.287564,10.1334,10.35313128,-10.402464,17.4194,-15.06416872,-0.431864,4.00036,14.39413128,-4.845264,8.35256
80.5,-2.320968718,-0.131064,95.7179,-2.320968718,-0.131064,95.7179,-22.50256872,6.688836,136.533,16.15043128,-4.273864,136.909,-19.33316872,0.527236,84.7434,15.19153128,-2.470164,85.7769,-16.16646872,-3.334564,47.4062,14.27543128,8.169136,48.9858,-13.75476872,-9.811364,10.1807,10.38273128,-9.362464,16.9416,-15.06916872,-0.976364,4.00482,14.51013128,-3.535664,8.08991
81,-2.305988718,-0.151564,95.7114,-2.305988718,-0.151564,95.7114,-22.48486872,6.683336,136.533,16.16163128,-4.288064,136.922,-19.30956872,0.420536,84.734,15.21193128,-2.510164,85.794,-16.16036872,-3.752564,47.4346,14.26153128,8.366536,49.0397,-13.76626872,-10.335264,10.2288,10.41573128,-8.315464,16.4627,-15.07346872,-1.520664,4.0088,14.62763128,-2.221364,7.82885
81.5,-2.289338718,-0.171864,95.7018,-2.289338718,-0.171864,95.7018,-22.46536872,6.677636,136.529,16.17453128,-4.299964,136.931,-19.28336872,0.315436,84.7239,15.23303128,-2.552464,85.8049,-16.15106872,-4.163164,47.4649,14.24643128,8.544536,49.0848,-13.77576872,-10.857364,10.277,10.45403128,-7.249864,15.9927,-15.07746872,-2.065264,4.01047,14.74403128,-0.896464,7.58004
82,-2.270358718,-0.192864,95.6876,-2.270358718,-0.192864,95.6876,-22.44286872,6.671036,136.518,16.18923128,-4.311664,136.935,-19.25526872,0.210536,84.7112,15.25633128,-2.598964,85.8087,-16.14046872,-4.561464,47.4944,14.22983128,8.697736,49.1188,-13.78366872,-11.377764,10.3237,10.50643128,-6.159364,15.529,-15.07926872,-2.608564,4.00933,14.86773128,0.443736,7.34691
82.5,-2.250478718,-0.213764,95.6718,-2.250478718,-0.213764,95.6718,-22.42026872,6.664336,136.505,16.20403128,-4.322564,136.937,-19.22596872,0.106736,84.6985,15.28263128,-2.645864,85.8097,-16.12796872,-4.956664,47.5235,14.21153128,8.841736,49.1476,-13.79206872,-11.897364,10.3708,10.56403128,-5.060764,15.072,-15.08046872,-3.151764,4.00715,14.98943128,1.786936,7.11954
83,-2.229538718,-0.234464,95.6526,-2.229538718,-0.234464,95.6526,-22.39556872,6.656936,136.487,16.21853128,-4.333064,136.935,-19.19496872,0.004536,84.6846,15.31023128,-2.693264,85.803,-16.11316872,-5.341864,47.5534,14.19003128,8.965836,49.1651,-13.79896872,-12.415764,10.4182,10.62863128,-3.944864,14.6329,-15.08226872,-3.695564,4.00484,15.10543128,3.138036,6.90996
83.5,-2.206908718,-0.255864,95.6301,-2.206908718,-0.255864,95.6301,-22.36786872,6.649436,136.464,16.23463128,-4.343564,136.93,-19.16276872,-0.098264,84.6691,15.33923128,-2.742764,85.7902,-16.09616872,-5.718164,47.5822,14.16493128,9.070336,49.1706,-13.80656872,-12.932764,10.4656,10.70463128,-2.811264,14.2087,-15.08286872,-4.238264,4.00054,15.22093128,4.498236,6.71891
84,-2.183658718,-0.277364,95.6053,-2.183658718,-0.277364,95.6053,-22.34076872,6.640636,136.437,16.25043128,-4.353864,136.922,-19.12926872,-0.200864,84.6536,15.37163128,-2.790964,85.773,-16.07736872,-6.089464,47.6105,14.13653128,9.162736,49.1679,-13.81356872,-13.448164,10.5139,10.78733128,-1.670864,13.8031,-15.08426872,-4.781064,3.9967,15.32933128,5.858336,6.54097
84.5,-2.158928718,-0.298464,95.5773,-2.158928718,-0.298464,95.5773,-22.31056872,6.630736,136.405,16.26703128,-4.363864,136.909,-19.09546872,-0.300964,84.6368,15.40773128,-2.837864,85.749,-16.05626872,-6.450264,47.6386,14.10423128,9.236836,49.1529,-13.82106872,-13.963064,10.5642,10.87623128,-0.515764,13.4237,-15.08716872,-5.324264,3.9955,15.42773128,7.224436,6.38888
85,-2.133328718,-0.319664,95.5469,-2.133328718,-0.319664,95.5469,-22.27816872,6.620736,136.369,16.28473128,-4.373264,136.893,-19.05986872,-0.401164,84.6191,15.44353128,-2.884664,85.7196,-16.03346872,-6.804864,47.666,14.06703128,9.294336,49.1262,-13.83006872,-14.476264,10.616,10.97273128,0.651236,13.0656,-15.09086872,-5.867164,3.99399,15.51843128,8.596136,6.25677
85.5,-2.106658718,-0.340764,95.5142,-2.106658718,-0.340764,95.5142,-22.24536872,6.608136,136.327,16.30313128,-4.382164,136.871,-19.02326872,-0.500764,84.6013,15.48413128,-2.926864,85.686,-16.00966872,-7.151264,47.6937,14.02663128,9.339136,49.0903,-13.83836872,-14.987564,10.6707,11.07413128,1.818636,12.7396,-15.09686872,-6.409564,3.99605,15.59673128,9.962536,6.15138
86,-2.077898718,-0.360964,95.4792,-2.077898718,-0.360964,95.4792,-22.20996872,6.594636,136.282,16.32513128,-4.389464,136.845,-18.98666872,-0.596664,84.5825,15.52973128,-2.967764,85.6485,-15.98386872,-7.490064,47.7204,13.98263128,9.370836,49.0444,-13.84746872,-15.498064,10.7278,11.17983128,2.995136,12.44,-15.10436872,-6.951964,4.00072,15.66493128,11.330236,6.07143
86.5,-2.048868718,-0.380564,95.4424,-2.048868718,-0.380564,95.4424,-22.17226872,6.579736,136.233,16.34713128,-4.395164,136.815,-18.94756872,-0.690664,84.563,15.57383128,-3.005064,85.6061,-15.95736872,-7.821964,47.7477,13.93433128,9.386336,48.9875,-13.85766872,-16.006164,10.7882,11.28783128,4.176136,12.1714,-15.11476872,-7.494364,4.00793,15.71783128,12.699136,6.0193
87,-2.017518718,-0.398964,95.4042,-2.017518718,-0.398964,95.4042,-22.13306872,6.562336,136.18,16.37363128,-4.398664,136.778,-18.90766872,-0.782264,84.5438,15.62413128,-3.035364,85.562,-15.93026872,-8.144264,47.7758,13.88553128,9.393536,48.924,-13.86796872,-16.512964,10.8533,11.39533128,5.345436,11.9377,-15.12726872,-8.035864,4.01902,15.75823128,14.052236,6.00152
87.5,-1.984428718,-0.416364,95.3642,-1.984428718,-0.416364,95.3642,-22.09196872,6.543936,136.124,16.40373128,-4.399664,136.737,-18.86676872,-0.869364,84.5232,15.67783128,-3.064264,85.5156,-15.90216872,-8.462064,47.8025,13.83373128,9.391736,48.8529,-13.87806872,-17.017464,10.9198,11.50603128,6.517336,11.7308,-15.14076872,-8.576764,4.03123,15.78833128,15.402236,6.00703
88,-1.950548718,-0.431864,95.3236,-1.950548718,-0.431864,95.3236,-22.04756872,6.523036,136.066,16.43513128,-4.397264,136.69,-18.82336872,-0.951564,84.5025,15.73033128,-3.084964,85.4661,-15.87456872,-8.770064,47.8317,13.78163128,9.377036,48.7738,-13.88806872,-17.519664,10.9916,11.61073128,7.677536,11.5605,-15.15746872,-9.117564,4.04741,15.79953128,16.738336,6.04927
88.5,-1.913818718,-0.445664,95.2821,-1.913818718,-0.445664,95.2821,-22.00136872,6.500436,136.005,16.47373128,-4.391164,136.637,-18.77876872,-1.029364,84.482,15.78773128,-3.098564,85.4165,-15.84586872,-9.068964,47.8611,13.73123128,9.359336,48.6909,-13.89776872,-18.020164,11.0672,11.70983128,8.812836,11.4191,-15.17466872,-9.657364,4.06481,15.80063128,18.045036,6.12127
89,-1.876058718,-0.458264,95.2392,-1.876058718,-0.458264,95.2392,-21.95386872,6.476636,135.941,16.51443128,-4.382164,136.58,-18.73256872,-1.103164,84.4598,15.84593128,-3.109564,85.3651,-15.81766872,-9.364564,47.8893,13.67983128,9.336736,48.6037,-13.90666872,-18.517364,11.1432,11.81053128,9.942836,11.3024,-15.19196872,-10.196264,4.0819,15.79173128,19.343836,6.21352
89.5,-1.835918718,-0.467564,95.1966,-1.835918718,-0.467564,95.1966,-21.90146872,6.449836,135.878,16.56093128,-4.367464,136.517,-18.68376872,-1.167564,84.4379,15.90373128,-3.107664,85.3124,-15.78956872,-9.645864,47.9203,13.63363128,9.309536,48.5124,-13.91346872,-19.011764,11.2253,11.89423128,11.027536,11.2212,-15.20996872,-10.734364,4.10069,15.76423128,20.591536,6.34391
90,-1.794308718,-0.475664,95.1531,-1.794308718,-0.475664,95.1531,-21.84796872,6.421636,135.813,16.61223128,-4.349964,136.451,-18.63356872,-1.228264,84.4155,15.96173128,-3.100664,85.2587,-15.76136872,-9.921164,47.9507,13.58963128,9.282536,48.4195,-13.91936872,-19.504264,11.3088,11.97163128,12.087236,11.1555,-15.22756872,-11.271864,4.1186,15.73093128,21.809936,6.48867
90.5,-1.751438718,-0.481964,95.1088,-1.751438718,-0.481964,95.1088,-21.79266872,6.392436,135.748,16.66603128,-4.329064,136.38,-18.58126872,-1.284464,84.392,16.02013128,-3.088164,85.2033,-15.73336872,-10.190764,47.9804,13.54773128,9.254836,48.3249,-13.92476872,-19.992864,11.3935,12.04663128,13.125436,11.1118,-15.24386872,-11.808364,4.13535,15.68723128,23.004936,6.65157
91,-1.705688718,-0.484964,95.0639,-1.705688718,-0.484964,95.0639,-21.73196872,6.359736,135.683,16.72863128,-4.301964,136.305,-18.52696872,-1.328964,84.3677,16.07543128,-3.060764,85.145,-15.70496872,-10.443364,48.0097,13.51473128,9.236036,48.2299,-13.92586872,-20.477364,11.4813,12.09713128,14.078136,11.0867,-15.25746872,-12.344064,4.1494,15.63013128,24.100636,6.82867
91.5,-1.659198718,-0.487064,95.0181,-1.659198718,-0.487064,95.0181,-21.67016872,6.325736,135.617,16.79393128,-4.273164,136.226,-18.47156872,-1.370664,84.3428,16.12993128,-3.028764,85.0851,-15.67686872,-10.690964,48.0386,13.48403128,9.217736,48.1343,-13.92596872,-20.960064,11.5696,12.14243128,15.010836,11.0725,-15.27046872,-12.879364,4.1627,15.56803128,25.173236,7.01469
92,-1.611098718,-0.487264,94.9712,-1.611098718,-0.487264,94.9712,-21.60616872,6.290236,135.551,16.86313128,-4.240964,136.145,-18.41436872,-1.407464,84.3172,16.18343128,-2.988664,85.0224,-15.64736872,-10.929164,48.0657,13.45803128,9.205136,48.0386,-13.92626872,-21.439364,11.6604,12.17993128,15.897536,11.0667,-15.28126872,-13.414764,4.17468,15.49753128,26.194336,7.20228
92.5,-1.560518718,-0.484964,94.9219,-1.560518718,-0.484964,94.9219,-21.53716872,6.250836,135.486,16.94063128,-4.205064,136.059,-18.35516872,-1.432764,84.2895,16.23263128,-2.934564,84.9532,-15.61756872,-11.150264,48.0888,13.44023128,9.212036,47.9445,-13.92146872,-21.912864,11.7509,12.19493128,16.679436,11.0623,-15.28826872,-13.949064,4.18297,15.41943128,27.090236,7.37291
93,-1.509068718,-0.481764,94.8716,-1.509068718,-0.481764,94.8716,-21.46716872,6.210236,135.421,17.02073128,-4.167464,135.971,-18.29576872,-1.456164,84.2614,16.28183128,-2.875364,84.8824,-15.58746872,-11.365464,48.1116,13.42563128,9.220636,47.8503,-13.91606872,-22.385064,11.8417,12.20423128,17.439536,11.0653,-15.29426872,-14.483264,4.19082,15.33633128,27.961336,7.54982
93.5,-1.455701718,-0.476964,94.8187,-1.455701718,-0.476964,94.8187,-21.39386872,6.166436,135.354,17.10593128,-4.128064,135.88,-18.23466872,-1.472164,84.2322,16.32893128,-2.805364,84.8055,-15.55456872,-11.565564,48.1297,13.41643128,9.244236,47.7569,-13.91066872,-22.853064,11.936,12.20363128,18.121336,11.0598,-15.29906872,-15.018564,4.19966,15.24733128,28.740136,7.69665
94,-1.399687718,-0.470664,94.7626,-1.399687718,-0.470664,94.7626,-21.31666872,6.119436,135.287,17.19843128,-4.087064,135.784,-18.17206872,-1.480564,84.2009,16.37543128,-2.725064,84.7223,-15.52076872,-11.752264,48.1428,13.41253128,9.289736,47.6656,-13.90266872,-23.315964,12.0292,12.18883128,18.713336,11.047,-15.30086872,-15.552564,4.20619,15.15463128,29.410336,7.81376
94.5,-1.342745718,-0.463264,94.7048,-1.342745718,-0.463264,94.7048,-21.23846872,6.071236,135.22,17.29443128,-4.044564,135.686,-18.10986872,-1.486364,84.169,16.42173128,-2.638664,84.6364,-15.48616872,-11.930564,48.1547,13.41233128,9.341436,47.5742,-13.89386872,-23.777564,12.1223,12.16693128,19.269736,11.0348,-15.30156872,-16.086764,4.21277,15.05803128,30.038036,7.92595
95,-1.282580718,-0.454164,94.6429,-1.282580718,-0.454164,94.6429,-21.15566872,6.017636,135.149,17.39603128,-4.002264,135.583,-18.04616872,-1.481864,84.1358,16.46983128,-2.539664,84.5435,-15.44766872,-12.087664,48.1591,13.41683128,9.416636,47.4853,-13.88546872,-24.233464,12.2208,12.14063128,19.728636,11.0038,-15.30356872,-16.621864,4.2248,14.95883128,30.547136,7.97969
95.5,-1.220110718,-0.444264,94.5777,-1.220110718,-0.444264,94.5777,-21.07066872,5.962536,135.078,17.50393128,-3.959264,135.475,-17.98046872,-1.473264,84.1008,16.51913128,-2.434464,84.4457,-15.40816872,-12.235664,48.1591,13.42393128,9.511436,47.3981,-13.87726872,-24.685364,12.3182,12.10593128,20.120336,10.9625,-15.30376872,-17.155764,4.23555,14.85803128,30.975036,8.00333
96,-1.156094718,-0.432864,94.5096,-1.156094718,-0.432864,94.5096,-20.98386872,5.905436,135.004,17.61633128,-3.915264,135.364,-17.91516872,-1.459364,84.0648,16.56923128,-2.321764,84.3436,-15.36756872,-12.370864,48.1556,13.43383128,9.620436,47.3111,-13.86806872,-25.134864,12.416,12.06553128,20.453836,10.9131,-15.30406872,-17.689564,4.24808,14.75543128,31.331136,7.99995
96.5,-1.087398718,-0.419064,94.4386,-1.087398718,-0.419064,94.4386,-20.89216872,5.844236,134.927,17.73423128,-3.872764,135.246,-17.84816872,-1.434964,84.0288,16.62813128,-2.198464,84.2409,-15.32376872,-12.482864,48.1459,13.44843128,9.753736,47.2301,-13.86126872,-25.577864,12.5209,12.02993128,20.708736,10.8502,-15.30636872,-18.221964,4.26685,14.65533128,31.589836,7.94453
97,-1.017387718,-0.404564,94.3642,-1.017387718,-0.404564,94.3642,-20.79956872,5.782636,134.848,17.85643128,-3.829564,135.125,-17.77856872,-1.407564,83.991,16.68643128,-2.071164,84.133,-15.27896872,-12.588064,48.1323,13.46373128,9.903936,47.1496,-13.85606872,-26.017764,12.6256,11.98813128,20.909236,10.7741,-15.30896872,-18.754364,4.28626,14.55383128,31.783136,7.85601
97.5,-0.943859718,-0.387164,94.2866,-0.943859718,-0.387164,94.2866,-20.70306872,5.719236,134.766,17.98433128,-3.786164,134.997,-17.70766872,-1.370164,83.9525,16.75033128,-1.935264,84.0239,-15.23386872,-12.671464,48.1129,13.48223128,10.078636,47.0735,-13.85196872,-26.450964,12.7339,11.94743128,21.030836,10.6868,-15.31256872,-19.283964,4.30839,14.45613128,31.877836,7.72198
98,-0.866762718,-0.367164,94.209,-0.866762718,-0.367164,94.209,-20.60376872,5.655036,134.682,18.11623128,-3.743164,134.866,-17.63526872,-1.326064,83.9152,16.82223128,-1.794064,83.9196,-15.18816872,-12.737964,48.0908,13.50393128,10.266636,47.0031,-13.84966872,-26.877964,12.8471,11.91333128,21.114936,10.5976,-15.31616872,-19.810464,4.3321,14.36343128,31.926336,7.5686
98.5,-0.788600718,-0.346064,94.1278,-0.788600718,-0.346064,94.1278,-20.50296872,5.590836,134.594,18.25013128,-3.700064,134.73,-17.55986872,-1.276864,83.8762,16.89323128,-1.648764,83.8106,-15.14126872,-12.795164,48.0646,13.52703128,10.472436,46.9345,-13.85046872,-27.302164,12.9631,11.87613128,21.145636,10.4936,-15.32256872,-20.337764,4.35976,14.27033128,31.910136,7.37456
99,-0.705653718,-0.319464,94.0467,-0.705653718,-0.319464,94.0467,-20.39706872,5.528636,134.505,18.38973128,-3.656164,134.589,-17.48016872,-1.215064,83.8387,16.97243128,-1.496264,83.7097,-15.09796872,-12.819964,48.0324,13.55513128,10.703636,46.8765,-13.85476872,-27.711064,13.0864,11.84663128,21.100236,10.3872,-15.32756872,-20.857564,4.38613,14.18913128,31.800736,7.14713
99.5,-0.621231718,-0.291264,93.9668,-0.621231718,-0.291264,93.9668,-20.29006872,5.467536,134.416,18.53103128,-3.611964,134.447,-17.39936872,-1.150264,83.8022,17.05453128,-1.342064,83.6131,-15.05566872,-12.835064,47.9993,13.58483128,10.938936,46.822,-13.85976872,-28.115064,13.212,11.82023128,21.041936,10.2833,-15.33146872,-21.374764,4.41146,14.11203128,31.676236,6.9192
,,,,,,,,,,,,,,,,,,,,,,,,,,,,,,,,,,,,
,0.508168718,38.830364,,,,,,,,,,,,,,,,,,,,,,,,,,,,,,,,,,
