[Gait],,,,,,,,,,,,,,,,,,,,,,,,,,,,,,,,,,,,
氏名,周期,歩行率,立脚,%,遊脚,%,両足支持,%,ストライド,ステップ,歩隔,,,,,,,,,,,,,,,,,,,,,,,,,
Group1(R),0,0,0,0,0,0,0,0,0,0,0,,,,,,,,,,,,,,,,,,,,,,,,,
SD,0,0,0,0,0,0,0,0,0,0,0,,,,,,,,,,,,,,,,,,,,,,,,,
CV,0,0,0,0,0,0,0,0,0,0,0,,,,,,,,,,,,,,,,,,,,,,,,,
Group1(L),0,0,0,0,0,0,0,0,0,0,0,,,,,,,,,,,,,,,,,,,,,,,,,
SD,0,0,0,0,0,0,0,0,0,0,0,,,,,,,,,,,,,,,,,,,,,,,,,
CV,0,0,0,0,0,0,0,0,0,0,0,,,,,,,,,,,,,,,,,,,,,,,,,
[Data],,,,,,,,,,,,,,,,,,,,,,,,,,,,,,,,,,,,
Cycle(%),重心[x](cm),重心[y](cm),重心[z](cm),重心[x](cm),重心[y](cm),重心[z](cm),左肩峰[x](cm),左肩峰[y](cm),左肩峰[z](cm),右肩峰[x](cm),右肩峰[y](cm),右肩峰[z](cm),左大転子[x](cm),左大転子[y](cm),左大転子[z](cm),右大転子[x](cm),右大転子[y](cm),右大転子[z](cm),左外側上顆[x](cm),左外側上顆[y](cm),左外側上顆[z](cm),右外側上顆[x](cm),右外側上顆[y](cm),右外側上顆[z](cm),左外果[x](cm),左外果[y](cm),左外果[z](cm),右外果[x](cm),右外果[y](cm),右外果[z](cm),左第５中足骨頭[x](cm),左第５中足骨頭[y](cm),左第５中足骨頭[z](cm),右第５中足骨頭[x](cm),右第５中足骨頭[y](cm),右第５中足骨頭[z](cm)
0,-3.129807101,1.4292025,93.8371,-3.129807101,1.4292025,93.8371,-21.3645481,7.4946025,137.686,17.3538519,8.1663025,131.215,-22.0473481,-4.2781975,84.2796,13.2118519,-4.3250975,83.7874,-19.5495481,-9.7107975,47.0241,12.1857519,2.8059025,47.8723,-18.6742481,-13.2033975,7.78212,13.2293519,8.9523025,9.25295,-19.8060481,-3.1524975,2.44264,14.5818519,20.7099025,4.43267
0.5,-2.969043301,1.4300025,93.7943,-2.969043301,1.4300025,93.7943,-21.0610481,7.3019025,137.738,17.5600519,8.4331025,131.072,-21.9144481,-4.4295975,84.3021,13.3225519,-4.1523975,83.6731,-19.4675481,-9.8981975,47.0496,12.2480519,2.9368025,47.7977,-18.6597481,-13.4586975,7.79208,13.2166519,8.8750025,9.16717,-19.8110481,-3.4134975,2.4469,14.5258519,20.5838025,4.25464
1,-2.797380101,1.4311025,93.7565,-2.797380101,1.4311025,93.7565,-20.7410481,7.1087025,137.799,17.7771519,8.7090025,130.928,-21.7738481,-4.5791975,84.3274,13.4417519,-3.9736975,83.5696,-19.3767481,-10.0820975,47.078,12.3226519,3.0592025,47.7326,-18.6461481,-13.7082975,7.81,13.2208519,8.7372025,9.08608,-19.8118481,-3.6730975,2.45123,14.4866519,20.3952025,4.07872
1.5,-2.621893101,1.4322025,93.7211,-2.621893101,1.4322025,93.7211,-20.4124481,6.9157025,137.862,17.9962519,8.9871025,130.784,-21.6299481,-4.7287975,84.354,13.5639519,-3.7940975,83.4707,-19.2844481,-10.2648975,47.1087,12.3988519,3.1763025,47.6705,-18.6322481,-13.9562975,7.83094,13.2299519,8.5862025,9.00763,-19.8121481,-3.9326975,2.45557,14.4541519,20.1939025,3.90898
2,-2.438359101,1.4333025,93.6949,-2.438359101,1.4333025,93.6949,-20.0769481,6.7267025,137.932,18.2217519,9.2723025,130.642,-21.4788481,-4.8778975,84.3875,13.6968519,-3.6159975,83.3926,-19.1843481,-10.4396975,47.1465,12.4863519,3.2757025,47.6227,-18.6199481,-14.1972975,7.8644,13.2556519,8.3954025,8.94236,-19.8062481,-4.1910975,2.45959,14.4415519,19.9594025,3.76803
2.5,-2.253193101,1.4343025,93.6713,-2.253193101,1.4343025,93.6713,-19.7400481,6.5380025,138.004,18.4474519,9.5594025,130.5,-21.3251481,-5.0269975,84.4229,13.8318519,-3.4393975,83.3206,-19.0814481,-10.6114975,47.1862,12.5750519,3.3703025,47.5788,-18.6071481,-14.4367975,7.9017,13.2851519,8.1964025,8.88125,-19.7998481,-4.4493975,2.46365,14.4334519,19.7189025,3.63689
3,-2.064364101,1.4351025,93.6601,-2.064364101,1.4351025,93.6601,-19.4054481,6.3578025,138.081,18.6734519,9.8520025,130.364,-21.1641481,-5.1760975,84.4705,13.9749519,-3.2732975,83.2748,-18.9711481,-10.7698975,47.2369,12.6701519,3.4412025,47.5512,-18.5943481,-14.6687975,7.95447,13.3234519,7.9756025,8.83728,-19.7882481,-4.7062975,2.46844,14.4422519,19.4670025,3.54912
3.5,-1.875418101,1.4358025,93.6526,-1.875418101,1.4358025,93.6526,-19.0736481,6.1796025,138.16,18.8987519,10.1458025,130.23,-21.0019481,-5.3253975,84.5218,14.1195519,-3.1112975,83.2365,-18.8584481,-10.9235975,47.2902,12.7670519,3.5062025,47.5287,-18.5820481,-14.8983975,8.01204,13.3630519,7.7499025,8.79821,-19.7754481,-4.9622975,2.47346,14.4541519,19.2136025,3.47339
4,-1.686788101,1.4362025,93.6582,-1.686788101,1.4362025,93.6582,-18.7481481,6.0126025,138.244,19.1195519,10.4435025,130.105,-20.8337481,-5.4744975,84.5888,14.2669519,-2.9660975,83.2217,-18.7395481,-11.0609975,47.3553,12.8633519,3.5468025,47.5201,-18.5678481,-15.1204975,8.08493,13.4001519,7.5152025,8.77396,-19.7606481,-5.2156975,2.48094,14.4742519,18.9604025,3.43695
4.5,-1.498878101,1.4364025,93.6693,-1.498878101,1.4364025,93.6693,-18.4254481,5.8511025,138.332,19.3386519,10.7415025,129.985,-20.6651481,-5.6236975,84.6624,14.4150519,-2.8282975,83.2151,-18.6198481,-11.1921975,47.4252,12.9612519,3.5782025,47.517,-18.5547481,-15.3388975,8.1634,13.4351519,7.2780025,8.75438,-19.7444481,-5.4673975,2.4893,14.4968519,18.7083025,3.41317
5,-1.313098101,1.4363025,93.6925,-1.313098101,1.4363025,93.6925,-18.1070481,5.7017025,138.428,19.5525519,11.0414025,129.875,-20.4934481,-5.7722975,84.7528,14.5619519,-2.7092975,83.2247,-18.4965481,-11.3080975,47.5057,13.0533519,3.5872025,47.5232,-18.5400481,-15.5492975,8.25505,13.4601519,7.0377025,8.74446,-19.7288481,-5.7143975,2.50167,14.5185519,18.4587025,3.41357
5.5,-1.128148101,1.4361025,93.7221,-1.128148101,1.4361025,93.7221,-17.7869481,5.5609025,138.53,19.7632519,11.3407025,129.773,-20.3211481,-5.9201975,84.8517,14.7079519,-2.5996975,83.2404,-18.3753481,-11.4176975,47.5924,13.1442519,3.5832025,47.5333,-18.5262481,-15.7550975,8.35215,13.4789519,6.7968025,8.73714,-19.7131481,-5.9588975,2.51588,14.5411519,18.2106025,3.42277
6,-0.945518101,1.4356025,93.7622,-0.945518101,1.4356025,93.7622,-17.4679481,5.4325025,138.642,19.9717519,11.6399025,129.682,-20.1500481,-6.0668975,84.9669,14.8513519,-2.5070975,83.2643,-18.2542481,-11.5155975,47.6881,13.2280519,3.5592025,47.5476,-18.5128481,-15.9519975,8.45916,13.4865519,6.5542025,8.73466,-19.6981481,-6.1971975,2.5349,14.5572519,17.9632025,3.44036
6.5,-0.763198101,1.4347025,93.8084,-0.763198101,1.4347025,93.8084,-17.1407481,5.3139025,138.762,20.1761519,11.9371025,129.602,-19.9774481,-6.2117975,85.0905,14.9930519,-2.4239975,83.2897,-18.1385481,-11.6086975,47.7901,13.3064519,3.5190025,47.5623,-18.5003481,-16.1441975,8.57092,13.4859519,6.3116025,8.73178,-19.6853481,-6.4322975,2.55676,14.5718519,17.7154025,3.45896
7,-0.582658101,1.4335025,93.8624,-0.582658101,1.4335025,93.8624,-16.8127481,5.2071025,138.892,20.3817519,12.2320025,129.531,-19.8097481,-6.3549975,85.2273,15.1325519,-2.3529975,83.3169,-18.0276481,-11.6954975,47.8996,13.3799519,3.4613025,47.5773,-18.4901481,-16.3277975,8.68848,13.4789519,6.0666025,8.73029,-19.6717481,-6.6613975,2.58296,14.5793519,17.4661025,3.47581
7.5,-0.402108101,1.4315025,93.9209,-0.402108101,1.4315025,93.9209,-16.4740481,5.1087025,139.029,20.5840519,12.5223025,129.473,-19.6405481,-6.4949975,85.3706,15.2707519,-2.2893975,83.3403,-17.9248481,-11.7798975,48.014,13.4444519,3.3855025,47.5882,-18.4818481,-16.5070975,8.8098,13.4657519,5.8209025,8.72625,-19.6613481,-6.8872975,2.61278,14.5830519,17.2140025,3.48567
8,-0.223008101,1.4291025,93.9839,-0.223008101,1.4291025,93.9839,-16.1346481,5.0200025,139.172,20.7882519,12.8089025,129.422,-19.4771481,-6.6331975,85.5227,15.4072519,-2.2325975,83.3621,-17.8299481,-11.8622975,48.1344,13.5081519,3.2957025,47.5977,-18.4767481,-16.6798975,8.9336,13.4518519,5.5723025,8.72187,-19.6489481,-7.1093975,2.64553,14.5828519,16.9597025,3.49137
8.5,-0.044898101,1.4247025,94.0485,-0.044898101,1.4247025,94.0485,-15.7916481,4.9363025,139.315,20.9914519,13.0867025,129.383,-19.3135481,-6.7664975,85.6775,15.5435519,-2.1797975,83.3764,-17.7450481,-11.9446975,48.2579,13.5628519,3.1876025,47.5999,-18.4746481,-16.8500975,9.0597,13.4389519,5.3212025,8.71493,-19.6383481,-7.3295975,2.68219,14.5783519,16.7015025,3.48649
9,0.131551899,1.4200025,94.1149,0.131551899,1.4200025,94.1149,-15.4487481,4.8598025,139.459,21.1945519,13.3603025,129.349,-19.1541481,-6.8982975,85.8372,15.6776519,-2.1301975,83.388,-17.6687481,-12.0268975,48.386,13.6188519,3.0686025,47.6004,-18.4753481,-17.0168975,9.18658,13.4277519,5.0677025,8.70678,-19.6256481,-7.5487975,2.72042,14.5733519,16.4414025,3.47899
9.5,0.304081899,1.4118025,94.1794,0.304081899,1.4118025,94.1794,-15.1191481,4.7839025,139.594,21.3977519,13.6196025,129.325,-18.9967481,-7.0238975,85.9951,15.8116519,-2.0815975,83.3922,-17.6017481,-12.1094975,48.5156,13.6711519,2.9348025,47.5939,-18.4788481,-17.1844975,9.3142,13.4264519,4.8105025,8.69847,-19.6111481,-7.7692975,2.76242,14.5663519,16.1788025,3.46475
10,0.473981899,1.4028025,94.2434,0.473981899,1.4028025,94.2434,-14.7929481,4.7119025,139.724,21.5980519,13.8737025,129.305,-18.8408481,-7.1478975,86.1546,15.9420519,-2.0342975,83.3934,-17.5422481,-12.1922975,48.6481,13.7246519,2.7927025,47.5855,-18.4841481,-17.3518975,9.44205,13.4272519,4.5515025,8.68861,-19.5953481,-7.9909975,2.80524,14.5604519,15.9150025,3.44966
10.5,0.636951899,1.3897025,94.3037,0.636951899,1.3897025,94.3037,-14.4936481,4.6383025,139.838,21.7970519,14.1096025,129.29,-18.6888481,-7.2651975,86.31,16.0696519,-1.9879975,83.3911,-17.4882481,-12.2731975,48.7811,13.7811519,2.6419025,47.5744,-18.4897481,-17.5234975,9.56971,13.4407519,4.2892025,8.68111,-19.5750481,-8.2176975,2.85189,14.5556519,15.6511025,3.43558
11,0.795551899,1.3749025,94.3616,0.795551899,1.3749025,94.3616,-14.2048481,4.5652025,139.941,21.9911519,14.3379025,129.277,-18.5367481,-7.3802975,86.4641,16.1917519,-1.9421975,83.3864,-17.4389481,-12.3530975,48.9154,13.8386519,2.4856025,47.5618,-18.4958481,-17.6979975,9.69759,13.4565519,4.0258025,8.67283,-19.5533481,-8.4471975,2.89952,14.5525519,15.3869025,3.42253
11.5,0.945461899,1.3559025,94.4157,0.945461899,1.3559025,94.4157,-13.9472481,4.4908025,140.025,22.1808519,14.5465025,129.268,-18.3886481,-7.4888975,86.6139,16.3072519,-1.8994975,83.3819,-17.3908481,-12.4282975,49.0494,13.9019519,2.3258025,47.5507,-18.4982481,-17.8788975,9.82484,13.4809519,3.7607025,8.66742,-19.5275481,-8.6832975,2.95131,14.5515519,15.1240025,3.41504
12,1.089571899,1.3345025,94.467,1.089571899,1.3345025,94.467,-13.7064481,4.4154025,140.097,22.3652519,14.7441025,129.259,-18.2408481,-7.5943975,86.7608,16.4154519,-1.8580975,83.377,-17.3433481,-12.5005975,49.1831,13.9668519,2.1639025,47.5399,-18.4988481,-18.0643975,9.95227,13.5069519,3.4950025,8.66267,-19.4996481,-8.9230975,3.00513,14.5521519,14.8616025,3.41056
12.5,1.224991899,1.3093025,94.5154,1.224991899,1.3093025,94.5154,-13.4923481,4.3395025,140.155,22.5428519,14.9221025,129.252,-18.0965481,-7.6936975,86.904,16.5138519,-1.8214975,83.374,-17.2938481,-12.5662975,49.3154,14.0365519,2.0021025,47.5329,-18.4931481,-18.2565975,10.0792,13.5345519,3.2290025,8.65979,-19.4695481,-9.1688975,3.06358,14.5543519,14.6002025,3.41136
13,1.354731899,1.2814025,94.5619,1.354731899,1.2814025,94.5619,-13.2941481,4.2639025,140.203,22.7158519,15.0858025,129.245,-17.9548481,-7.7887975,87.0441,16.6038519,-1.7881975,83.3729,-17.2413481,-12.6270975,49.4465,14.1081519,1.8406025,47.5285,-18.4824481,-18.4535975,10.206,13.5614519,2.9633025,8.65831,-19.4373481,-9.4180975,3.12554,14.5574519,14.3394025,3.41554
13.5,1.477281899,1.2502025,94.6069,1.477281899,1.2502025,94.6069,-13.1142481,4.1886025,140.242,22.8822519,15.2315025,129.24,-17.8159481,-7.8781975,87.1812,16.6836519,-1.7597975,83.3737,-17.1855481,-12.6816975,49.5751,14.1809519,1.6807025,47.528,-18.4648481,-18.6558975,10.3327,13.5844519,2.6982025,8.65746,-19.4046481,-9.6707975,3.19226,14.5606519,14.0786025,3.42193
14,1.596141899,1.2165025,94.652,1.596141899,1.2165025,94.652,-12.9403681,4.1163025,140.28,23.0452519,15.3603025,129.237,-17.6822481,-7.9620975,87.3159,16.7557519,-1.7362975,83.3773,-17.1254481,-12.7305975,49.7014,14.2544519,1.5221025,47.5312,-18.4395481,-18.8616975,10.4587,13.6032519,2.4338025,8.65735,-19.3712481,-9.9256975,3.26365,14.5639519,13.8173025,3.42962
14.5,1.710241899,1.1804025,94.6969,1.710241899,1.1804025,94.6969,-12.7767781,4.0456025,140.315,23.2049519,15.4733025,129.235,-17.5519481,-8.0408975,87.4479,16.8203519,-1.7163975,83.3822,-17.0625481,-12.7751975,49.8249,14.3257519,1.3649025,47.537,-18.4087481,-19.0702975,10.5846,13.6166519,2.1701025,8.65731,-19.3376481,-10.1809975,3.33925,14.5660519,13.5553025,3.43644
15,1.823421899,1.1420025,94.7434,1.823421899,1.1420025,94.7434,-12.6061281,3.9792025,140.356,23.3628519,15.5681025,129.236,-17.4283481,-8.1129975,87.5777,16.8795519,-1.7009975,83.3886,-16.9970481,-12.8147975,49.9448,14.3948519,1.2081025,47.5457,-18.3699481,-19.2806975,10.7098,13.6232519,1.9073025,8.65636,-19.3055481,-10.4367975,3.41954,14.5675519,13.2911025,3.4413
15.5,1.934841899,1.1023025,94.7907,1.934841899,1.1023025,94.7907,-12.4377781,3.9168025,140.401,23.5215519,15.6494025,129.239,-17.3095481,-8.1803975,87.705,16.9360519,-1.6873975,83.3959,-16.9305481,-12.8523975,50.0624,14.4601519,1.0518025,47.5555,-18.3273481,-19.4913975,10.8345,13.6260519,1.6447025,8.65563,-19.2725481,-10.6910975,3.50291,14.5673519,13.0261025,3.4437
16,2.046881899,1.0602025,94.8398,2.046881899,1.0602025,94.8398,-12.2561781,3.8570025,140.453,23.6803519,15.7125025,129.248,-17.1979481,-8.2404975,87.8293,16.9904519,-1.6757975,83.4023,-16.8658481,-12.8873975,50.1755,14.5199519,0.8943025,47.5657,-18.2802481,-19.7027975,10.9589,13.6223519,1.3826025,8.65258,-19.2424481,-10.9439975,3.58939,14.5665519,12.7583025,3.44215
16.5,2.160421899,1.0179025,94.8905,2.160421899,1.0179025,94.8905,-12.0675181,3.8040025,140.514,23.8428519,15.7642025,129.258,-17.0920481,-8.2958975,87.9513,17.0472519,-1.6643975,83.4092,-16.8017481,-12.9215975,50.2871,14.5760519,0.7363025,47.5758,-18.2303481,-19.9132975,11.0825,13.6176519,1.1200025,8.64997,-19.2116481,-11.1958975,3.67766,14.5642519,12.4897025,3.43806
17,2.273901899,0.9728025,94.9415,2.273901899,0.9728025,94.9415,-11.8705081,3.7500025,140.578,24.0073519,15.7983025,129.274,-16.9927481,-8.3438975,88.0686,17.1044519,-1.6519975,83.4133,-16.7445481,-12.9559975,50.394,14.6249519,0.5762025,47.5836,-18.1826481,-20.1241975,11.2065,13.6101519,0.8573025,8.64497,-19.1835481,-11.4449975,3.76615,14.5620519,12.2193025,3.43107
17.5,2.390621899,0.9281025,94.994,2.390621899,0.9281025,94.994,-11.6607581,3.7028025,140.651,24.1754519,15.8225025,129.292,-16.8987481,-8.3871975,88.1835,17.1672519,-1.6384975,83.417,-16.6896481,-12.9894975,50.4996,14.6712519,0.4153025,47.5909,-18.1333481,-20.3352975,11.3298,13.6029519,0.5936025,8.64026,-19.1565481,-11.6958975,3.85502,14.5586519,11.9481025,3.42221
18,2.504931899,0.8807025,95.0452,2.504931899,0.8807025,95.0452,-11.4553581,3.6524025,140.72,24.3459519,15.8313025,129.316,-16.8099481,-8.4236975,88.2931,17.2310519,-1.6224975,83.418,-16.6440481,-13.0244975,50.6023,14.7116519,0.2528025,47.5947,-18.0921481,-20.5471975,11.4542,13.5989519,0.3290025,8.63459,-19.1317481,-11.9439975,3.94205,14.5561519,11.6774025,3.41421
18.5,2.621691899,0.8332025,95.0969,2.621691899,0.8332025,95.0969,-11.2386981,3.6063025,140.795,24.5177519,15.8304025,129.342,-16.7249481,-8.4551975,88.3994,17.3002519,-1.6044975,83.4175,-16.6029481,-13.0581975,50.7028,14.7503519,0.0903025,47.5975,-18.0524481,-20.7620975,11.5786,13.5953519,0.0634025,8.62856,-19.1110481,-12.1968975,4.02796,14.5527519,11.4061025,3.40536
19,2.734371899,0.7834025,95.1464,2.734371899,0.7834025,95.1464,-11.0348381,3.5565025,140.861,24.6903519,15.8173025,129.371,-16.6432481,-8.4809975,88.5009,17.3690519,-1.5851975,83.4156,-16.5691481,-13.0926975,50.8021,14.7866519,-0.0717975,47.598,-18.0233481,-20.9784975,11.7043,13.5977519,-0.2032975,8.6235,-19.0934481,-12.4490975,4.11136,14.5503519,11.1369025,3.40009
19.5,2.846341899,0.7330025,95.1949,2.846341899,0.7330025,95.1949,-10.8287381,3.5078025,140.927,24.8611519,15.7941025,129.402,-16.5632481,-8.5017975,88.5982,17.4395519,-1.5637975,83.4118,-16.5416481,-13.1255975,50.8988,14.8220519,-0.2318975,47.5973,-18.0002481,-21.2007975,11.8309,13.6003519,-0.4707975,8.61762,-19.0835481,-12.7078975,4.19276,14.5471519,10.8678025,3.39558
20,2.953971899,0.6805025,95.2417,2.953971899,0.6805025,95.2417,-10.6353581,3.4560025,140.986,25.0299519,15.7612025,129.436,-16.4852481,-8.5174975,88.6918,17.5079519,-1.5433975,83.4079,-16.5179481,-13.1573975,50.9946,14.8577519,-0.3896975,47.5962,-17.9872481,-21.4247975,11.9587,13.6081519,-0.7390975,8.61372,-19.0799481,-12.9680975,4.27266,14.5444519,10.6006025,3.39456
20.5,3.057531899,0.6269025,95.2866,3.057531899,0.6269025,95.2866,-10.4483381,3.4035025,141.041,25.1938519,15.7185025,129.471,-16.4073481,-8.5285975,88.781,17.5720519,-1.5222975,83.4026,-16.5003481,-13.1880975,51.0879,14.8933519,-0.5426975,47.5945,-17.9844481,-21.6558975,12.0876,13.6158519,-1.0078975,8.60911,-19.0884481,-13.2346975,4.35099,14.5408519,10.3342025,3.39535
21,3.157021899,0.5717025,95.3306,3.157021899,0.5717025,95.3306,-10.2711381,3.3481025,141.091,25.3534519,15.6680025,129.507,-16.3305481,-8.5352975,88.8675,17.6331519,-1.5035975,83.3974,-16.4842481,-13.2164975,51.1796,14.9301519,-0.6926975,47.5936,-17.9905481,-21.8885975,12.2178,13.6259519,-1.2769975,8.60646,-19.1071481,-13.5036975,4.42946,14.5370519,10.0685025,3.39764
21.5,3.251291899,0.5151025,95.3734,3.251291899,0.5151025,95.3734,-10.0994481,3.2928025,141.139,25.5058519,15.6078025,129.544,-16.2536481,-8.5376975,88.9499,17.6849519,-1.4867975,83.3921,-16.4722481,-13.2446975,51.2687,14.9669519,-0.8357975,47.5932,-18.0093481,-22.1256975,12.3483,13.6352519,-1.5458975,8.60355,-19.1437481,-13.7756975,4.50836,14.5322519,9.8034025,3.401
22,3.341191899,0.4572025,95.4156,3.341191899,0.4572025,95.4156,-9.937608101,3.2343025,141.184,25.6532519,15.5416025,129.583,-16.1778481,-8.5364975,89.03,17.7335519,-1.4720975,83.3866,-16.4617481,-13.2706975,51.3554,15.0046519,-0.9758975,47.5936,-18.0365481,-22.3639975,12.4798,13.6439519,-1.8147975,8.60189,-19.1933481,-14.0499975,4.58868,14.5268519,9.5378025,3.40387
22.5,3.427461899,0.3982025,95.4582,3.427461899,0.3982025,95.4582,-9.771638101,3.1776025,141.234,25.7927519,15.4662025,129.623,-16.1031481,-8.5310975,89.1065,17.7724519,-1.4615975,83.3815,-16.4533481,-13.2975975,51.4389,15.0409519,-1.1092975,47.5949,-18.0767481,-22.5997975,12.6099,13.6514519,-2.0829975,8.6006,-19.2665481,-14.3203975,4.67214,14.5205519,9.2715025,3.40547
23,3.508411899,0.3381025,95.4999,3.508411899,0.3381025,95.4999,-9.619368101,3.1176025,141.281,25.9280519,15.3866025,129.664,-16.0298481,-8.5231975,89.181,17.8081519,-1.4518975,83.376,-16.4480481,-13.3239975,51.5203,15.0774519,-1.2399975,47.5965,-18.1259481,-22.8357975,12.7408,13.6570519,-2.3510975,8.59971,-19.3534481,-14.5912975,4.75756,14.5138519,9.0042025,3.40583
23.5,3.588151899,0.2773025,95.5435,3.588151899,0.2773025,95.5435,-9.452538101,3.0603025,141.339,26.0560519,15.2981025,129.708,-15.9601481,-8.5110975,89.2519,17.8381519,-1.4465975,83.3703,-16.4449481,-13.3519975,51.5973,15.1099519,-1.3665975,47.5982,-18.1877481,-23.0599975,12.8679,13.6611519,-2.6183975,8.5995,-19.4680481,-14.8492975,4.8478,14.5068519,8.7348025,3.40274
24,3.662011899,0.2157025,95.5856,3.662011899,0.2157025,95.5856,-9.302998101,3.0000025,141.391,26.1815519,15.2069025,129.753,-15.8922481,-8.4975975,89.321,17.8653519,-1.4410975,83.3642,-16.4465481,-13.3811975,51.6735,15.1425519,-1.4908975,47.5997,-18.2592481,-23.2821975,12.9953,13.6635519,-2.8855975,8.59914,-19.5949481,-15.1045975,4.94009,14.4999519,8.4646025,3.39866
24.5,3.735251899,0.1539025,95.6292,3.735251899,0.1539025,95.6292,-9.138998101,2.9413025,141.455,26.3014519,15.1075025,129.8,-15.8303481,-8.4801975,89.3858,17.8925519,-1.4380975,83.3568,-16.4530481,-13.4120975,51.7443,15.1686519,-1.6144975,47.5996,-18.3431481,-23.4833975,13.1163,13.6651519,-3.1519975,8.5996,-19.7496481,-15.3370975,5.03652,14.4937519,8.1915025,3.39141
25,3.803241899,0.0914025,95.6714,3.803241899,0.0914025,95.6714,-8.991168101,2.8801025,141.511,26.4199519,15.0062025,129.849,-15.7708481,-8.4620975,89.4493,17.9182519,-1.4347975,83.3492,-16.4644481,-13.4452975,51.8158,15.1944519,-1.7367975,47.5991,-18.4365481,-23.6786975,13.2368,13.6660519,-3.4184975,8.59959,-19.9146481,-15.5625975,5.13477,14.4883519,7.9181025,3.38351
25.5,3.868421899,0.0291025,95.7129,3.868421899,0.0291025,95.7129,-8.842448101,2.8190025,141.572,26.5345519,14.8981025,129.901,-15.7177481,-8.4410975,89.508,17.9477519,-1.4312975,83.3396,-16.4844481,-13.4784975,51.8824,15.2139519,-1.8603975,47.5959,-18.5427481,-23.8462975,13.3489,13.6671519,-3.6844975,8.6005,-20.1024481,-15.7565975,5.23432,14.4841519,7.6428025,3.37551
26,3.930071899,-0.0336975,95.7534,3.930071899,-0.0336975,95.7534,-8.703508101,2.7555025,141.627,26.6480519,14.7881025,129.954,-15.6679481,-8.4192975,89.5654,17.9775519,-1.4278975,83.3295,-16.5086481,-13.5137975,51.9504,15.2322519,-1.9840975,47.5922,-18.6568481,-24.0035975,13.4595,13.6684519,-3.9505975,8.60073,-20.2981481,-15.9389975,5.33487,14.4813519,7.3672025,3.36718
26.5,3.985031899,-0.0958975,95.7904,3.985031899,-0.0958975,95.7904,-8.583818101,2.6906025,141.673,26.7579519,14.6724025,130.008,-15.6231481,-8.3960975,89.6181,18.0111519,-1.4231975,83.3174,-16.5433481,-13.5458975,52.0149,15.2466519,-2.1091975,47.586,-18.7837481,-24.1273975,13.5593,13.6710519,-4.2168975,8.60186,-20.5094481,-16.0821975,5.43303,14.4794519,7.0915025,3.36229
27,4.037811899,-0.1582975,95.8266,4.037811899,-0.1582975,95.8266,-8.468138101,2.6240025,141.716,26.8659519,14.5547025,130.064,-15.5816481,-8.3717975,89.6694,18.0462519,-1.4189975,83.3047,-16.5816481,-13.5775975,52.08,15.2589519,-2.2354975,47.5794,-18.9162481,-24.2361975,13.656,13.6739519,-4.4830975,8.60247,-20.7256481,-16.2086975,5.53048,14.4789519,6.8157025,3.35808
27.5,4.081841899,-0.2202975,95.8579,4.081841899,-0.2202975,95.8579,-8.383888101,2.5540025,141.743,26.9698519,14.4326025,130.12,-15.5425481,-8.3477975,89.7171,18.0825519,-1.4147975,83.2908,-16.6273481,-13.6024975,52.1431,15.2710519,-2.3618975,47.5719,-19.0585481,-24.3108975,13.7412,13.6780519,-4.7495975,8.60359,-20.9489481,-16.2944975,5.62252,14.4784519,6.5411025,3.35823
28,4.122901899,-0.2816975,95.8881,4.122901899,-0.2816975,95.8881,-8.305448101,2.4837025,141.767,27.0700519,14.3081025,130.177,-15.5061481,-8.3223975,89.7629,18.1193519,-1.4117975,83.2763,-16.6768481,-13.6229975,52.2054,15.2811519,-2.4896975,47.5645,-19.2050481,-24.3641975,13.8204,13.6818519,-5.0160975,8.60441,-21.1748481,-16.3561975,5.7114,14.4782519,6.2668025,3.3603
28.5,4.156891899,-0.3430975,95.9142,4.156891899,-0.3430975,95.9142,-8.252428101,2.4097025,141.778,27.1651519,14.1799025,130.233,-15.4700481,-8.2976975,89.806,18.1546519,-1.4110975,83.2616,-16.7284481,-13.6339975,52.2653,15.2929519,-2.6166975,47.5578,-19.3566481,-24.3855975,13.8883,13.6854519,-5.2826975,8.60527,-21.4015481,-16.3802975,5.79336,14.4775519,5.9937025,3.36505
29,4.186711899,-0.4030975,95.9386,4.186711899,-0.4030975,95.9386,-8.208808101,2.3373025,141.786,27.2546519,14.0492025,130.288,-15.4353481,-8.2719975,89.8468,18.1878519,-1.4131975,83.2465,-16.7828481,-13.6356975,52.3228,15.3045519,-2.7442975,47.5521,-19.5101481,-24.3788975,13.9467,13.6877519,-5.5495975,8.60589,-21.6277481,-16.3725975,5.86939,14.4756519,5.7213025,3.37178
29.5,4.212851899,-0.4631975,95.9608,4.212851899,-0.4631975,95.9608,-8.176048101,2.2622025,141.789,27.3386519,13.9151025,130.343,-15.4001481,-8.2466975,89.8851,18.2183519,-1.4192975,83.2319,-16.8350481,-13.6267975,52.3759,15.3176519,-2.8710975,47.548,-19.6644481,-24.3440975,13.9943,13.6887519,-5.8162975,8.60631,-21.8520481,-16.3328975,5.93834,14.4730519,5.4494025,3.37868
30,4.235791899,-0.5209975,95.9814,4.235791899,-0.5209975,95.9814,-8.147798101,2.1913025,141.791,27.4153519,13.7785025,130.395,-15.3652481,-8.2209975,89.9205,18.2444519,-1.4300975,83.2175,-16.8872481,-13.6038975,52.4241,15.3324519,-2.9978975,47.5458,-19.8175481,-24.2746975,14.0289,13.6870519,-6.0834975,8.60637,-22.0725481,-16.2542975,5.99886,14.4680519,5.1778025,3.38566
30.5,4.257371899,-0.5786975,96.0011,4.257371899,-0.5786975,96.0011,-8.120058101,2.1193025,141.797,27.4872519,13.6387025,130.447,-15.3308481,-8.1946975,89.9527,18.2682519,-1.4455975,83.2038,-16.9359481,-13.5707975,52.4659,15.3473519,-3.1246975,47.5447,-19.9686481,-24.1817975,14.0537,13.6839519,-6.3503975,8.60634,-22.2904481,-16.1501975,6.05282,14.4627519,4.9061025,3.39123
31,4.279391899,-0.6336975,96.0202,4.279391899,-0.6336975,96.0202,-8.081668101,2.0539025,141.81,27.5514519,13.4965025,130.496,-15.2964481,-8.1685975,89.9807,18.2877519,-1.4674975,83.1905,-16.9810481,-13.5205975,52.4989,15.3644519,-3.2516975,47.5456,-20.1152481,-24.0484975,14.0627,13.6775519,-6.6178975,8.60586,-22.5021481,-16.0021975,6.09644,14.4549519,4.6340025,3.39397
31.5,4.300561899,-0.6878975,96.0383,4.300561899,-0.6878975,96.0383,-8.041238101,1.9899025,141.827,27.6116519,13.3515025,130.544,-15.2642481,-8.1410975,90.0047,18.3057519,-1.4936975,83.1779,-17.0238481,-13.4602975,52.5245,15.3808519,-3.3796975,47.5468,-20.2587481,-23.8941975,14.0622,13.6701519,-6.8852975,8.60559,-22.7105481,-15.8319975,6.13367,14.4474519,4.3614025,3.3949
32,4.325051899,-0.7396975,96.0561,4.325051899,-0.7396975,96.0561,-7.979408101,1.9320025,141.856,27.6657519,13.2039025,130.589,-15.2339481,-8.1133975,90.0224,18.3224519,-1.5265975,83.1658,-17.0609481,-13.3825975,52.5376,15.3971519,-3.5093975,47.5484,-20.3962481,-23.6996975,14.0458,13.6606519,-7.1528975,8.60512,-22.9116481,-15.6189975,6.16,14.4392519,4.0879025,3.3917
32.5,4.348341899,-0.7899975,96.0721,4.348341899,-0.7899975,96.0721,-7.917498101,1.8776025,141.887,27.7165519,13.0542025,130.633,-15.2070481,-8.0843975,90.0352,18.3382519,-1.5632975,83.1541,-17.0971481,-13.2947975,52.5429,15.4133519,-3.6407975,47.5495,-20.5304481,-23.4841975,14.0199,13.6508519,-7.4207975,8.60516,-23.1077481,-15.3838975,6.17949,14.4317519,3.8139025,3.38698
33,4.374481899,-0.8378975,96.0862,4.374481899,-0.8378975,96.0862,-7.836708101,1.8288025,141.927,27.7628519,12.9016025,130.674,-15.1855481,-8.0539975,90.0394,18.3558519,-1.6062975,83.1426,-17.1290481,-13.1896975,52.534,15.4267519,-3.7751975,47.5492,-20.6591481,-23.2298975,13.9792,13.6409519,-7.6885975,8.60542,-23.2952481,-15.1078975,6.18787,14.4258519,3.5389025,3.37927
33.5,4.398921899,-0.8844975,96.0977,4.398921899,-0.8844975,96.0977,-7.759608101,1.7826025,141.965,27.8068519,12.7478025,130.713,-15.1680481,-8.0228975,90.0383,18.3731519,-1.6525975,83.1315,-17.1600481,-13.0747975,52.5175,15.4408519,-3.9117975,47.5477,-20.7849481,-22.9547975,13.9297,13.6312519,-7.9565975,8.60629,-23.4758481,-14.8092975,6.18899,14.4210519,3.2639025,3.37075
34,4.421901899,-0.9283975,96.1043,4.421901899,-0.9283975,96.1043,-7.680778101,1.7425025,142,27.8473519,12.5909025,130.749,-15.1589481,-7.9891975,90.0271,18.3927519,-1.7047975,83.12,-17.1911481,-12.9420975,52.4873,15.4500519,-4.0515975,47.5434,-20.9068481,-22.6426975,13.8672,13.6237519,-8.2244975,8.60794,-23.6451481,-14.4710975,6.17894,14.4192519,2.9884025,3.36223
34.5,4.442781899,-0.9716975,96.1074,4.442781899,-0.9716975,96.1074,-7.609128101,1.7019025,142.029,27.8860519,12.4331025,130.783,-15.1542481,-7.9551975,90.0103,18.4130519,-1.7604975,83.1088,-17.2197481,-12.8004975,52.4501,15.4605519,-4.1939975,47.5377,-21.0263481,-22.3103975,13.7969,13.6162519,-8.4921975,8.60989,-23.8064481,-14.1099975,6.16161,14.4188519,2.7132025,3.35373
35,4.456041899,-1.0119975,96.1028,4.456041899,-1.0119975,96.1028,-7.560118101,1.6674025,142.042,27.9215519,12.2723025,130.812,-15.1588481,-7.9176975,89.9837,18.4323519,-1.8219975,83.097,-17.2529481,-12.6397975,52.4022,15.4661519,-4.3378975,47.5289,-21.1434481,-21.9423975,13.7156,13.6123519,-8.7595975,8.61318,-23.9522481,-13.7090975,6.13333,14.4214519,2.4385025,3.3483
35.5,4.466231899,-1.0522975,96.0939,4.466231899,-1.0522975,96.0939,-7.522358101,1.6304025,142.045,27.9552519,12.1103025,130.838,-15.1687481,-7.8796975,89.951,18.4526519,-1.8878975,83.0855,-17.2830481,-12.4704975,52.3473,15.4724519,-4.4848975,47.519,-21.2580481,-21.5539975,13.6273,13.6079519,-9.0263975,8.61624,-24.0895481,-13.2839975,6.09787,14.4253519,2.1641025,3.34394
36,4.465151899,-1.0902975,96.0766,4.465151899,-1.0902975,96.0766,-7.522778101,1.5962025,142.025,27.9853519,11.9456025,130.86,-15.1857481,-7.8383975,89.9106,18.4675519,-1.9601975,83.0733,-17.3183481,-12.2823975,52.286,15.4763519,-4.6307975,47.5073,-21.3697481,-21.1325975,13.5304,13.6062519,-9.2926975,8.62046,-24.2080481,-12.8206975,6.0531,14.4306519,1.8911025,3.34336
36.5,4.459031899,-1.1279975,96.0545,4.459031899,-1.1279975,96.0545,-7.540858101,1.5609025,141.994,28.0132519,11.7794025,130.879,-15.2084481,-7.7953975,89.8644,18.4826519,-2.0380975,83.0616,-17.3525481,-12.0846975,52.2187,15.4794519,-4.7792975,47.4951,-21.4787481,-20.6902975,13.4271,13.6040519,-9.5581975,8.62432,-24.3182481,-12.3319975,6.00209,14.4365519,1.6182025,3.34467
37,4.442741899,-1.1646975,96.0261,4.442741899,-1.1646975,96.0261,-7.593978101,1.5238025,141.944,28.0375519,11.6102025,130.894,-15.2351481,-7.7498975,89.8128,18.4893519,-2.1225975,83.0496,-17.3890481,-11.8707975,52.1477,15.4826519,-4.9255975,47.4829,-21.5822481,-20.2176975,13.317,13.6018519,-9.8228975,8.62838,-24.4084481,-11.8073975,5.9439,14.4420519,1.3466025,3.34835
37.5,4.419821899,-1.2003975,95.993,4.419821899,-1.2003975,95.993,-7.669468101,1.4882025,141.882,28.0586519,11.4390025,130.904,-15.2667481,-7.7011975,89.7561,18.4941519,-2.2142975,83.038,-17.4272481,-11.6452975,52.0723,15.4848519,-5.0733975,47.4713,-21.6813481,-19.7225975,13.2004,13.5990519,-10.0869975,8.63214,-24.4899481,-11.2562975,5.88091,14.4466519,1.0749025,3.35327
38,4.391611899,-1.2361975,95.9573,4.391611899,-1.2361975,95.9573,-7.761978101,1.4489025,141.817,28.0771519,11.2643025,130.912,-15.3002481,-7.6503975,89.6957,18.4913519,-2.3120975,83.027,-17.4642481,-11.4076975,51.9939,15.4881519,-5.2197975,47.4607,-21.7719481,-19.2005975,13.0782,13.5941519,-10.3503975,8.63525,-24.5538481,-10.6735975,5.8134,14.4501519,0.8038025,3.35872
38.5,4.358771899,-1.2705975,95.9188,4.358771899,-1.2705975,95.9188,-7.868348101,1.4126025,141.746,28.0920519,11.0873025,130.915,-15.3361481,-7.5955975,89.6313,18.4854519,-2.4174975,83.0161,-17.5041481,-11.1574975,51.9127,15.4912519,-5.3668975,47.452,-21.8545481,-18.6551975,12.9495,13.5883519,-10.6134975,8.63817,-24.6079481,-10.0645975,5.74274,14.4509519,0.5325025,3.36314
39,4.325371899,-1.3049975,95.8806,4.325371899,-1.3049975,95.8806,-7.974328101,1.3747025,141.683,28.1051519,10.9063025,130.915,-15.3735481,-7.5384975,89.564,18.4755519,-2.5281975,83.0062,-17.5413481,-10.8983975,51.8284,15.4949519,-5.5147975,47.4446,-21.9262481,-18.0860975,12.8157,13.5798519,-10.8762975,8.64018,-24.6481481,-9.4290975,5.67004,14.4509519,0.2610025,3.36672
39.5,4.291981899,-1.3382975,95.8424,4.291981899,-1.3382975,95.8424,-8.076658101,1.3390025,141.627,28.1152519,10.7225025,130.912,-15.4110481,-7.4774975,89.4936,18.4631519,-2.6452975,82.9965,-17.5797481,-10.6280975,51.7417,15.4992519,-5.6639975,47.4391,-21.9868481,-17.4943975,12.6762,13.5706519,-11.1390975,8.64222,-24.6775481,-8.7696975,5.59576,14.4479519,-0.0107975,3.36731
40,4.261421899,-1.3708975,95.806,4.261421899,-1.3708975,95.806,-8.166788101,1.3061025,141.585,28.1241519,10.5347025,130.907,-15.4500481,-7.4134975,89.4204,18.4508519,-2.7663975,82.9879,-17.6156481,-10.3505975,51.6519,15.5036519,-5.8158975,47.4347,-22.0348481,-16.8826975,12.5321,13.5597519,-11.4020975,8.64391,-24.6964481,-8.0898975,5.52138,14.4444519,-0.2830975,3.3663
40.5,4.234631899,-1.4025975,95.7717,4.234631899,-1.4025975,95.7717,-8.238898101,1.2752025,141.558,28.1302519,10.3440025,130.899,-15.4887481,-7.3459975,89.3443,18.4379519,-2.8919975,82.9798,-17.6502481,-10.0642975,51.5591,15.5082519,-5.9715975,47.4317,-22.0702481,-16.2507975,12.3836,13.5484519,-11.6653975,8.6458,-24.7038481,-7.3898975,5.44665,14.4394519,-0.5556975,3.36199
41,4.212201899,-1.4328975,95.7394,4.212201899,-1.4328975,95.7394,-8.294708101,1.2505025,141.545,28.1356519,10.1495025,130.89,-15.5287481,-7.2752975,89.2655,18.4278519,-3.0201975,82.9724,-17.6824481,-9.7715975,51.4638,15.5131519,-6.1306975,47.4291,-22.0927481,-15.6032975,12.2318,13.5378519,-11.9289975,8.64851,-24.7018481,-6.6756975,5.37297,14.4344519,-0.8284975,3.35601
41.5,4.193801899,-1.4619975,95.7091,4.193801899,-1.4619975,95.7091,-8.330988101,1.2302025,141.546,28.1374519,9.9521025,130.878,-15.5699481,-7.2012975,89.1836,18.4185519,-3.1507975,82.9659,-17.7112481,-9.4720975,51.365,15.5172519,-6.2964975,47.4268,-22.1034481,-14.9395975,12.0776,13.5270519,-12.1933975,8.65174,-24.6884481,-5.9460975,5.29985,14.4297519,-1.1015975,3.34833
42,4.179241899,-1.4895975,95.6801,4.179241899,-1.4895975,95.6801,-8.353768101,1.2157025,141.556,28.1379519,9.7516025,130.866,-15.6120481,-7.1243975,89.0996,18.4121519,-3.2828975,82.9601,-17.7365481,-9.1669975,51.2645,15.5222519,-6.4654975,47.4246,-22.1022481,-14.2649975,11.9222,13.5193519,-12.4576975,8.65681,-24.6640481,-5.2071975,5.22816,14.4257519,-1.3740975,3.33956
42.5,4.164661899,-1.5149975,95.651,4.164661899,-1.5149975,95.651,-8.372088101,1.2114025,141.569,28.1333519,9.5487025,130.853,-15.6573481,-7.0444975,89.0122,18.4055519,-3.4160975,82.9551,-17.7573481,-8.8560975,51.1608,15.5252519,-6.6425975,47.4219,-22.0915481,-13.5791975,11.7669,13.5118519,-12.7229975,8.66306,-24.6288481,-4.4579975,5.15787,14.4233519,-1.6467975,3.3316
43,4.151601899,-1.5396975,95.6224,4.151601899,-1.5396975,95.6224,-8.383818101,1.2093025,141.584,28.1254519,9.3434025,130.84,-15.7038481,-6.9620975,88.9236,18.3990519,-3.5501975,82.9512,-17.7727481,-8.5408975,51.0565,15.5296519,-6.8221975,47.419,-22.0712481,-12.8870975,11.6127,13.5081519,-12.9875975,8.6713,-24.5796481,-3.7030975,5.08879,14.4220519,-1.9181975,3.32366
43.5,4.132011899,-1.5609975,95.5905,4.132011899,-1.5609975,95.5905,-8.416508101,1.2231025,141.585,28.1107519,9.1362025,130.827,-15.7544481,-6.8769975,88.8323,18.3894519,-3.6854975,82.948,-17.7827481,-8.2196975,50.95,15.5318519,-7.0086975,47.4157,-22.0437481,-12.1881975,11.4608,13.5050519,-13.2531975,8.68154,-24.5201481,-2.9418975,5.02211,14.4225519,-2.1896975,3.31836
44,4.109691899,-1.5821975,95.5579,4.109691899,-1.5821975,95.5579,-8.454188101,1.2369025,141.581,28.0893519,8.9273025,130.815,-15.8075481,-6.7894975,88.74,18.3752519,-3.8214975,82.9465,-17.7861481,-7.8956975,50.8433,15.5350519,-7.1971975,47.4123,-22.0097481,-11.4865975,11.3123,13.5041519,-13.5177975,8.69302,-24.4438481,-2.1766975,4.95612,14.4242519,-2.4600975,3.31458
44.5,4.076741899,-1.6000975,95.5208,4.076741899,-1.6000975,95.5208,-8.529418101,1.2661025,141.553,28.0603519,8.7171025,130.805,-15.8637481,-6.7000975,88.6468,18.3545519,-3.9598975,82.9457,-17.7835481,-7.5663975,50.7367,15.5369519,-7.3884975,47.4093,-21.9697481,-10.7822975,11.1676,13.5041519,-13.7824975,8.70675,-24.3580481,-1.4086975,4.89388,14.4264519,-2.7299975,3.31298
45,4.035081899,-1.6173975,95.4812,4.035081899,-1.6173975,95.4812,-8.627108101,1.2980025,141.509,28.0206519,8.5052025,130.797,-15.9243481,-6.6075975,88.5526,18.3249519,-4.0994975,82.9469,-17.7748481,-7.2352975,50.63,15.5384519,-7.5816975,47.4066,-21.9256481,-10.0778975,11.0282,13.5031519,-14.0469975,8.72063,-24.2547481,-0.6381975,4.83243,14.4294519,-2.9998975,3.31409
45.5,3.983161899,-1.6329975,95.4381,3.983161899,-1.6329975,95.4381,-8.761038101,1.3384025,141.445,27.9737519,8.2926025,130.79,-15.9864481,-6.5135975,88.4588,18.2868519,-4.2421975,82.9491,-17.7599481,-6.9009975,50.5244,15.5400519,-7.7733975,47.4053,-21.8760481,-9.3731975,10.8927,13.5024519,-14.3105975,8.73593,-24.1415481,0.1334025,4.77477,14.4315519,-3.2692975,3.31559
46,3.920461899,-1.6471975,95.3923,3.920461899,-1.6471975,95.3923,-8.923548101,1.3856025,141.362,27.9148519,8.0781025,130.787,-16.0529481,-6.4160975,88.3641,18.2395519,-4.3867975,82.9527,-17.7417481,-6.5648975,50.4191,15.5400519,-7.9656975,47.4049,-21.8226481,-8.6696975,10.7627,13.4978519,-14.5749975,8.75053,-24.0155481,0.9054025,4.71925,14.4330519,-3.5396975,3.31893
46.5,3.850081899,-1.6610975,95.3449,3.850081899,-1.6610975,95.3449,-9.110228101,1.4348025,141.268,27.8489519,7.8628025,130.785,-16.1204481,-6.3164975,88.2698,18.1840519,-4.5344975,82.9576,-17.7185481,-6.2284975,50.315,15.5401519,-8.1545975,47.406,-21.7637481,-7.9680975,10.6367,13.4917519,-14.8384975,8.76512,-23.8791481,1.6765025,4.66688,14.4332519,-3.8100975,3.32143
47,3.771451899,-1.6734975,95.296,3.771451899,-1.6734975,95.296,-9.318828101,1.4913025,141.163,27.7730519,7.6455025,130.786,-16.1909481,-6.2131975,88.1745,18.1233519,-4.6842975,82.9631,-17.6945481,-5.8908975,50.2113,15.5383519,-8.3419975,47.4086,-21.6995481,-7.2682975,10.5148,13.4813519,-15.1028975,8.77888,-23.7354481,2.4453025,4.61801,14.4318519,-4.0817975,3.32369
47.5,3.689381899,-1.6860975,95.2476,3.689381899,-1.6860975,95.2476,-9.533528101,1.5475025,141.057,27.6909519,7.4271025,130.79,-16.2627481,-6.1065975,88.0785,18.0584519,-4.8361975,82.9696,-17.6693481,-5.5549975,50.1081,15.5353519,-8.5260975,47.412,-21.6298481,-6.5730975,10.3967,13.4673519,-15.3674975,8.79134,-23.5835481,3.2090025,4.57129,14.4294519,-4.3542975,3.32472
48,3.604661899,-1.6977975,95.1996,3.604661899,-1.6977975,95.1996,-9.752528101,1.6076025,140.951,27.6021519,7.2067025,130.795,-16.3362481,-5.9960975,87.9813,17.9936519,-4.9895975,82.9761,-17.6450481,-5.2187975,50.0052,15.5304519,-8.7073975,47.4168,-21.5529481,-5.8804975,10.2814,13.4501519,-15.6325975,8.80326,-23.4280481,3.9677025,4.52878,14.4254519,-4.6276975,3.32375
48.5,3.520981899,-1.7093975,95.1534,3.520981899,-1.7093975,95.1534,-9.961958101,1.6690025,140.854,27.5091519,6.9846025,130.801,-16.4111481,-5.8808975,87.8819,17.9318519,-5.1434975,82.9823,-17.6238481,-4.8852975,49.9024,15.5227519,-8.8862975,47.4214,-21.4704481,-5.1965975,10.1691,13.4285519,-15.8988975,8.81353,-23.2691481,4.7148025,4.48749,14.4213519,-4.9020975,3.32182
49,3.439961899,-1.7206975,95.1093,3.439961899,-1.7206975,95.1093,-10.1566781,1.7301025,140.767,27.4123519,6.7613025,130.808,-16.4874481,-5.7617975,87.7806,17.8735519,-5.2974975,82.9882,-17.6046481,-4.5523975,49.7996,15.5131519,-9.0623975,47.4266,-21.3800481,-4.5169975,10.0592,13.4054519,-16.1653975,8.82388,-23.1077481,5.4540025,4.45001,14.4164519,-5.1769975,3.31779
49.5,3.363141899,-1.7310975,95.0669,3.363141899,-1.7310975,95.0669,-10.3339781,1.7956025,140.692,27.3138519,6.5360025,130.815,-16.5648481,-5.6369975,87.6764,17.8251519,-5.4506975,82.9924,-17.5913481,-4.2221975,49.6969,15.4993519,-9.2370975,47.4309,-21.2842481,-3.8512975,9.95166,13.3792519,-16.4332975,8.83339,-22.9484481,6.1744025,4.41322,14.4125519,-5.4522975,3.31328
50,3.290911899,-1.7411975,95.0271,3.290911899,-1.7411975,95.0271,-10.4875681,1.8599025,140.63,27.2128519,6.3105025,130.823,-16.6442481,-5.5078975,87.5698,17.7801519,-5.6021975,82.9961,-17.5809481,-3.8930975,49.5942,15.4829519,-9.4098975,47.4349,-21.1817481,-3.1924975,9.84694,13.3524519,-16.7013975,8.84384,-22.7860481,6.8840025,4.37885,14.4091519,-5.7276975,3.30842
50.5,3.223301899,-1.7499975,94.9881,3.223301899,-1.7499975,94.9881,-10.6247581,1.9302025,140.577,27.1114519,6.0835025,130.829,-16.7246481,-5.3728975,87.4608,17.7465519,-5.7521975,82.9972,-17.5763481,-3.5669975,49.4922,15.4625519,-9.5818975,47.4378,-21.0746481,-2.5528975,9.74397,13.3252519,-16.9698975,8.85497,-22.6292481,7.5688025,4.3451,14.4071519,-6.0023975,3.3034
51,3.157721899,-1.7571975,94.9504,3.157721899,-1.7571975,94.9504,-10.7465681,2.0035025,140.531,27.0072519,5.8574025,130.836,-16.8076481,-5.2333975,87.3495,17.7136519,-5.8993975,82.9977,-17.5749481,-3.2418975,49.3908,15.4380519,-9.7529975,47.4398,-20.9633481,-1.9229975,9.64474,13.2977519,-17.2389975,8.86799,-22.4687481,8.2408025,4.31214,14.4066519,-6.2772975,3.30057
51.5,3.093691899,-1.7633975,94.9125,3.093691899,-1.7633975,94.9125,-10.8591381,2.0824025,140.486,26.9013519,5.6308025,130.842,-16.8923481,-5.0883975,87.2374,17.6840519,-6.0447975,82.996,-17.5766481,-2.9209975,49.2907,15.4104519,-9.9235975,47.4413,-20.8493481,-1.3165975,9.54702,13.2722519,-17.5071975,8.88326,-22.3139481,8.8856025,4.27969,14.4073519,-6.5506975,3.29771
52,3.025881899,-1.7661975,94.8736,3.025881899,-1.7661975,94.8736,-10.9797381,2.1716025,140.435,26.7916519,5.4064025,130.85,-16.9795481,-4.9384975,87.1243,17.6523519,-6.1873975,82.9936,-17.5807481,-2.6012975,49.1922,15.3777519,-10.0933975,47.4423,-20.7331481,-0.7229975,9.45333,13.2462519,-17.7757975,8.90122,-22.1560481,9.5153025,4.24701,14.4096519,-6.8240975,3.29863
52.5,2.952931899,-1.7677975,94.8336,2.952931899,-1.7677975,94.8336,-11.1057481,2.2659025,140.376,26.6765519,5.1830025,130.859,-17.0694481,-4.7839975,87.0118,17.6076519,-6.3277975,82.991,-17.5850481,-2.2872975,49.0948,15.3426519,-10.2629975,47.4437,-20.6174481,-0.1525975,9.3614,13.2230519,-18.0430975,8.92225,-22.0001481,10.1209025,4.21403,14.4120519,-7.0967975,3.29976
53,2.870361899,-1.7652975,94.7909,2.870361899,-1.7652975,94.7909,-11.2632381,2.3755025,140.299,26.5551519,4.9622025,130.87,-17.1615481,-4.6246975,86.9002,17.5578519,-6.4663975,82.9879,-17.5892481,-1.9767975,48.9997,15.3030519,-10.4312975,47.4459,-20.5007481,0.4025025,9.27202,13.1993519,-18.3099975,8.94635,-21.8439481,10.7104025,4.18115,14.4152519,-7.3693975,3.30384
53.5,2.775691899,-1.7606975,94.7463,2.775691899,-1.7606975,94.7463,-11.4424981,2.4928025,140.205,26.4244519,4.7439025,130.886,-17.2571481,-4.4612975,86.79,17.4807519,-6.6020975,82.9865,-17.5924481,-1.6729975,48.9052,15.2608519,-10.5995975,47.4492,-20.3865481,0.9361025,9.18463,13.1766519,-18.5763975,8.97324,-21.6860481,11.2796025,4.14665,14.4170519,-7.6426975,3.30835
54,2.668481899,-1.7525975,94.6985,2.668481899,-1.7525975,94.6985,-11.6639881,2.6238025,140.09,26.2856519,4.5285025,130.906,-17.3539481,-4.2937975,86.6815,17.3946519,-6.7366975,82.9855,-17.5928481,-1.3751975,48.8119,15.2158519,-10.7660975,47.4545,-20.2724481,1.4556025,9.09751,13.1540519,-18.8418975,9.0026,-21.5291481,11.8347025,4.11196,14.4183519,-7.9162975,3.31314
54.5,2.544941899,-1.7416975,94.6492,2.544941899,-1.7416975,94.6492,-11.9175981,2.7655025,139.956,26.1343519,4.3165025,130.932,-17.4545481,-4.1220975,86.5745,17.2748519,-6.8676975,82.9876,-17.5928481,-1.0860975,48.7184,15.1672519,-10.9319975,47.4613,-20.1609481,1.9544025,9.01162,13.1295519,-19.1078975,9.03367,-21.3698481,12.3709025,4.07465,14.4168519,-8.1917975,3.31788
55,2.409161899,-1.7279975,94.5972,2.409161899,-1.7279975,94.5972,-12.2100581,2.9165025,139.804,25.9736519,4.1074025,130.962,-17.5558481,-3.9467975,86.4679,17.1438519,-6.9962975,82.9909,-17.5892481,-0.8039975,48.6239,15.1173519,-11.0964975,47.4701,-20.0503481,2.4403025,8.92429,13.1057519,-19.3731975,9.06633,-21.2119481,12.8934025,4.03573,14.4142519,-8.4683975,3.32082
55.5,2.257761899,-1.7114975,94.5448,2.257761899,-1.7114975,94.5448,-12.5330281,3.0777025,139.64,25.7994519,3.9020025,131,-17.6601481,-3.7671975,86.362,16.9836519,-7.1204975,82.9978,-17.5870481,-0.5327975,48.5281,15.0628519,-11.2590975,47.4802,-19.9419481,2.9062025,8.83643,13.0781519,-19.6395975,9.09926,-21.0540481,13.3962025,3.99327,14.4083519,-8.7474975,3.32244
56,2.096811899,-1.6927975,94.4905,2.096811899,-1.6927975,94.4905,-12.8811781,3.2442025,139.465,25.6153519,3.6994025,131.042,-17.7653481,-3.5840975,86.2538,16.8124519,-7.2394975,83.0059,-17.5832481,-0.2675975,48.4289,15.0073519,-11.4207975,47.4911,-19.8348481,3.3567025,8.7468,13.0510519,-19.9062975,9.13285,-20.8979481,13.8809025,3.94697,14.4009519,-9.0281975,3.32165
56.5,1.926251899,-1.6719975,94.437,1.926251899,-1.6719975,94.437,-13.2458481,3.4155025,139.29,25.4192519,3.5003025,131.089,-17.8724481,-3.3964975,86.1442,16.6270519,-7.3523975,83.0168,-17.5823481,-0.0134975,48.327,14.9473519,-11.5793975,47.502,-19.7296481,3.7868025,8.65486,13.0206519,-20.1736975,9.166,-20.7460481,14.3420025,3.89577,14.3914519,-9.3108975,3.31877
57,1.750211899,-1.6490975,94.3826,1.750211899,-1.6490975,94.3826,-13.6190481,3.5896025,139.112,25.2139519,3.3041025,131.138,-17.9805481,-3.2052975,86.0303,16.4355519,-7.4566975,83.0282,-17.5834481,0.2366025,48.2211,14.8854519,-11.7363975,47.5123,-19.6261481,4.1952025,8.56224,12.9896519,-20.4421975,9.19922,-20.5979481,14.7758025,3.83899,14.3805519,-9.5951975,3.31416
57.5,1.572171899,-1.6250975,94.3296,1.572171899,-1.6250975,94.3296,-13.9877481,3.7617025,138.945,24.9984519,3.1117025,131.19,-18.0900481,-3.0092975,85.9122,16.2457519,-7.5522975,83.0403,-17.5890481,0.4780025,48.1114,14.8192519,-11.8893975,47.5207,-19.5261481,4.5783025,8.46716,12.9572519,-20.7109975,9.23221,-20.4574481,15.1774025,3.77491,14.3693519,-9.8806975,3.30813
58,1.393301899,-1.5987975,94.2766,1.393301899,-1.5987975,94.2766,-14.3517481,3.9351025,138.783,24.7756519,2.9223025,131.241,-18.2004481,-2.8096975,85.7902,16.0603519,-7.6363975,83.0512,-17.6002481,0.7175025,47.9996,14.7494519,-12.0385975,47.5274,-19.4278481,4.9306025,8.37355,12.9236519,-20.9801975,9.26559,-20.3241481,15.5403025,3.70562,14.3571519,-10.1666975,3.30167
58.5,1.217951899,-1.5716975,94.225,1.217951899,-1.5716975,94.225,-14.6931481,4.1017025,138.637,24.5436519,2.7373025,131.292,-18.3122481,-2.6048975,85.6622,15.8860519,-7.7087975,83.0609,-17.6173481,0.9527025,47.8841,14.6760519,-12.1820975,47.5304,-19.3361481,5.2480025,8.27937,12.8899519,-21.2492975,9.29997,-20.2010481,15.8580025,3.62614,14.3461519,-10.4529975,3.29588
59,1.045581899,-1.5421975,94.1747,1.045581899,-1.5421975,94.1747,-15.0225481,4.2687025,138.5,24.3064519,2.5560025,131.34,-18.4250481,-2.3972975,85.5343,15.7282519,-7.7682975,83.0676,-17.6415481,1.1859025,47.7709,14.5973519,-12.3182975,47.5318,-19.2471481,5.5261025,8.18934,12.8549519,-21.5166975,9.33616,-20.0886481,16.1283025,3.54442,14.3348519,-10.7380975,3.2909
59.5,0.878221899,-1.5111975,94.1258,0.878221899,-1.5111975,94.1258,-15.3219481,4.4287025,138.379,24.0599519,2.3803025,131.386,-18.5397481,-2.1843975,85.4018,15.5825519,-7.8128975,83.072,-17.6730481,1.4188025,47.6566,14.5154519,-12.4449975,47.5292,-19.1683481,5.7545025,8.10253,12.8201519,-21.7828975,9.37546,-19.9887481,16.3370025,3.45133,14.3249519,-11.0227975,3.28892
60,0.714911899,-1.4781975,94.0793,0.714911899,-1.4781975,94.0793,-15.6097481,4.5884025,138.266,23.8091519,2.2092025,131.431,-18.6556481,-1.9698975,85.2744,15.4592519,-7.8461975,83.0724,-17.7106481,1.6478025,47.5487,14.4283519,-12.5614975,47.5261,-19.0943481,5.9424025,8.02161,12.7847519,-22.0453975,9.41856,-19.9006481,16.4993025,3.35944,14.3151519,-11.3053975,3.28861
60.5,0.553941899,-1.4422975,94.0357,0.553941899,-1.4422975,94.0357,-15.8733481,4.7455025,138.164,23.5484519,2.0448025,131.474,-18.7737481,-1.7508975,85.1491,15.3422519,-7.8627975,83.0713,-17.7563481,1.8759025,47.4458,14.3382519,-12.6613975,47.5209,-19.0333481,6.0656025,7.94833,12.7480519,-22.3042975,9.46739,-19.8273481,16.5859025,3.25886,14.3056519,-11.5862975,3.29232
61,0.395521899,-1.4043975,93.9953,0.395521899,-1.4043975,93.9953,-16.1295481,4.9031025,138.067,23.2828519,1.8864025,131.518,-18.8936481,-1.5314975,85.0326,15.2441519,-7.8692975,83.0669,-17.8063481,2.0975025,47.3512,14.2443519,-12.7488975,47.5171,-18.9795481,6.1486025,7.88216,12.7117519,-22.5584975,9.52204,-19.7651481,16.6291025,3.16171,14.2961519,-11.8652975,3.29807
61.5,0.234551899,-1.3626975,93.9609,0.234551899,-1.3626975,93.9609,-16.3790481,5.0646025,137.976,23.0073519,1.7360025,131.566,-19.0158481,-1.3102975,84.9291,15.1457519,-7.8611975,83.0635,-17.8639481,2.3106025,47.269,14.1485519,-12.8115975,47.5153,-18.9396481,6.1633025,7.82651,12.6725519,-22.8052975,9.58531,-19.7192481,16.5978025,3.06396,14.2850519,-12.1416975,3.30675
62,0.072561899,-1.3183975,93.9312,0.072561899,-1.3183975,93.9312,-16.6270481,5.2289025,137.885,22.7254519,1.5929025,131.618,-19.1405481,-1.0895975,84.8376,15.0541519,-7.8435975,83.0595,-17.9244481,2.5135025,47.1963,14.0513519,-12.8579975,47.5168,-18.9083481,6.1359025,7.77881,12.6344519,-23.0466975,9.65622,-19.6834481,16.5234025,2.9708,14.2731519,-12.4164975,3.31725
62.5,-0.095178101,-1.2703975,93.9112,-0.095178101,-1.2703975,93.9112,-16.8821481,5.4013025,137.799,22.4349519,1.4587025,131.681,-19.2673481,-0.8707975,84.7666,14.9567519,-7.8160975,83.0602,-17.9911481,2.6954025,47.1395,13.9545519,-12.8747975,47.5244,-18.8897481,6.0533025,7.74137,12.5934519,-23.2776975,9.73768,-19.6617481,16.3940025,2.88548,14.2587519,-12.6883975,3.32836
63,-0.268058101,-1.2192975,93.8987,-0.268058101,-1.2192975,93.8987,-17.1431481,5.5803025,137.714,22.1371519,1.3332025,131.752,-19.3975481,-0.6542975,84.7118,14.8515519,-7.7800975,83.0647,-18.0602481,2.8600025,47.0934,13.8598519,-12.8682975,47.5373,-18.8794481,5.9265025,7.71209,12.5535519,-23.5011975,9.82858,-19.6501481,16.2217025,2.80751,14.2422519,-12.9584975,3.3401
63.5,-0.447088101,-1.1651975,93.8976,-0.447088101,-1.1651975,93.8976,-17.4163481,5.7675025,137.634,21.8333519,1.2174025,131.839,-19.5293481,-0.4425975,84.6773,14.7384519,-7.7385975,83.0769,-18.1342481,2.9942025,47.061,13.7683519,-12.8318975,47.5581,-18.8796481,5.7660025,7.69062,12.5130519,-23.7132975,9.93074,-19.6479481,16.0202025,2.74103,14.2238519,-13.2258975,3.35116
64,-0.633368101,-1.1080975,93.9081,-0.633368101,-1.1080975,93.9081,-17.6988481,5.9639025,137.562,21.5233519,1.1112025,131.939,-19.6651481,-0.2360975,84.6629,14.6064519,-7.6911975,83.0984,-18.2114481,3.0992025,47.0403,13.6831519,-12.7625975,47.5854,-18.8856481,5.5645025,7.67622,12.4733519,-23.9142975,10.0442,-19.6553481,15.7822025,2.68643,14.2028519,-13.4910975,3.36101
64.5,-0.823738101,-1.0486975,93.9284,-0.823738101,-1.0486975,93.9284,-17.9920481,6.1654025,137.495,21.2104519,1.0157025,132.055,-19.8023481,-0.0361975,84.6614,14.4691519,-7.6411975,83.1285,-18.2923481,3.1721025,47.0269,13.6037519,-12.6665975,47.6193,-18.8992481,5.3493025,7.66656,12.4373519,-24.1043975,10.1686,-19.6673481,15.5356025,2.64175,14.1816519,-13.7534975,3.37078
65,-1.019918101,-0.9870975,93.9639,-1.019918101,-0.9870975,93.9639,-18.2900481,6.3755025,137.445,20.8945519,0.9310025,132.189,-19.9437481,0.1550025,84.6808,14.3103519,-7.5891975,83.1723,-18.3780481,3.2011025,47.0243,13.5354519,-12.5274975,47.6589,-18.9158481,5.1037025,7.66176,12.4018519,-24.2784975,10.3069,-19.6870481,15.2664025,2.61279,14.1587519,-14.0128975,3.37882
65.5,-1.217298101,-0.9238975,94.0054,-1.217298101,-0.9238975,94.0054,-18.5951481,6.5863025,137.402,20.5794519,0.8576025,132.332,-20.0864481,0.3384025,84.7028,14.1500519,-7.5358975,83.2235,-18.4663481,3.2035025,47.0219,13.4756519,-12.3647975,47.7018,-18.9360481,4.8564025,7.65906,12.3742519,-24.4421975,10.4551,-19.7075481,14.9989025,2.58953,14.1373519,-14.2689975,3.38829
66,-1.415448101,-0.8594975,94.0613,-1.415448101,-0.8594975,94.0613,-18.8954481,6.8009025,137.381,20.2655519,0.7968025,132.493,-20.2328481,0.5105025,84.7387,13.9780519,-7.4844975,83.2883,-18.5607481,3.1534025,47.0253,13.4306519,-12.1528975,47.7464,-18.9573481,4.5956025,7.65836,12.3479519,-24.5863975,10.6202,-19.7316481,14.7266025,2.58089,14.1165519,-14.5215975,3.39917
66.5,-1.612308101,-0.7941975,94.1191,-1.612308101,-0.7941975,94.1191,-19.1978481,7.0126025,137.366,19.9555519,0.7460025,132.656,-20.3808481,0.6745025,84.7705,13.8074519,-7.4326975,83.3576,-18.6566481,3.0859025,47.0254,13.3949519,-11.9200975,47.7901,-18.9776481,4.3361025,7.6578,12.3304519,-24.7205975,10.7933,-19.7551481,14.4574025,2.5745,14.0983519,-14.7706975,3.41261
67,-1.803598101,-0.7282975,94.1854,-1.803598101,-0.7282975,94.1854,-19.4857481,7.2207025,137.371,19.6508519,0.7107025,132.828,-20.5314481,0.8251025,84.8034,13.6417519,-7.3848975,83.435,-18.7584481,2.9676025,47.024,13.3768519,-11.6347975,47.8296,-18.9979481,4.0764025,7.65729,12.3145519,-24.8325975,10.9872,-19.7774481,14.1948025,2.57704,14.0825519,-15.0155975,3.43433
67.5,-1.992499101,-0.6621975,94.2505,-1.992499101,-0.6621975,94.2505,-19.7724481,7.4240025,137.381,19.3511519,0.6833025,132.997,-20.6836481,0.9682025,84.8303,13.4788519,-7.3378975,83.5135,-18.8613481,2.8391025,47.0192,13.3670519,-11.3305975,47.865,-19.0149481,3.8179025,7.65572,12.3045519,-24.9353975,11.1878,-19.7988481,13.9344025,2.57993,14.0692519,-15.2574975,3.4596
68,-2.171180101,-0.5958975,94.3153,-2.171180101,-0.5958975,94.3153,-20.0393481,7.6173025,137.402,19.0599519,0.6731025,133.163,-20.8373481,1.0961025,84.846,13.3346519,-7.2951975,83.5908,-18.9675481,2.6721025,47.0073,13.3753519,-10.9747975,47.8905,-19.0307481,3.5639025,7.65339,12.2951519,-25.0148975,11.412,-19.8155481,13.6827025,2.58475,14.0587519,-15.4939975,3.50155
68.5,-2.347301101,-0.5295975,94.3769,-2.347301101,-0.5295975,94.3769,-20.3038481,7.8055025,137.424,18.7732519,0.6686025,133.322,-20.9919481,1.2178025,84.8564,13.1951519,-7.2536975,83.6659,-19.0751481,2.4991025,46.9933,13.3893519,-10.6021975,47.9105,-19.0434481,3.3107025,7.64961,12.2864519,-25.0866975,11.6431,-19.8313481,13.4325025,2.5889,14.0493519,-15.7286975,3.54879
69,-2.512067101,-0.4631975,94.4297,-2.512067101,-0.4631975,94.4297,-20.5490481,7.9798025,137.445,18.4963519,0.6813025,133.465,-21.1465481,1.3226025,84.8493,13.0779519,-7.2158975,83.7303,-19.1818481,2.3042025,46.9707,13.4199519,-10.1811975,47.9173,-19.0535481,3.0602025,7.64469,12.2739519,-25.1350975,11.8991,-19.8411481,13.1868025,2.5897,14.0407519,-15.9558975,3.6198
69.5,-2.674201101,-0.3968975,94.4784,-2.674201101,-0.3968975,94.4784,-20.7910481,8.1497025,137.464,18.2226519,0.6982025,133.6,-21.3011481,1.4223025,84.8378,12.9681519,-7.1787975,83.7895,-19.2898481,2.1052025,46.9471,13.4531519,-9.7466975,47.9191,-19.0620481,2.8101025,7.6387,12.2573519,-25.1776975,12.163,-19.8500481,12.9422025,2.58928,14.0317519,-16.1817975,3.6989
70,-2.827434101,-0.3309975,94.5131,-2.827434101,-0.3309975,94.5131,-21.0198481,8.3054025,137.469,17.9587519,0.7291025,133.711,-21.4535481,1.5038025,84.8111,12.8744519,-7.1439975,83.8313,-19.3936481,1.9004025,46.9185,13.4972519,-9.2714975,47.9087,-19.0677481,2.5583025,7.6315,12.2291519,-25.1981975,12.4507,-19.8543481,12.6962025,2.58388,14.0193519,-16.3968975,3.80622
70.5,-2.978069701,-0.2649975,94.5431,-2.978069701,-0.2649975,94.5431,-21.2449481,8.4574025,137.469,17.6970519,0.7634025,133.813,-21.6049481,1.5806025,84.78,12.7885519,-7.1085975,83.866,-19.4976481,1.6926025,46.8887,13.5419519,-8.7860975,47.8948,-19.0729481,2.3062025,7.6238,12.1942519,-25.2138975,12.7471,-19.8574481,12.4503025,2.57664,14.0047519,-16.6094975,3.92474
71,-3.122963101,-0.1999975,94.5602,-3.122963101,-0.1999975,94.5602,-21.4620481,8.5984025,137.452,17.4448519,0.8059025,133.89,-21.7509481,1.6384025,84.7429,12.7097519,-7.0729975,83.8826,-19.5960481,1.4879025,46.8603,13.5883519,-8.2728975,47.8751,-19.0767481,2.0500025,7.61543,12.1400519,-25.2098975,13.0637,-19.8590481,12.2005025,2.56696,13.9829519,-16.8052975,4.07296
71.5,-3.265520101,-0.1353975,94.5719,-3.265520101,-0.1353975,94.5719,-21.6752481,8.7352025,137.427,17.1951519,0.8514025,133.957,-21.8952481,1.6902025,84.7014,12.6360519,-7.0357975,83.8912,-19.6924481,1.2831025,46.8309,13.6335519,-7.7535975,47.8541,-19.0798481,1.7921025,7.60685,12.0782519,-25.2000975,13.3885,-19.8599481,11.9486025,2.55534,13.9576519,-16.9942975,4.23486
72,-3.404646101,-0.0723975,94.5767,-3.404646101,-0.0723975,94.5767,-21.8828481,8.8654025,137.388,16.9545519,0.8993025,134.007,-22.0312481,1.7239025,84.6631,12.5613519,-6.9955975,83.8879,-19.7838481,1.0808025,46.8072,13.6720519,-7.2207975,47.8357,-19.0846481,1.5319025,7.5988,11.9950519,-25.1718975,13.7273,-19.8615481,11.6948025,2.54463,13.9238519,-17.1580975,4.42445
72.5,-3.541393101,-0.0104975,94.5766,-3.541393101,-0.0104975,94.5766,-22.0851481,8.9908025,137.343,16.7184519,0.9489025,134.046,-22.1648481,1.7487025,84.6228,12.4872519,-6.9528975,83.8774,-19.8711481,0.8818025,46.7843,13.7059519,-6.6879975,47.8194,-19.0879481,1.2687025,7.5907,11.9046519,-25.1347975,14.0711,-19.8637481,11.4375025,2.53366,13.8862519,-17.3068975,4.6282
73,-3.675408101,0.0491025,94.5763,-3.675408101,0.0491025,94.5763,-22.2836481,9.1118025,137.292,16.4921519,0.9972025,134.078,-22.2880481,1.7576025,84.5897,12.4096519,-6.9053975,83.8646,-19.9543481,0.6820025,46.7675,13.7281519,-6.1553975,47.813,-19.0952481,1.0068025,7.58437,11.7965519,-25.0781975,14.42,-19.8674481,11.1811025,2.52489,13.8416519,-17.4205975,4.85493
73.5,-3.806163101,0.1065025,94.574,-3.806163101,0.1065025,94.574,-22.4734481,9.2275025,137.239,16.2738519,1.0454025,134.099,-22.4071481,1.7538025,84.5592,12.3288519,-6.8544975,83.8489,-20.0320481,0.4858025,46.7542,13.7407519,-5.6301975,47.8138,-19.1015481,0.7429025,7.57868,11.6831519,-25.0061975,14.7677,-19.8733481,10.9222025,2.51877,13.7947519,-17.5054975,5.09429
74,-3.933975101,0.1615025,94.5751,-3.933975101,0.1615025,94.5751,-22.6619481,9.3388025,137.186,16.0660519,1.0915025,134.121,-22.5167481,1.7380025,84.5339,12.2470519,-6.7991975,83.8388,-20.1062481,0.2878025,46.7444,13.7415519,-5.1156975,47.8268,-19.1111481,0.4820025,7.57511,11.5613519,-24.9124975,15.1091,-19.8801481,10.6649025,2.51396,13.7451519,-17.5488975,5.34632
74.5,-4.056658101,0.2131025,94.5788,-4.056658101,0.2131025,94.5788,-22.8388481,9.4435025,137.137,15.8708519,1.1361025,134.137,-22.6197481,1.7064025,84.5151,12.1620519,-6.7399975,83.8337,-20.1741481,0.0915025,46.7397,13.7276519,-4.6176975,47.8525,-19.1212481,0.2220025,7.57339,11.4387519,-24.7923975,15.438,-19.8895481,10.4080025,2.5138,13.6972519,-17.5433975,5.60588
75,-4.175978101,0.2625025,94.586,-4.175978101,0.2625025,94.586,-23.0156481,9.5431025,137.092,15.6854519,1.1795025,134.156,-22.7158481,1.6670025,84.4982,12.0799519,-6.6781975,83.8371,-20.2384481,-0.1050975,46.736,13.7046519,-4.1345975,47.8885,-19.1327481,-0.0359975,7.57349,11.3155519,-24.6486975,15.751,-19.8992481,10.1516025,2.51366,13.6506519,-17.4951975,5.86659
75.5,-4.288218101,0.3081025,94.5988,-4.288218101,0.3081025,94.5988,-23.1827481,9.6338025,137.055,15.5172519,1.2222025,134.175,-22.8032481,1.6116025,84.4876,12.0001519,-6.6132975,83.8537,-20.2960481,-0.3012975,46.7364,13.6646519,-3.6768975,47.9398,-19.1453481,-0.2903975,7.57629,11.1989519,-24.4647975,16.0343,-19.9103481,9.8978025,2.51725,13.6115519,-17.3763975,6.12313
76,-4.396998101,0.3521025,94.6138,-4.396998101,0.3521025,94.6138,-23.3491481,9.7192025,137.022,15.3569519,1.2654025,134.195,-22.8864481,1.5517025,84.4769,11.9250519,-6.5481975,83.8778,-20.3497481,-0.4957975,46.7368,13.6188519,-3.2335975,47.9975,-19.1574481,-0.5442975,7.58024,11.0865519,-24.2563975,16.2954,-19.9211481,9.6432025,2.52037,13.5766519,-17.2180975,6.37028
76.5,-4.497288101,0.3927025,94.6338,-4.497288101,0.3927025,94.6338,-23.5107481,9.7933025,136.998,15.2159519,1.3104025,134.218,-22.9606481,1.4788025,84.4693,11.8604519,-6.4821975,83.9185,-20.3959481,-0.6883975,46.7388,13.5577519,-2.8218975,48.0691,-19.1693481,-0.7952975,7.58665,10.9865519,-23.9939975,16.5065,-19.9310481,9.3904025,2.52411,13.5547519,-16.9705975,6.59612
77,-4.594678101,0.4326025,94.6544,-4.594678101,0.4326025,94.6544,-23.6710481,9.8629025,136.976,15.0805519,1.3572025,134.242,-23.0324481,1.4041025,84.4614,11.7998519,-6.4175975,83.9641,-20.4389481,-0.8783975,46.7407,13.4938519,-2.4210975,48.1427,-19.1799481,-1.0464975,7.59344,10.8929519,-23.7088975,16.6939,-19.9405481,9.1368025,2.52744,13.5379519,-16.6911975,6.8059
77.5,-4.682618101,0.4700025,94.6768,-4.682618101,0.4700025,94.6768,-23.8287481,9.9193025,136.959,14.9643519,1.4097025,134.267,-23.0960481,1.3208025,84.4532,11.7551519,-6.3556975,84.024,-20.4725481,-1.0631975,46.7422,13.4188519,-2.0556975,48.2253,-19.1870481,-1.2978975,7.6012,10.8144519,-23.3562975,16.8092,-19.9470481,8.8824025,2.52856,13.5381519,-16.3075975,6.97276
78,-4.768678101,0.5075025,94.6985,-4.768678101,0.5075025,94.6985,-23.9862481,9.9727025,136.943,14.8516519,1.4645025,134.291,-23.1579481,1.2376025,84.445,11.7131519,-6.2951975,84.0858,-20.5045481,-1.2458975,46.7437,13.3432519,-1.6967975,48.307,-19.1931481,-1.5494975,7.60874,10.7418519,-22.9860975,16.9044,-19.9529481,8.6276025,2.5291,13.5426519,-15.9015975,7.12334
78.5,-4.844778101,0.5439025,94.7176,-4.844778101,0.5439025,94.7176,-24.1372481,10.0127025,136.93,14.7557519,1.5287025,134.312,-23.2131481,1.1511025,84.4352,11.6855519,-6.2410975,84.1544,-20.5261481,-1.4210975,46.7442,13.2625519,-1.3733975,48.3897,-19.1925481,-1.8043975,7.61488,10.6850519,-22.5384975,16.9097,-19.9550481,8.3699025,2.52652,13.5656519,-15.3849975,7.20959
79,-4.920038101,0.5807025,94.7357,-4.920038101,0.5807025,94.7357,-24.2900481,10.0510025,136.916,14.6622519,1.5951025,134.334,-23.2666481,1.0653025,84.4253,11.6592519,-6.1878975,84.2234,-20.5472481,-1.5946975,46.7445,13.1818519,-1.0544975,48.4707,-19.1912481,-2.0594975,7.62059,10.6319519,-22.0782975,16.8991,-19.9563481,8.1119025,2.52271,13.5916519,-14.8515975,7.28308
79.5,-4.984668101,0.6178025,94.7477,-4.984668101,0.6178025,94.7477,-24.4260481,10.0774025,136.906,14.5825519,1.6729025,134.347,-23.3144481,0.9809025,84.4147,11.6413519,-6.1430975,84.2893,-20.5598481,-1.7626975,46.7446,13.1020519,-0.7677975,48.5441,-19.1824481,-2.3187975,7.62282,10.5951519,-21.5385975,16.7947,-19.9547481,7.8514025,2.51715,13.6348519,-14.2124975,7.28259
80,-5.048628101,0.6552025,94.7579,-5.048628101,0.6552025,94.7579,-24.5642481,10.1017025,136.894,14.5054519,1.7529025,134.359,-23.3603481,0.8972025,84.4036,11.6237519,-6.0996975,84.3543,-20.5715481,-1.9287975,46.7442,13.0225519,-0.4869975,48.6154,-19.1729481,-2.5789975,7.62452,10.5607519,-20.9847975,16.6713,-19.9522481,7.5897025,2.50984,13.6802519,-13.5529975,7.26747
80.5,-5.102238101,0.6935025,94.762,-5.102238101,0.6935025,94.762,-24.6761481,10.1182025,136.888,14.4394519,1.8434025,134.361,-23.4007481,0.8161025,84.393,11.6061519,-6.0626975,84.4106,-20.5789481,-2.0950975,46.7441,12.9462519,-0.2324975,48.6752,-19.1583481,-2.8411975,7.62255,10.5417519,-20.3639975,16.473,-19.9487481,7.3276025,2.50274,13.7401519,-12.8069975,7.19424
81,-5.154078101,0.7317025,94.7634,-5.154078101,0.7317025,94.7634,-24.7862481,10.1313025,136.883,14.3770519,1.9365025,134.36,-23.4390481,0.7360025,84.3819,11.5883519,-6.0287975,84.4638,-20.5850481,-2.2595975,46.7438,12.8709519,0.0125025,48.7314,-19.1433481,-3.1049975,7.62004,10.5263519,-19.7215975,16.2483,-19.9447481,7.0641025,2.49446,13.8020519,-12.0311975,7.10037
81.5,-5.196208101,0.7704025,94.7607,-5.196208101,0.7704025,94.7607,-24.8657481,10.1396025,136.887,14.3250519,2.0377025,134.35,-23.4720481,0.6569025,84.371,11.5647519,-5.9988975,84.5082,-20.5904481,-2.4293975,46.7437,12.7988519,0.2352025,48.7766,-19.1270481,-3.3684975,7.61545,10.5272519,-19.0267975,15.9741,-19.9411481,6.8016025,2.48726,13.8760519,-11.1874975,6.97351
82,-5.234738101,0.8085025,94.7549,-5.234738101,0.8085025,94.7549,-24.9366481,10.1433025,136.893,14.2776519,2.1416025,134.334,-23.5021481,0.5783025,84.3598,11.5407519,-5.9729975,84.5477,-20.5949481,-2.5999975,46.7438,12.7281519,0.4447025,48.8164,-19.1115481,-3.6328975,7.61071,10.5348519,-18.3030975,15.6712,-19.9384481,6.5384025,2.48063,13.9525519,-10.3059975,6.82584
82.5,-5.265168101,0.8463025,94.7467,-5.265168101,0.8463025,94.7467,-24.9815481,10.1440025,136.908,14.2406519,2.2510025,134.311,-23.5277481,0.4982025,84.3477,11.5100519,-5.9496975,84.5819,-20.6006481,-2.7771975,46.7436,12.6594519,0.6353025,48.8481,-19.0985481,-3.8964975,7.60651,10.5598519,-17.5397975,15.3426,-19.9367481,6.2758025,2.4745,14.0385519,-9.3729975,6.66802
83,-5.289868101,0.8826025,94.7362,-5.289868101,0.8826025,94.7362,-25.0106481,10.1390025,136.93,14.2101519,2.3634025,134.281,-23.5495481,0.4170025,84.335,11.4788519,-5.9307975,84.6112,-20.6065481,-2.9593975,46.744,12.5921519,0.8086025,48.8736,-19.0880481,-4.1594975,7.60303,10.5963519,-16.7413975,14.9898,-19.9375481,6.0139025,2.47086,14.1288519,-8.3960975,6.49762
83.5,-5.309278101,0.9181025,94.7242,-5.309278101,0.9181025,94.7242,-25.0263481,10.1320025,136.954,14.1885519,2.4788025,134.246,-23.5682481,0.3324025,84.3204,11.4452519,-5.9140975,84.639,-20.6134481,-3.1459975,46.7437,12.5255519,0.9670025,48.8946,-19.0823481,-4.4225975,7.60221,10.6488519,-15.9142975,14.6294,-19.9393481,5.7511025,2.46664,14.2250519,-7.3833975,6.33017
84,-5.321548101,0.9512025,94.7107,-5.321548101,0.9512025,94.7107,-25.0232481,10.1185025,136.985,14.1758519,2.5976025,134.204,-23.5824481,0.2444025,84.3044,11.4116519,-5.9020975,84.6641,-20.6217481,-3.3406975,46.7437,12.4605519,1.1044025,48.9095,-19.0803481,-4.6842975,7.60327,10.7175519,-15.0471975,14.2546,-19.9445481,5.4892025,2.46578,14.3272519,-6.3237975,6.16328
84.5,-5.331308101,0.9833025,94.6957,-5.331308101,0.9833025,94.6957,-25.0202481,10.1037025,137.014,14.1692519,2.7178025,134.158,-23.5949481,0.1525025,84.2867,11.3816519,-5.8920975,84.6896,-20.6297481,-3.5365975,46.7435,12.3957519,1.2313025,48.9229,-19.0831481,-4.9471975,7.60748,10.7986519,-14.1602975,13.8823,-19.9504481,5.2257025,2.46392,14.4315519,-5.2422975,6.00228
85,-5.334188101,1.0125025,94.6795,-5.334188101,1.0125025,94.6795,-25.0025481,10.0824025,137.044,14.1731519,2.8417025,134.107,-23.6030481,0.0549025,84.2672,11.3527519,-5.8874975,84.7148,-20.6390481,-3.7403975,46.7432,12.3333519,1.3353025,48.931,-19.0892481,-5.2098975,7.6142,10.8967519,-13.2308975,13.5081,-19.9597481,4.9615025,2.46462,14.5408519,-4.1163975,5.85233
85.5,-5.336138101,1.0410025,94.6618,-5.336138101,1.0410025,94.6618,-24.9926481,10.0602025,137.069,14.1805519,2.9664025,134.055,-23.6102481,-0.0459975,84.2468,11.3323519,-5.8837975,84.7408,-20.6474481,-3.9435975,46.743,12.2712519,1.4324025,48.939,-19.0985481,-5.4736975,7.62308,11.0028519,-12.2885975,13.1404,-19.9695481,4.6961025,2.465,14.6495519,-2.9792975,5.70626
86,-5.333028101,1.0666025,94.6419,-5.333028101,1.0666025,94.6419,-24.9771481,10.0328025,137.088,14.1981519,3.0947025,133.997,-23.6140481,-0.1533975,84.2255,11.3139519,-5.8868975,84.7661,-20.6548481,-4.1506975,46.7428,12.2140519,1.5080025,48.9431,-19.1083481,-5.7396975,7.63369,11.1211519,-11.3058975,12.7822,-19.9814481,4.4279025,2.4661,14.7579519,-1.8076975,5.5728
86.5,-5.329198101,1.0919025,94.6211,-5.329198101,1.0919025,94.6211,-24.9702481,10.0044025,137.101,14.2181519,3.2239025,133.938,-23.6169481,-0.2629975,84.2045,11.3056519,-5.8889975,84.7923,-20.6616481,-4.3574975,46.7431,12.1574519,1.5786025,48.9471,-19.1188481,-6.0059975,7.64471,11.2435519,-10.3150975,12.431,-19.9939481,4.1593025,2.46783,14.8645519,-0.6314975,5.4413
87,-5.321398101,1.1149025,94.597,-5.321398101,1.1149025,94.597,-24.9636481,9.9726025,137.104,14.2467519,3.3563025,133.875,-23.6171481,-0.3785975,84.1846,11.3013519,-5.8976975,84.8146,-20.6642481,-4.5637975,46.7437,12.1085519,1.6313025,48.9482,-19.1260481,-6.2755975,7.65555,11.3702519,-9.2913975,12.0992,-20.0063481,3.8877025,2.46915,14.9626519,0.5637025,5.31726
87.5,-5.312518101,1.1379025,94.5724,-5.312518101,1.1379025,94.5724,-24.9611481,9.9398025,137.103,14.2780519,3.4898025,133.812,-23.6165481,-0.4955975,84.166,11.3032519,-5.9045975,84.8368,-20.6664481,-4.7700975,46.7447,12.0612519,1.6792025,48.9484,-19.1312481,-6.5452975,7.66513,11.4979519,-8.2614975,11.7744,-20.0194481,3.6158025,2.47136,15.0582519,1.7610025,5.19475
88,-5.298568101,1.1595025,94.5449,-5.298568101,1.1595025,94.5449,-24.9570481,9.9049025,137.092,14.3169519,3.6261025,133.744,-23.6128481,-0.6171975,84.1505,11.3141519,-5.9140975,84.8519,-20.6630481,-4.9740975,46.7466,12.0231519,1.7145025,48.946,-19.1309481,-6.8167975,7.67255,11.6226519,-7.2128975,11.4754,-20.0303481,3.3427025,2.47309,15.1384519,2.9596025,5.07539
88.5,-5.282558101,1.1813025,94.517,-5.282558101,1.1813025,94.517,-24.9502481,9.8694025,137.08,14.3595519,3.7637025,133.676,-23.6082481,-0.7397975,84.137,11.3257519,-5.9221975,84.8649,-20.6580481,-5.1777975,46.7487,11.9883519,1.7446025,48.9418,-19.1266481,-7.0882975,7.6778,11.7461519,-6.1589975,11.1864,-20.0416481,3.0692025,2.47539,15.2135519,4.1579025,4.95815
89,-5.259188101,1.2024025,94.4878,-5.259188101,1.2024025,94.4878,-24.9333481,9.8316025,137.066,14.4105519,3.9036025,133.603,-23.5995481,-0.8653975,84.1275,11.3485519,-5.9277975,84.8697,-20.6482481,-5.3801975,46.752,11.9619519,1.7659025,48.9343,-19.1165481,-7.3591975,7.68005,11.8639519,-5.1013975,10.926,-20.0495481,2.7966025,2.47738,15.2716519,5.3452025,4.84711
89.5,-5.231668101,1.2236025,94.4584,-5.231668101,1.2236025,94.4584,-24.9059481,9.7935025,137.053,14.4666519,4.0450025,133.528,-23.5891481,-0.9921975,84.1202,11.3708519,-5.9315975,84.8699,-20.6349481,-5.5816975,46.7552,11.9402519,1.7824025,48.9243,-19.1021481,-7.6294975,7.6803,11.9796519,-4.0421975,10.6818,-20.0566481,2.5242025,2.47941,15.3209519,6.5273025,4.74123
90,-5.195108101,1.2444025,94.4294,-5.195108101,1.2444025,94.4294,-24.8597481,9.7520025,137.046,14.5320519,4.1886025,133.449,-23.5737481,-1.1208975,84.1159,11.4025519,-5.9293975,84.8631,-20.6183481,-5.7834975,46.7596,11.9248519,1.7929025,48.9104,-19.0839481,-7.8975975,7.67843,12.0905519,-2.9919975,10.4663,-20.0605481,2.2536025,2.48116,15.3554519,7.6913025,4.64978
90.5,-5.151408101,1.2652025,94.4008,-5.151408101,1.2652025,94.4008,-24.7964481,9.7095025,137.045,14.6045519,4.3339025,133.367,-23.5550481,-1.2512975,84.1138,11.4383519,-5.9231975,84.8505,-20.5969481,-5.9846975,46.764,11.9144519,1.7995025,48.8933,-19.0630481,-8.1639975,7.67574,12.2007519,-1.9484975,10.2756,-20.0622481,1.9843025,2.48243,15.3785519,8.8422025,4.57171
91,-5.098788101,1.2854025,94.3738,-5.098788101,1.2854025,94.3738,-24.7101481,9.6626025,137.053,14.6863519,4.4816025,133.281,-23.5310481,-1.3833975,84.113,11.4787519,-5.9105975,84.8333,-20.5731481,-6.1866975,46.7692,11.9080519,1.8030025,48.8722,-19.0414481,-8.4280975,7.67306,12.3081519,-0.9231975,10.1108,-20.0616481,1.7161025,2.48309,15.3908519,9.9712025,4.51501
91.5,-5.036258101,1.3053025,94.3481,-5.036258101,1.3053025,94.3481,-24.6042481,9.6120025,137.069,14.7769519,4.6317025,133.19,-23.5013481,-1.5177975,84.1135,11.5321519,-5.8899975,84.8109,-20.5444481,-6.3887975,46.7749,11.9056519,1.8044025,48.847,-19.0196481,-8.6895975,7.67126,12.4173519,0.0809025,9.97871,-20.0581481,1.4500025,2.48293,15.3911519,11.0747025,4.48432
92,-4.966798101,1.3245025,94.3237,-4.966798101,1.3245025,94.3237,-24.4775481,9.5573025,137.094,14.8752519,4.7846025,133.096,-23.4668481,-1.6536975,84.1141,11.5849519,-5.8653975,84.7859,-20.5133481,-6.5904975,46.7811,11.9050519,1.8058025,48.8183,-19.0001481,-8.9499975,7.6717,12.5246519,1.0626025,9.86694,-20.0532481,1.1840025,2.48165,15.3846519,12.1544025,4.47542
92.5,-4.886308101,1.3426025,94.3011,-4.886308101,1.3426025,94.3011,-24.3341481,9.4943025,137.127,14.9834519,4.9414025,132.998,-23.4242481,-1.7925975,84.1151,11.6584519,-5.8285975,84.7575,-20.4780481,-6.7928975,46.7886,11.9073519,1.8087025,48.7846,-18.9829481,-9.2081975,7.67452,12.6340519,2.0016025,9.79166,-20.0461481,0.9194025,2.47946,15.3670519,13.1893025,4.5033
93,-4.801628101,1.3601025,94.279,-4.801628101,1.3601025,94.279,-24.1770481,9.4290025,137.166,15.0965519,5.1009025,132.896,-23.3773481,-1.9326975,84.1155,11.7289519,-5.7906975,84.7271,-20.4403481,-6.9934975,46.7965,11.9097519,1.8141025,48.748,-18.9694481,-9.4661975,7.68069,12.7417519,2.9185025,9.72971,-20.0381481,0.6546025,2.47587,15.3456519,14.2004025,4.54654
93.5,-4.707268101,1.3754025,94.2579,-4.707268101,1.3754025,94.2579,-24.0102481,9.3498025,137.208,15.2193519,5.2666025,132.792,-23.3208481,-2.0760975,84.1162,11.8213519,-5.7378975,84.6943,-20.3991481,-7.1935975,46.8064,11.9147519,1.8272025,48.7056,-18.9594481,-9.7241975,7.68984,12.8463519,3.7646025,9.70011,-20.0298481,0.3892025,2.47152,15.3143519,15.1380025,4.626
94,-4.610298101,1.3907025,94.2364,-4.610298101,1.3907025,94.2364,-23.8373481,9.2701025,137.252,15.3448519,5.4348025,132.685,-23.2605481,-2.2199975,84.1168,11.9148519,-5.6845975,84.6594,-20.3561481,-7.3913975,46.8172,11.9190519,1.8433025,48.6605,-18.9530481,-9.9823975,7.70181,12.9488519,4.5894025,9.67784,-20.0206481,0.1241025,2.46588,15.2809519,16.0513025,4.71249
94.5,-4.507958101,1.4029025,94.2138,-4.507958101,1.4029025,94.2138,-23.6631481,9.1732025,137.293,15.4778519,5.6111025,132.575,-23.1899481,-2.3667975,84.1182,12.0189519,-5.6176975,84.6199,-20.3089481,-7.5866975,46.8299,11.9265519,1.8751025,48.6096,-18.9489481,-10.2429975,7.71589,13.0393519,5.3191025,9.67458,-20.0138481,-0.1432975,2.46009,15.2384519,16.8619025,4.81551
95,-4.403078101,1.4154025,94.1903,-4.403078101,1.4154025,94.1903,-23.4867481,9.0758025,137.332,15.6127519,5.7900025,132.464,-23.1154481,-2.5135975,84.1205,12.1303519,-5.5472975,84.5777,-20.2620481,-7.7803975,46.8445,11.9331519,1.9096025,48.5555,-18.9471481,-10.5036975,7.73102,13.1257519,6.0221025,9.67393,-20.0059481,-0.4098975,2.45336,15.1953519,17.6412025,4.91783
95.5,-4.296178101,1.4246025,94.1629,-4.296178101,1.4246025,94.1629,-23.3148481,8.9614025,137.364,15.7537519,5.9780025,132.351,-23.0316481,-2.6619975,84.1245,12.2417519,-5.4659975,84.5267,-20.2091481,-7.9698975,46.8599,11.9454519,1.9654025,48.496,-18.9450481,-10.7677975,7.74624,13.1928519,6.6167025,9.67564,-20.0020481,-0.6789975,2.44741,15.1429519,18.2980025,5.00686
96,-4.186748101,1.4339025,94.1341,-4.186748101,1.4339025,94.1341,-23.1406481,8.8444025,137.394,15.8972519,6.1693025,132.236,-22.9431481,-2.8099975,84.1304,12.3600519,-5.3770975,84.4712,-20.1581481,-8.1592975,46.8779,11.9568519,2.0249025,48.4323,-18.9425481,-11.0318975,7.76003,13.2519519,7.1698025,9.67463,-19.9977481,-0.9472975,2.44109,15.0909519,18.9064025,5.08454
96.5,-4.075148101,1.4406025,94.1005,-4.075148101,1.4406025,94.1005,-22.9673481,8.7138025,137.416,16.0469519,6.3693025,132.119,-22.8472481,-2.9580975,84.1385,12.4744519,-5.2794975,84.4039,-20.1007481,-8.3444975,46.8959,11.9774519,2.1045025,48.3647,-18.9389481,-11.2984975,7.77269,13.2910519,7.6188025,9.66344,-19.9966481,-1.2167975,2.43615,15.0308519,19.3931025,5.12552
97,-3.960918101,1.4468025,94.0645,-3.960918101,1.4468025,94.0645,-22.7888481,8.5772025,137.437,16.2005519,6.5742025,132.001,-22.7457481,-3.1054975,84.1491,12.5889519,-5.1705975,84.329,-20.0440481,-8.5306975,46.9159,11.9984519,2.1908025,48.2924,-18.9316481,-11.5649975,7.78193,13.3182519,8.0058025,9.64295,-19.9965481,-1.4857975,2.43154,14.9715519,19.8072025,5.13998
97.5,-3.841950101,1.4514025,94.0247,-3.841950101,1.4514025,94.0247,-22.6025481,8.4317025,137.456,16.3621519,6.7865025,131.879,-22.6387481,-3.2521975,84.1617,12.7021519,-5.0534975,84.2429,-19.9830481,-8.7145975,46.9362,12.0302519,2.2908025,48.2177,-18.9235481,-11.8316975,7.7896,13.3312519,8.3040025,9.60808,-19.9975481,-1.7542975,2.42837,14.9083519,20.1162025,5.11148
98,-3.719201101,1.4551025,93.982,-3.719201101,1.4551025,93.982,-22.4048481,8.2776025,137.474,16.5302519,7.0053025,131.755,-22.5256481,-3.3975975,84.1764,12.8078519,-4.9238975,84.1471,-19.9190481,-8.8995975,46.957,12.0654519,2.3996025,48.1395,-18.9105481,-12.0978975,7.79427,13.3324519,8.5241025,9.55906,-20.0000481,-2.0225975,2.4261,14.8458519,20.3336025,5.04347
98.5,-3.589177101,1.4579025,93.9377,-3.589177101,1.4579025,93.9377,-22.1908481,8.1188025,137.497,16.7071519,7.2297025,131.628,-22.4083481,-3.5421975,84.1926,12.9162519,-4.7862975,84.044,-19.8531481,-9.0845975,46.9791,12.1105519,2.5137025,48.0606,-18.8976481,-12.3623975,7.79807,13.3281519,8.6772025,9.49831,-20.0017481,-2.2895975,2.4248,14.7856519,20.4725025,4.94228
99,-3.452964101,1.4597025,93.8914,-3.452964101,1.4597025,93.8914,-21.9594481,7.9511025,137.522,16.8933519,7.4622025,131.497,-22.2850481,-3.6853975,84.2102,13.0155519,-4.6370975,83.9329,-19.7802481,-9.2699975,47.0007,12.1626519,2.6358025,47.9816,-18.8810481,-12.6251975,7.80193,13.3182519,8.7467025,9.42407,-20.0042481,-2.5562975,2.42472,14.7278519,20.5145025,4.80073
99.5,-3.308747101,1.4611025,93.8457,-3.308747101,1.4611025,93.8457,-21.7080481,7.7814025,137.555,17.0874519,7.6987025,131.364,-22.1583481,-3.8280975,84.2291,13.1194519,-4.4812975,83.8198,-19.7069481,-9.4562975,47.0245,12.2221519,2.7563025,47.9035,-18.8651481,-12.8855975,7.80659,13.3096519,8.7710025,9.34367,-20.0052481,-2.8220975,2.42499,14.6770519,20.5052025,4.6423
,,,,,,,,,,,,,,,,,,,,,,,,,,,,,,,,,,,,
,2.958748101,57.2368975,,,,,,,,,,,,,,,,,,,,,,,,,,,,,,,,,,
