[Gait],,,,,,,,,,,,,,,,,,,,,,,,,,,,,,,,,,,,
氏名,周期,歩行率,立脚,%,遊脚,%,両足支持,%,ストライド,ステップ,歩隔,,,,,,,,,,,,,,,,,,,,,,,,,
Group1(R),0,0,0,0,0,0,0,0,0,0,0,,,,,,,,,,,,,,,,,,,,,,,,,
SD,0,0,0,0,0,0,0,0,0,0,0,,,,,,,,,,,,,,,,,,,,,,,,,
CV,0,0,0,0,0,0,0,0,0,0,0,,,,,,,,,,,,,,,,,,,,,,,,,
Group1(L),0,0,0,0,0,0,0,0,0,0,0,,,,,,,,,,,,,,,,,,,,,,,,,
SD,0,0,0,0,0,0,0,0,0,0,0,,,,,,,,,,,,,,,,,,,,,,,,,
CV,0,0,0,0,0,0,0,0,0,0,0,,,,,,,,,,,,,,,,,,,,,,,,,
[Data],,,,,,,,,,,,,,,,,,,,,,,,,,,,,,,,,,,,
Cycle(%),重心[x](cm),重心[y](cm),重心[z](cm),重心[x](cm),重心[y](cm),重心[z](cm),左肩峰[x](cm),左肩峰[y](cm),左肩峰[z](cm),右肩峰[x](cm),右肩峰[y](cm),右肩峰[z](cm),左股関節[x](cm),左股関節[y](cm),左股関節[z](cm),右股関節[x](cm),右股関節[y](cm),右股関節[z](cm),左膝関節[x](cm),左膝関節[y](cm),左膝関節[z](cm),右膝関節[x](cm),右膝関節[y](cm),右膝関節[z](cm),左足関節[x](cm),左足関節[y](cm),左足関節[z](cm),右足関節[x](cm),右足関節[y](cm),右足関節[z](cm),左第5MP[x](cm),左第5MP[y](cm),左第5MP[z](cm),右第5MP[x](cm),右第5MP[y](cm),右第5MP[z](cm)
0,-0.52701088,-0.3201345,91.6071,-0.52701088,-0.3201345,91.6071,-21.93512188,10.1902655,130.104,18.58167812,11.5316655,127.304,-18.33352188,-11.7124345,83.1934,19.13187812,-13.6881345,86.6083,-15.02752188,-0.9970345,45.2522,16.46127812,-2.4778345,48.5651,-13.03172188,-18.5265345,8.3217,12.76987812,3.7725655,9.9246,-16.82032188,-7.2436345,2.24757,12.89457812,15.5137655,2.45563
0.5,-0.37013288,-0.2420345,91.5214,-0.37013288,-0.2420345,91.5214,-21.72412188,10.3287655,130.032,18.77827812,11.7544655,127.113,-18.19512188,-11.6646345,83.1528,19.30447812,-13.6566345,86.5399,-14.91652188,-0.9629345,45.2002,16.56017812,-2.5655345,48.4841,-13.00582188,-18.6507345,8.33838,12.77697812,3.6890655,9.87984,-16.81482188,-7.3842345,2.2514,12.90217812,15.4310655,2.44989
1,-0.21221188,-0.1643345,91.4365,-0.21221188,-0.1643345,91.4365,-21.51182188,10.4700655,129.96,18.97637812,11.9768655,126.921,-18.05472188,-11.6172345,83.113,19.47747812,-13.6277345,86.4744,-14.80532188,-0.9306345,45.1498,16.65937812,-2.6568345,48.404,-12.98022188,-18.7750345,8.3551,12.78337812,3.6032655,9.83461,-16.80802188,-7.5252345,2.25463,12.91197812,15.3472655,2.44511
1.5,-0.04651188,-0.0912345,91.3594,-0.04651188,-0.0912345,91.3594,-21.29492188,10.6402655,129.885,19.18787812,12.1979655,126.73,-17.89922188,-11.5709345,83.0816,19.65027812,-13.6259345,86.436,-14.68092188,-0.9218345,45.1109,16.76347812,-2.7903345,48.3351,-12.97002188,-18.9028345,8.37858,12.80007812,3.4976655,9.79716,-16.79782188,-7.6733345,2.2529,12.93987812,15.2504655,2.45266
2,0.12154112,-0.0191345,91.2836,0.12154112,-0.0191345,91.2836,-21.07622188,10.8150655,129.81,19.40237812,12.4178655,126.54,-17.73782188,-11.5256345,83.0517,19.82427812,-13.6283345,86.4017,-14.55602188,-0.9170345,45.0741,16.86937812,-2.9282345,48.2673,-12.96102188,-19.0311345,8.40197,12.81587812,3.3893655,9.75926,-16.78612188,-7.8224345,2.25028,12.97037812,15.1519655,2.46108
2.5,0.29663585,0.0476655,91.2138,0.29663585,0.0476655,91.2138,-20.85032188,11.0129655,129.731,19.62827812,12.6326655,126.353,-17.55852188,-11.4840345,83.0316,19.99387812,-13.6565345,86.3864,-14.42212188,-0.9347345,45.0465,16.98257812,-3.0926345,48.2077,-12.96562188,-19.1640345,8.42963,12.83147812,3.2702655,9.72651,-16.77432188,-7.9769345,2.24404,12.99967812,15.0451655,2.46831
3,0.47439712,0.1134655,91.1456,0.47439712,0.1134655,91.1456,-20.62262188,11.2163655,129.651,19.85747812,12.8455655,126.166,-17.37192188,-11.4438345,83.014,20.16377812,-13.6895345,86.3746,-14.28782188,-0.9580345,45.0209,17.09997812,-3.2598345,48.1495,-12.97202188,-19.2986345,8.45738,12.84827812,3.1489655,9.69574,-16.76282188,-8.1329345,2.23789,13.02937812,14.9369655,2.47546
3.5,0.65579512,0.1745655,91.081,0.65579512,0.1745655,91.081,-20.38392188,11.4363655,129.567,20.09397812,13.0506655,125.981,-17.17662188,-11.4092345,83.0069,20.32257812,-13.7425345,86.3711,-14.15182188,-0.9987345,45.0019,17.22467812,-3.4346345,48.0977,-12.98392188,-19.4375345,8.48678,12.85837812,3.0245655,9.66827,-16.75342188,-8.2910345,2.23077,13.04557812,14.8241655,2.47267
4,0.83843412,0.2352655,91.0175,0.83843412,0.2352655,91.0175,-20.14322188,11.6617655,129.483,20.33367812,13.2531655,125.798,-16.97952188,-11.3762345,83.0033,20.47847812,-13.7984345,86.3676,-14.01642188,-1.0442345,44.9839,17.35327812,-3.6074345,48.0478,-12.99672188,-19.5793345,8.51721,12.87307812,2.9001655,9.64674,-16.74722188,-8.4507345,2.22601,13.05867812,14.7109655,2.46853
4.5,1.02089912,0.2929655,90.9556,1.02089912,0.2929655,90.9556,-19.88832188,11.8967655,129.396,20.57827812,13.4463655,125.614,-16.78802188,-11.3499345,83.0091,20.61847812,-13.8646345,86.3632,-13.88692188,-1.0987345,44.9709,17.48417812,-3.7718345,48.003,-13.00532188,-19.7241345,8.54839,12.87867812,2.7775655,9.62623,-16.74302188,-8.6095345,2.22302,13.05627812,14.5960655,2.45285
5,1.20187512,0.3512655,90.8939,1.20187512,0.3512655,90.8939,-19.63022188,12.1358655,129.309,20.82717812,13.6357655,125.429,-16.60742188,-11.3256345,83.0186,20.75197812,-13.9294345,86.3536,-13.76002188,-1.1539345,44.9583,17.61367812,-3.9279345,47.9607,-13.01252188,-19.8723345,8.58288,12.89137812,2.6575655,9.61471,-16.74412188,-8.7693345,2.22455,13.04867812,14.4819655,2.43535
5.5,1.38041812,0.4084655,90.8323,1.38041812,0.4084655,90.8323,-19.35792188,12.3782655,129.222,21.08117812,13.8158655,125.241,-16.44282188,-11.3081345,83.0351,20.86977812,-13.9938345,86.3377,-13.64412188,-1.2088345,44.9503,17.73777812,-4.0670345,47.9216,-13.00942188,-20.0220345,8.61955,12.89557812,2.5413655,9.60184,-16.74542188,-8.9267345,2.22973,13.03227812,14.3685655,2.41089
6,1.55470812,0.4670655,90.7696,1.55470812,0.4670655,90.7696,-19.08052188,12.6221655,129.136,21.34147812,13.9899655,125.05,-16.30322188,-11.2931345,83.0538,20.97967812,-14.0513345,86.3126,-13.53402188,-1.2566345,44.9431,17.84997812,-4.1929345,47.885,-13.00292188,-20.1737345,8.66328,12.90647812,2.4300655,9.59744,-16.75082188,-9.0841345,2.23943,13.01207812,14.2572655,2.38567
6.5,1.72618812,0.5261655,90.7067,1.72618812,0.5261655,90.7067,-18.79212188,12.8645655,129.053,21.60827812,14.1561655,124.854,-16.18182188,-11.2837345,83.0767,21.07867812,-14.1002345,86.2802,-13.43652188,-1.2960345,44.9405,17.94987812,-4.3016345,47.8491,-12.98682188,-20.3253345,8.71285,12.91287812,2.3220655,9.59119,-16.75502188,-9.2397345,2.25357,12.99237812,14.1480655,2.3604
7,1.89214812,0.5862655,90.6415,1.89214812,0.5862655,90.6415,-18.49992188,13.1035655,128.971,21.88137812,14.3131655,124.652,-16.08912188,-11.2769345,83.0984,21.17287812,-14.1389345,86.2381,-13.34872188,-1.3190345,44.9405,18.03047812,-4.3972345,47.8145,-12.96672188,-20.4750345,8.77281,12.91937812,2.2199655,9.58751,-16.75802188,-9.3939345,2.26895,12.97427812,14.0418655,2.33718
7.5,2.05566812,0.6475655,90.5761,2.05566812,0.6475655,90.5761,-18.20252188,13.3379655,128.893,22.16037812,14.4638655,124.445,-16.00952188,-11.2733345,83.1212,21.26257812,-14.1655345,86.1903,-13.27422188,-1.3279345,44.9454,18.09587812,-4.4805345,47.7781,-12.94272188,-20.6233345,8.84255,12.92617812,2.1198655,9.58304,-16.75982188,-9.5480345,2.28824,12.96297812,13.9382655,2.31877
8,2.21420812,0.7086655,90.5086,2.21420812,0.7086655,90.5086,-17.90642188,13.5648655,128.815,22.44137812,14.6034655,124.233,-15.94912188,-11.2712345,83.1401,21.35417812,-14.1843345,86.1374,-13.20962188,-1.3118345,44.9544,18.14197812,-4.5587345,47.7413,-12.91902188,-20.7643345,8.92638,12.92727812,2.0243655,9.57546,-16.75472188,-9.6993345,2.3046,12.95897812,13.8375655,2.30568
8.5,2.37001812,0.7704655,90.4412,2.37001812,0.7704655,90.4412,-17.61342188,13.7845655,128.741,22.72377812,14.7369655,124.02,-15.89262188,-11.2694345,83.1569,21.44657812,-14.1925345,86.0808,-13.15942188,-1.2781345,44.969,18.17627812,-4.6306345,47.7012,-12.89792188,-20.9013345,9.02219,12.92997812,1.9297655,9.56769,-16.74932188,-9.8518345,2.32317,12.96337812,13.7394655,2.29851
9,2.52231812,0.8307655,90.373,2.52231812,0.8307655,90.373,-17.32772188,13.9952655,128.665,22.99957812,14.8604655,123.804,-15.83632188,-11.2659345,83.1689,21.54507812,-14.2008345,86.0268,-13.11622188,-1.2156345,44.9872,18.20067812,-4.7082345,47.6589,-12.88492188,-21.0265345,9.13425,12.92637812,1.8369655,9.55446,-16.73512188,-10.0002345,2.33635,12.97567812,13.6431655,2.2973
9.5,2.67093812,0.8903655,90.3053,2.67093812,0.8903655,90.3053,-17.05432188,14.1972655,128.589,23.26927812,14.9766655,123.592,-15.77412188,-11.2606345,83.1769,21.64777812,-14.2042345,85.9715,-13.08642188,-1.1342345,45.0117,18.22157812,-4.7856345,47.6136,-12.87962188,-21.1439345,9.25886,12.92167812,1.7441655,9.54084,-16.72182188,-10.1495345,2.35013,12.99457812,13.5487655,2.30019
10,2.81573812,0.9477655,90.239,2.81573812,0.9477655,90.239,-16.79412188,14.3902655,128.51,23.52107812,15.0857655,123.384,-15.69672188,-11.2484345,83.1801,21.75437812,-14.2169345,85.9248,-13.06132188,-1.0241345,45.039,18.24657812,-4.8757345,47.5655,-12.88792188,-21.2462345,9.39942,12.91577812,1.6500655,9.52332,-16.70272188,-10.2932345,2.35989,13.01607812,13.4546655,2.30646
10.5,2.95603812,1.0029655,90.174,2.95603812,1.0029655,90.174,-16.55282188,14.5748655,128.428,23.75987812,15.1863655,123.183,-15.60592188,-11.2333345,83.1796,21.86547812,-14.2323345,85.8792,-13.04482188,-0.8956345,45.0724,18.27777812,-4.9701345,47.5165,-12.90722188,-21.3372345,9.55212,12.90567812,1.5555655,9.50508,-16.68712188,-10.4356345,2.37038,13.03997812,13.3611655,2.31348
11,3.09038812,1.0560655,90.1124,3.09038812,1.0560655,90.1124,-16.32802188,14.7517655,128.345,23.97237812,15.2825655,122.992,-15.49622188,-11.2078345,83.1748,21.97327812,-14.2627345,85.8441,-13.03022188,-0.7427345,45.1086,18.32277812,-5.0775345,47.4656,-12.93952188,-21.4116345,9.71841,12.90057812,1.4570655,9.486,-16.67092188,-10.5719345,2.38155,13.06017812,13.2671655,2.32028
11.5,3.21966812,1.1062655,90.0537,3.21966812,1.1062655,90.0537,-16.12382188,14.9216655,128.258,24.16827812,15.3700655,122.813,-15.37192188,-11.1783345,83.1679,22.08217812,-14.3023345,85.8129,-13.01672188,-0.5723345,45.1501,18.38067812,-5.1909345,47.4171,-12.98362188,-21.4723345,9.89635,12.89137812,1.3575655,9.4669,-16.66192188,-10.7027345,2.39682,13.07747812,13.1722655,2.32438
12,3.34086812,1.1546655,89.9995,3.34086812,1.1546655,89.9995,-15.93642188,15.0859655,128.172,24.33747812,15.4536655,122.647,-15.23622188,-11.1392345,83.1583,22.18087812,-14.3561345,85.7894,-13.00202188,-0.3841345,45.1953,18.45287812,-5.3122345,47.3691,-13.03502188,-21.5168345,10.0851,12.88997812,1.2530655,9.44877,-16.65752188,-10.8283345,2.41845,13.08807812,13.0763655,2.3264
12.5,3.45660812,1.2008655,89.95,3.45660812,1.2008655,89.95,-15.76462188,15.2447655,128.086,24.49247812,15.5302655,122.493,-15.09402188,-11.0950345,83.1483,22.27447812,-14.4204345,85.7717,-12.98172188,-0.1808345,45.2455,18.53537812,-5.4366345,47.3264,-13.09602188,-21.5477345,10.2846,12.88847812,1.1470655,9.43167,-16.66272188,-10.9452345,2.44892,13.09207812,12.9784655,2.32348
13,3.56401812,1.2458655,89.906,3.56401812,1.2458655,89.906,-15.60572188,15.4001655,128.003,24.62817812,15.6016655,122.354,-14.95212188,-11.0453345,83.1373,22.35617812,-14.4930345,85.758,-12.95882188,0.0343655,45.3006,18.62447812,-5.5624345,47.2868,-13.15782188,-21.5643345,10.4929,12.89377812,1.0367655,9.41593,-16.67542188,-11.0575345,2.49075,13.09017812,12.8797655,2.31904
13.5,3.66562812,1.2894655,89.8677,3.66562812,1.2894655,89.8677,-15.45642188,15.5503655,127.925,24.75607812,15.6667655,122.226,-14.81602188,-10.9910345,83.1273,22.42717812,-14.5722345,85.7495,-12.92672188,0.2609655,45.3617,18.71557812,-5.6859345,47.2541,-13.22342188,-21.5693345,10.7107,12.90297812,0.9245655,9.40104,-16.69632188,-11.1608345,2.54482,13.08177812,12.7784655,2.31024
14,3.76128812,1.3324655,89.8354,3.76128812,1.3324655,89.8354,-15.31212188,15.6983655,127.854,24.87587812,15.7257655,122.111,-14.68882188,-10.9358345,83.1183,22.49017812,-14.6514345,85.7427,-12.89402188,0.4945655,45.4286,18.80197812,-5.8059345,47.2263,-13.28552188,-21.5629345,10.9349,12.91517812,0.8101655,9.38688,-16.72532188,-11.2592345,2.61267,13.07027812,12.6767655,2.30137
14.5,3.85096812,1.3743655,89.8094,3.85096812,1.3743655,89.8094,-15.17382188,15.8406655,127.793,24.99497812,15.7774655,122.005,-14.57802188,-10.8787345,83.1111,22.54087812,-14.7299345,85.7388,-12.85282188,0.7351655,45.503,18.88097812,-5.9199345,47.2057,-13.34522188,-21.5480345,11.1672,12.93327812,0.6939655,9.37288,-16.75712188,-11.3516345,2.69327,13.05557812,12.5728655,2.29131
15,3.93801812,1.4162655,89.7896,3.93801812,1.4162655,89.7896,-15.03332188,15.9801655,127.74,25.11537812,15.8232655,121.911,-14.47832188,-10.8231345,83.1069,22.59017812,-14.8016345,85.7367,-12.81632188,0.9783655,45.5838,18.94797812,-6.0276345,47.19,-13.40012188,-21.5243345,11.4026,12.94957812,0.5776655,9.35844,-16.79552188,-11.4374345,2.78677,13.04047812,12.4681655,2.28214
15.5,4.01927812,1.4568655,89.7759,4.01927812,1.4568655,89.7759,-14.89732188,16.1134655,127.7,25.23797812,15.8609655,121.825,-14.39832188,-10.7691345,83.1058,22.62987812,-14.8662345,85.7348,-12.77742188,1.2241655,45.6724,19.00227812,-6.1295345,47.1802,-13.44822188,-21.4949345,11.6438,12.97007812,0.4605655,9.34395,-16.82952188,-11.5207345,2.89034,13.02617812,12.3625655,2.27557
16,4.09980812,1.4974655,89.7684,4.09980812,1.4974655,89.7684,-14.75822188,16.2420655,127.667,25.36477812,15.8936655,121.75,-14.32602188,-10.7168345,83.1094,22.67387812,-14.9207345,85.7357,-12.74992188,1.4686655,45.7683,19.04557812,-6.2250345,47.1743,-13.49272188,-21.4579345,11.8835,12.98537812,0.3447655,9.32821,-16.86702188,-11.5946345,3.00324,13.01337812,12.2555655,2.27004
16.5,4.17492812,1.5365655,89.7668,4.17492812,1.5365655,89.7668,-14.62292188,16.3638655,127.645,25.49117812,15.9189655,121.684,-14.26982188,-10.6676345,83.1174,22.71237812,-14.9652345,85.7358,-12.72842188,1.7111655,45.8694,19.07797812,-6.3173345,47.1723,-13.52922188,-21.4164345,12.1243,13.00057812,0.2294655,9.31314,-16.89532188,-11.6662345,3.12228,13.00297812,12.1484655,2.2688
17,4.24832812,1.5751655,89.7707,4.24832812,1.5751655,89.7707,-14.49152188,16.4788655,127.629,25.61747812,15.9406655,121.629,-14.21602188,-10.6195345,83.132,22.75717812,-15.0007345,85.7388,-12.72262188,1.9488655,45.9783,19.10667812,-6.4049345,47.1722,-13.56392188,-21.3668345,12.3587,13.00887812,0.1159655,9.29721,-16.92302188,-11.7247345,3.24612,12.99527812,12.0393655,2.26872
17.5,4.31597812,1.6121655,89.7801,4.31597812,1.6121655,89.7801,-14.36522188,16.5864655,127.619,25.73587812,15.9572655,121.588,-14.17172188,-10.5732345,83.152,22.80057812,-15.0266345,85.7417,-12.73152188,2.1790655,46.0891,19.13307812,-6.4921345,47.1743,-13.59202188,-21.3110345,12.586,13.01307812,0.0035655,9.28294,-16.94192188,-11.7743345,3.37302,12.98897812,11.9299655,2.27142
18,4.37891812,1.6483655,89.7939,4.37891812,1.6483655,89.7939,-14.25202188,16.6862655,127.612,25.84747812,15.9726655,121.557,-14.12722188,-10.5274345,83.1793,22.84607812,-15.0476345,85.7466,-12.75332188,2.4029655,46.2058,19.16207812,-6.5766345,47.1765,-13.61942188,-21.2460345,12.804,13.01097812,-0.1071345,9.26968,-16.95722188,-11.8075345,3.5017,12.98567812,11.8187655,2.27568
18.5,4.43472812,1.6828655,89.813,4.43472812,1.6828655,89.813,-14.14862188,16.7772655,127.607,25.94227812,15.9856655,121.544,-14.08782188,-10.4816345,83.2124,22.89287812,-15.0613345,85.7531,-12.79412188,2.6142655,46.3223,19.19887812,-6.6616345,47.18,-13.64132188,-21.1705345,13.0048,13.00337812,-0.2173345,9.25876,-16.96872188,-11.8181345,3.63272,12.98167812,11.7061655,2.27952
19,4.48259812,1.7166655,89.8352,4.48259812,1.7166655,89.8352,-14.06372188,16.8603655,127.602,26.02577812,16.0002655,121.54,-14.05002188,-10.4355345,83.252,22.93487812,-15.0741345,85.7599,-12.84152188,2.8190655,46.4414,19.23747812,-6.7439345,47.1823,-13.66382188,-21.0835345,13.1946,12.99097812,-0.3264345,9.25074,-16.97692188,-11.8080345,3.76537,12.98077812,11.5922655,2.28538
19.5,4.52210812,1.7488655,89.8621,4.52210812,1.7488655,89.8621,-13.99382188,16.9330655,127.599,26.08787812,16.0145655,121.554,-14.01662188,-10.3894345,83.2961,22.97887812,-15.0814345,85.7698,-12.90332188,3.0084655,46.5598,19.28837812,-6.8257345,47.1859,-13.68022188,-20.9800345,13.3592,12.97477812,-0.4365345,9.24521,-16.98832188,-11.7589345,3.90161,12.97857812,11.4760655,2.28862
20,4.55184812,1.7806655,89.8912,4.55184812,1.7806655,89.8912,-13.94292188,16.9977655,127.595,26.13907812,16.0323655,121.577,-13.99022188,-10.3430345,83.3446,23.01307812,-15.0895345,85.7793,-12.96552188,3.1917655,46.6777,19.33367812,-6.9028345,47.1875,-13.69872188,-20.8624345,13.511,12.95647812,-0.5464345,9.24346,-16.99992188,-11.6837345,4.04149,12.97917812,11.3588655,2.29399
20.5,4.57349812,1.8109655,89.9241,4.57349812,1.8109655,89.9241,-13.90962188,17.0506655,127.594,26.17147812,16.0511655,121.615,-13.96862188,-10.2993345,83.3952,23.04867812,-15.0919345,85.792,-13.03132188,3.3604655,46.7954,19.38557812,-6.9763345,47.1911,-13.70972188,-20.7213345,13.6343,12.93727812,-0.6584345,9.24376,-17.02072188,-11.5553345,4.18658,12.98007812,11.2397655,2.2973
21,4.58591812,1.8409655,89.9583,4.58591812,1.8409655,89.9583,-13.89172188,17.0947655,127.594,26.19707812,16.0735655,121.659,-13.95972188,-10.2566345,83.4473,23.07447812,-15.0940345,85.8046,-13.09252188,3.5235655,46.9113,19.42447812,-7.0438345,47.1931,-13.72252188,-20.5629345,13.7418,12.91977812,-0.7716345,9.24783,-17.04752188,-11.3933345,4.33763,12.98347812,11.1195655,2.30221
21.5,4.59252812,1.8701655,89.9954,4.59252812,1.8701655,89.9954,-13.88842188,17.1270655,127.599,26.21347812,16.0976655,121.712,-13.95372188,-10.2199345,83.4984,23.10007812,-15.0892345,85.8203,-13.14872188,3.6759655,47.0277,19.45457812,-7.1038345,47.1968,-13.73002188,-20.3766345,13.8243,12.90417812,-0.8868345,9.25288,-17.08602188,-11.1736345,4.49382,12.98877812,10.9989655,2.30798
22,4.59274812,1.8985655,90.033,4.59274812,1.8985655,90.033,-13.89592188,17.1496655,127.607,26.22847812,16.1236655,121.767,-13.96292188,-10.1873345,83.5484,23.12137812,-15.0816345,85.8366,-13.19752188,3.8241655,47.143,19.46937812,-7.1584345,47.2002,-13.73762188,-20.1689345,13.8881,12.89407812,-1.0040345,9.26083,-17.13552188,-10.9137345,4.65639,12.99617812,10.8776655,2.31415
22.5,4.59010812,1.9267655,90.0727,4.59010812,1.9267655,90.0727,-13.91132188,17.1608655,127.624,26.24307812,16.1517655,121.827,-13.97002188,-10.1627345,83.5948,23.14047812,-15.0659345,85.856,-13.23972188,3.9658655,47.2591,19.46197812,-7.2035345,47.2048,-13.74362188,-19.9296345,13.93,12.88777812,-1.1224345,9.26969,-17.19742188,-10.5963345,4.82153,13.00577812,10.7572655,2.32418
23,4.58522812,1.9537655,90.1125,4.58522812,1.9537655,90.1125,-13.93152188,17.1627655,127.646,26.25997812,16.1797655,121.884,-13.98742188,-10.1448345,83.6387,23.16217812,-15.0457345,85.8771,-13.27742188,4.1059655,47.3763,19.44317812,-7.2457345,47.2108,-13.74902188,-19.6663345,13.9543,12.88787812,-1.2426345,9.27951,-17.27132188,-10.2385345,4.98979,13.01627812,10.6367655,2.33315
23.5,4.57940812,1.9808655,90.1536,4.57940812,1.9808655,90.1536,-13.95562188,17.1551655,127.675,26.27927812,16.2092655,121.942,-13.99672188,-10.1352345,83.6792,23.18097812,-15.0184345,85.9007,-13.31312188,4.2434655,47.4942,19.40147812,-7.2807345,47.2171,-13.75652188,-19.3695345,13.9587,12.89297812,-1.3625345,9.29122,-17.35532188,-9.8311345,5.15538,13.02737812,10.5176655,2.34709
24,4.57474812,2.0069655,90.1947,4.57474812,2.0069655,90.1947,-13.97782188,17.1401655,127.711,26.30087812,16.2385655,121.996,-14.00752188,-10.1326345,83.7164,23.20547812,-14.9871345,85.9274,-13.35062188,4.3812655,47.6142,19.35597812,-7.3154345,47.2261,-13.76522188,-19.0463345,13.9472,12.90227812,-1.4834345,9.30186,-17.44972188,-9.3853345,5.31855,13.03747812,10.3992655,2.35856
24.5,4.56887812,2.0328655,90.2366,4.56887812,2.0328655,90.2366,-14.00452188,17.1177655,127.752,26.32087812,16.2680655,122.05,-14.00732188,-10.1363345,83.753,23.22687812,-14.9521345,85.9554,-13.39352188,4.5201655,47.7347,19.29847812,-7.3483345,47.2348,-13.77672188,-18.6905345,13.9169,12.91547812,-1.6025345,9.3155,-17.54952188,-8.9018345,5.47283,13.04657812,10.2811655,2.37338
25,4.56515812,2.0588655,90.2781,4.56515812,2.0588655,90.2781,-14.02502188,17.0918655,127.797,26.33797812,16.2986655,122.099,-14.00032188,-10.1454345,83.7859,23.25187812,-14.9158345,85.9869,-13.44362188,4.6597655,47.8565,19.24697812,-7.3829345,47.2469,-13.79332188,-18.3059345,13.8718,12.92887812,-1.7214345,9.32638,-17.65562188,-8.3844345,5.61825,13.05257812,10.1641655,2.38473
25.5,4.55814812,2.0840655,90.32,4.55814812,2.0840655,90.32,-14.05302188,17.0604655,127.845,26.34607812,16.3283655,122.149,-13.98482188,-10.1567345,83.8213,23.27367812,-14.8805345,86.0188,-13.50392188,4.8030655,47.9776,19.19787812,-7.4212345,47.2586,-13.81152188,-17.8919345,13.809,12.94267812,-1.8379345,9.34,-17.76162188,-7.8409345,5.74949,13.05757812,10.0458655,2.39594
26,4.55120812,2.1102655,90.3611,4.55120812,2.1102655,90.3611,-14.07572188,17.0299655,127.894,26.34327812,16.3606655,122.198,-13.96022188,-10.1709345,83.8534,23.29357812,-14.8474345,86.0534,-13.57262188,4.9467655,48.0979,19.16337812,-7.4629345,47.2736,-13.83772188,-17.4485345,13.7317,12.95297812,-1.9532345,9.35019,-17.86772188,-7.2696345,5.86727,13.05807812,9.9278655,2.40329
26.5,4.53861812,2.1356655,90.4023,4.53861812,2.1356655,90.4023,-14.10812188,16.9956655,127.943,26.32497812,16.3914655,122.248,-13.93372188,-10.1830345,83.8895,23.31007812,-14.8193345,86.0878,-13.65032188,5.0942655,48.2153,19.13927812,-7.5105345,47.2883,-13.86552188,-16.9803345,13.6386,12.95977812,-2.0667345,9.36093,-17.96932188,-6.6803345,5.96826,13.05907812,9.8071655,2.40716
27,4.52233812,2.1623655,90.4419,4.52233812,2.1623655,90.4419,-14.14132188,16.9652655,127.99,26.28957812,16.4245655,122.299,-13.90342188,-10.1960345,83.9224,23.31947812,-14.7960345,86.1229,-13.73042188,5.2427655,48.329,19.13297812,-7.5623345,47.3057,-13.89952188,-16.4846345,13.5315,12.96047812,-2.1791345,9.36852,-18.06362188,-6.0696345,6.05389,13.05697812,9.6857655,2.40778
27.5,4.49914812,2.1883655,90.4813,4.49914812,2.1883655,90.4813,-14.18332188,16.9327655,128.034,26.23677812,16.4559655,122.353,-13.87852188,-10.2040345,83.9592,23.32527812,-14.7799345,86.1578,-13.81292188,5.3923655,48.4378,19.13537812,-7.6187345,47.3228,-13.93762188,-15.9698345,13.4114,12.95567812,-2.2906345,9.37367,-18.15082188,-5.4451345,6.12371,13.05637812,9.5611655,2.40298
28,4.46945812,2.2151655,90.5182,4.46945812,2.2151655,90.5182,-14.23352188,16.9040655,128.074,26.16567812,16.4874655,122.408,-13.85852188,-10.2127345,83.9918,23.32257812,-14.7684345,86.1916,-13.88732188,5.5439655,48.5402,19.15077812,-7.6786345,47.3415,-13.97592188,-15.4317345,13.2784,12.94397812,-2.4023345,9.37648,-18.22342188,-4.8045345,6.17797,13.05647812,9.4351655,2.3967
28.5,4.43313812,2.2411655,90.5544,4.43313812,2.2411655,90.5544,-14.28992188,16.8746655,128.111,26.08047812,16.5169655,122.467,-13.84962188,-10.2159345,84.0269,23.31577812,-14.7644345,86.2251,-13.95462188,5.6928655,48.6358,19.16677812,-7.7402345,47.3595,-14.02032188,-14.8809345,13.1357,12.92807812,-2.5142345,9.37489,-18.28802188,-4.1523345,6.21994,13.05717812,9.3066655,2.38475
29,4.39045812,2.2664655,90.5874,4.39045812,2.2664655,90.5874,-14.35942188,16.8462655,128.144,25.98207812,16.5426655,122.526,-13.84912188,-10.2205345,84.0564,23.30337812,-14.7626345,86.2568,-14.00482188,5.8431655,48.7238,19.18577812,-7.8034345,47.3779,-14.05992188,-14.3146345,12.983,12.90677812,-2.6276345,9.3721,-18.33392188,-3.4892345,6.24792,13.06257812,9.1774655,2.37397
29.5,4.34328812,2.2904655,90.6189,4.34328812,2.2904655,90.6189,-14.43102188,16.8177655,128.173,25.87667812,16.5656655,122.589,-13.86192188,-10.2219345,84.0857,23.28707812,-14.7666345,86.2878,-14.04122188,5.9865655,48.804,19.19827812,-7.8655345,47.3951,-14.10432188,-13.7426345,12.8231,12.88517812,-2.7423345,9.36539,-18.37142188,-2.8180345,6.2669,13.06577812,9.0476655,2.35842
30,4.29165812,2.3123655,90.6472,4.29165812,2.3123655,90.6472,-14.51872188,16.7867655,128.198,25.76567812,16.5813655,122.65,-13.87992188,-10.2250345,84.1102,23.26887812,-14.7705345,86.3171,-14.05752188,6.1289655,48.8765,19.20357812,-7.9276345,47.4112,-14.14072188,-13.1645345,12.6563,12.86197812,-2.8589345,9.35892,-18.39062188,-2.1414345,6.27455,13.07437812,8.9186655,2.34643
30.5,4.23943812,2.3316655,90.6731,4.23943812,2.3316655,90.6731,-14.60352188,16.7554655,128.219,25.65577812,16.5921655,122.711,-13.90702188,-10.2279345,84.1311,23.24757812,-14.7779345,86.3454,-14.06062188,6.2605655,48.9411,19.20257812,-7.9880345,47.426,-14.17802188,-12.5889345,12.4839,12.84207812,-2.9778345,9.3515,-18.40112188,-1.4637345,6.27332,13.07817812,8.7910655,2.33175
31,4.18501812,2.3478655,90.6963,4.18501812,2.3478655,90.6963,-14.70292188,16.7197655,128.235,25.54667812,16.5947655,122.771,-13.93312188,-10.2320345,84.1501,23.22597812,-14.7844345,86.3724,-14.04962188,6.3869655,48.9987,19.18877812,-8.0472345,47.4386,-14.20572188,-12.0168345,12.3066,12.82547812,-3.0974345,9.34579,-18.39712188,-0.7880345,6.26314,13.08337812,8.6659655,2.32075
31.5,4.13277812,2.3599655,90.7163,4.13277812,2.3599655,90.7163,-14.79812188,16.6826655,128.249,25.44397812,16.5901655,122.83,-13.96032188,-10.2377345,84.1635,23.20037812,-14.7929345,86.3984,-14.03132188,6.4971655,49.0475,19.17367812,-8.1059345,47.4496,-14.22952188,-11.4563345,12.1231,12.81407812,-3.2194345,9.34315,-18.38372188,-0.1216345,6.24022,13.08437812,8.5435655,2.31018
32,4.08044812,2.3685655,90.7342,4.08044812,2.3685655,90.7342,-14.90032188,16.6417655,128.258,25.34477812,16.5784655,122.887,-13.98222188,-10.2431345,84.1771,23.17277812,-14.8017345,86.423,-14.01112188,6.5978655,49.09,19.14927812,-8.1636345,47.4585,-14.24202188,-10.9080345,11.9348,12.80797812,-3.3408345,9.34332,-18.36112188,0.5330655,6.20928,13.08057812,8.4238655,2.3012
32.5,4.02996812,2.3716655,90.7488,4.02996812,2.3716655,90.7488,-15.00202188,16.5991655,128.262,25.25217812,16.5583655,122.942,-13.99982188,-10.2502345,84.1853,23.13857812,-14.8129345,86.4477,-13.99192188,6.6758655,49.1209,19.12977812,-8.2229345,47.4656,-14.24792188,-10.3803345,11.7392,12.80697812,-3.4634345,9.34929,-18.32842188,1.1659655,6.15923,13.07567812,8.3073655,2.29528
33,3.98048812,2.3711655,90.7617,3.98048812,2.3711655,90.7617,-15.10042188,16.5546655,128.265,25.16277812,16.5320655,122.997,-14.01202188,-10.2551345,84.194,23.09837812,-14.8270345,86.4703,-13.98132188,6.7401655,49.1451,19.10687812,-8.2822345,47.4716,-14.23922188,-9.8723345,11.5364,12.80987812,-3.5844345,9.35838,-18.29022188,1.7766655,6.09938,13.06267812,8.1920655,2.28882
33.5,3.92921812,2.3644655,90.7716,3.92921812,2.3644655,90.7716,-15.20492188,16.5102655,128.262,25.07497812,16.4980655,123.052,-14.02222188,-10.2611345,84.1988,23.04817812,-14.8452345,86.4944,-13.97802188,6.7755655,49.1539,19.09337812,-8.3454345,47.4766,-14.22472188,-9.3929345,11.327,12.81527812,-3.7047345,9.37285,-18.24182188,2.3519655,6.01474,13.05207812,8.0785655,2.28628
34,3.87838812,2.3534655,90.7798,3.87838812,2.3534655,90.7798,-15.29892188,16.4656655,128.259,24.98817812,16.4576655,123.108,-14.03172188,-10.2629345,84.2021,22.98767812,-14.8694345,86.5162,-13.98692188,6.7912655,49.1527,19.07877812,-8.4092345,47.4815,-14.19312188,-8.9396345,11.1067,12.82137812,-3.8234345,9.38986,-18.18792188,2.8948655,5.91412,13.03587812,7.9644655,2.28284
34.5,3.82119812,2.3369655,90.7861,3.82119812,2.3369655,90.7861,-15.40232188,16.4241655,128.253,24.89647812,16.4116655,123.165,-14.04972188,-10.2657345,84.2025,22.91567812,-14.8991345,86.5404,-14.00392188,6.7778655,49.1342,19.07057812,-8.4777345,47.4868,-14.15712188,-8.5192345,10.8833,12.82527812,-3.9400345,9.40867,-18.12402188,3.3930655,5.78895,13.02377812,7.8494655,2.28174
35,3.76197812,2.3151655,90.7902,3.76197812,2.3151655,90.7902,-15.49492188,16.3836655,128.247,24.80287812,16.3586655,123.225,-14.07572188,-10.2636345,84.1984,22.83097812,-14.9371345,86.5634,-14.02752188,6.7377655,49.1001,19.05597812,-8.5468345,47.4929,-14.10502188,-8.1304345,10.6477,12.82747812,-4.0552345,9.42847,-18.05142188,3.8492655,5.63924,13.01227812,7.7329655,2.28128
35.5,3.69373812,2.2884655,90.7934,3.69373812,2.2884655,90.7934,-15.59632188,16.3492655,128.24,24.70027812,16.3010655,123.287,-14.12112188,-10.2635345,84.1915,22.73657812,-14.9812345,86.589,-14.05482188,6.6713655,49.0499,19.04157812,-8.6201345,47.5014,-14.05042188,-7.7752345,10.4135,12.82377812,-4.1685345,9.44573,-17.96982188,4.2575655,5.46892,13.00487812,7.6129655,2.28101
36,3.62015812,2.2558655,90.7945,3.62015812,2.2558655,90.7945,-15.69232188,16.3157655,128.234,24.59387812,16.2364655,123.352,-14.18482188,-10.2595345,84.1773,22.63057812,-15.0342345,86.6157,-14.07722188,6.5739655,48.9793,19.00717812,-8.6926345,47.5111,-13.98372188,-7.4555345,10.1711,12.81777812,-4.2811345,9.46197,-17.87532188,4.6164655,5.26831,13.00317812,7.4918655,2.28296
36.5,3.53760812,2.2189655,90.7953,3.53760812,2.2189655,90.7953,-15.79522188,16.2901655,128.228,24.47827812,16.1669655,123.419,-14.27292188,-10.2593345,84.161,22.51777812,-15.0925345,86.6447,-14.09672188,6.4540655,48.8967,18.96807812,-8.7685345,47.5243,-13.91752188,-7.1677345,9.93561,12.80517812,-4.3931345,9.47269,-17.77362188,4.9288655,5.05299,13.00387812,7.3665655,2.28439
37,3.44756812,2.1762655,90.7947,3.44756812,2.1762655,90.7947,-15.90022188,16.2654655,128.225,24.35927812,16.0916655,123.488,-14.38622188,-10.2578345,84.1367,22.39877812,-15.1584345,86.6769,-14.10242188,6.3049655,48.7944,18.89767812,-8.8417345,47.5397,-13.84472188,-6.9164345,9.70095,12.79157812,-4.5055345,9.48109,-17.65832188,5.1889655,4.80975,13.01027812,7.2415655,2.28758
37.5,3.35019812,2.1293655,90.7946,3.35019812,2.1293655,90.7946,-16.01222188,16.2474655,128.221,24.23427812,16.0115655,123.557,-14.52012188,-10.2624345,84.1129,22.27517812,-15.2282345,86.7114,-14.10072188,6.1379655,48.6873,18.81937812,-8.9179345,47.5586,-13.77472188,-6.6941345,9.4794,12.77367812,-4.6186345,9.48363,-17.53832188,5.4067655,4.55905,13.01647812,7.1134655,2.29113
38,3.24631812,2.0777655,90.7942,3.24631812,2.0777655,90.7942,-16.12982188,16.2313655,128.219,24.10837812,15.9269655,123.627,-14.67812188,-10.2682345,84.0837,22.15177812,-15.3029345,86.75,-14.08492188,5.9478655,48.5671,18.70957812,-8.9900345,47.5805,-13.70432188,-6.5078345,9.26886,12.75697812,-4.7339345,9.4844,-17.40952188,5.5739655,4.29053,13.02357812,6.9867655,2.29469
38.5,3.13705812,2.0222655,90.7954,3.13705812,2.0222655,90.7954,-16.25732188,16.2188655,128.217,23.98137812,15.8396655,123.694,-14.84682188,-10.2819345,84.0597,22.02427812,-15.3800345,86.7909,-14.06412188,5.7464655,48.4521,18.59107812,-9.0649345,47.6052,-13.63752188,-6.3474345,9.07807,12.73937812,-4.8504345,9.48147,-17.28042188,5.7036655,4.02434,13.02687812,6.8595655,2.29921
39,3.02412812,1.9633655,90.7976,3.02412812,1.9633655,90.7976,-16.38932188,16.2091655,128.215,23.85627812,15.7490655,123.759,-15.03132188,-10.2983345,84.0355,21.89977812,-15.4593345,86.8356,-14.03602188,5.5295655,48.3339,18.45377812,-9.1360345,47.6333,-13.57502188,-6.2207345,8.90477,12.72447812,-4.9703345,9.47888,-17.15152188,5.7889655,3.7547,13.02597812,6.7337655,2.30269
39.5,2.90795812,1.9014655,90.8026,2.90795812,1.9014655,90.8026,-16.53162188,16.1999655,128.211,23.73437812,15.6591655,123.818,-15.21452188,-10.3231345,84.022,21.77067812,-15.5400345,86.8825,-14.01342188,5.3086655,48.231,18.30857812,-9.2089345,47.6639,-13.51552188,-6.1189345,8.75632,12.71077812,-5.0917345,9.47648,-17.02882188,5.8408655,3.49926,13.01797812,6.6092655,2.30614
40,2.79051812,1.8372655,90.8102,2.79051812,1.8372655,90.8102,-16.67812188,16.1930655,128.207,23.61627812,15.5676655,123.876,-15.40342188,-10.3516345,84.0151,21.64297812,-15.6204345,86.9318,-13.99362188,5.0804655,48.1355,18.16527812,-9.2813345,47.6976,-13.46332188,-6.0454345,8.62732,12.69867812,-5.2164345,9.47627,-16.91702188,5.8589655,3.2557,13.00397812,6.4847655,2.30906
40.5,2.67209812,1.7712655,90.8218,2.67209812,1.7712655,90.8218,-16.82892188,16.1850655,128.203,23.50427812,15.4800655,123.925,-15.58222188,-10.3875345,84.0231,21.50847812,-15.7020345,86.9832,-13.99222188,4.8550655,48.0622,18.01677812,-9.3542345,47.7342,-13.41312188,-5.9982345,8.52486,12.68737812,-5.3426345,9.48037,-16.81992188,5.8468655,3.03947,12.98137812,6.3612655,2.30996
41,2.55321812,1.7034655,90.8374,2.55321812,1.7034655,90.8374,-16.98312188,16.1773655,128.199,23.39437812,15.3927655,123.971,-15.75842188,-10.4281345,84.0425,21.37227812,-15.7817345,87.0359,-14.00362188,4.6280655,48.0032,17.88427812,-9.4298345,47.7737,-13.37082188,-5.9737345,8.43859,12.67387812,-5.4707345,9.48733,-16.74012188,5.8128655,2.84509,12.95487812,6.2356655,2.3113
41.5,2.43502812,1.6345655,90.8576,2.43502812,1.6345655,90.8576,-17.13302188,16.1685655,128.195,23.29147812,15.3105655,124.011,-15.92392188,-10.4747345,84.0776,21.22737812,-15.8627345,87.0899,-14.03992188,4.4082655,47.9668,17.75367812,-9.5057345,47.8165,-13.33022188,-5.9757345,8.3756,12.65777812,-5.6005345,9.50086,-16.68242188,5.7537655,2.68794,12.92327812,6.1081655,2.31037
42,2.31600812,1.5641655,90.8827,2.31600812,1.5641655,90.8827,-17.28372188,16.1579655,128.196,23.18617812,15.2297655,124.05,-16.08332188,-10.5270345,84.1246,21.07887812,-15.9405345,87.1446,-14.09392188,4.1884655,47.9453,17.64167812,-9.5859345,47.8629,-13.29702188,-5.9947345,8.32226,12.63437812,-5.7303345,9.51699,-16.64302188,5.6828655,2.55416,12.89107812,5.9763655,2.31011
42.5,2.19758812,1.4924655,90.9127,2.19758812,1.4924655,90.9127,-17.42402188,16.1449655,128.2,23.08507812,15.1538655,124.084,-16.23722188,-10.5851345,84.1856,20.92167812,-16.0195345,87.2005,-14.17182188,3.9769655,47.9419,17.53497812,-9.6669345,47.9129,-13.26732188,-6.0398345,8.28641,12.60397812,-5.8618345,9.53903,-16.62772188,5.5941655,2.46254,12.85957812,5.8396655,2.30928
43,2.07762812,1.4194655,90.9476,2.07762812,1.4194655,90.9476,-17.56142188,16.1303655,128.21,22.97737812,15.0785655,124.121,-16.38682188,-10.6485345,84.2542,20.76007812,-16.0953345,87.2566,-14.26392188,3.7648655,47.948,17.44187812,-9.7524345,47.9674,-13.24392188,-6.0961345,8.25391,12.56277812,-5.9925345,9.56334,-16.62742188,5.5002655,2.38903,12.83017812,5.6970655,2.30877
43.5,1.95659812,1.3441655,90.9876,1.95659812,1.3441655,90.9876,-17.68772188,16.1103655,128.228,22.86777812,15.0068655,124.158,-16.53872188,-10.7190345,84.3324,20.59277812,-16.1714345,87.3147,-14.37192188,3.5577655,47.9641,17.35057812,-9.8391345,48.0256,-13.22732188,-6.1753345,8.23145,12.51117812,-6.1243345,9.59068,-16.64612188,5.3977655,2.35326,12.80567812,5.5481655,2.3103
44,1.83321812,1.2676655,91.0315,1.83321812,1.2676655,91.0315,-17.80952188,16.0893655,128.253,22.74857812,14.9346655,124.2,-16.69092188,-10.7934345,84.4129,20.42237812,-16.2444345,87.3724,-14.48672188,3.3484655,47.9829,17.26567812,-9.9289345,48.0879,-13.21652188,-6.2610345,8.20897,12.44757812,-6.2561345,9.61988,-16.67412188,5.2934655,2.32829,12.78317812,5.3932655,2.31169
44.5,1.70635812,1.1878655,91.0803,1.70635812,1.1878655,91.0803,-17.92612188,16.0605655,128.288,22.62177812,14.8639655,124.246,-16.85082188,-10.8757345,84.497,20.25057812,-16.3166345,87.433,-14.60672188,3.1382655,48.0029,17.17637812,-10.0202345,48.1545,-13.21462188,-6.3630345,8.18966,12.37257812,-6.3888345,9.64884,-16.71092188,5.1884655,2.32717,12.76547812,5.2324655,2.3167
45,1.57591812,1.1071655,91.1315,1.57591812,1.1071655,91.1315,-18.04242188,16.0296655,128.329,22.48427812,14.7926655,124.3,-17.01422188,-10.9599345,84.579,20.07787812,-16.3857345,87.493,-14.72632188,2.9256655,48.021,17.08667812,-10.1131345,48.2234,-13.21862188,-6.4676345,8.17024,12.28597812,-6.5227345,9.67849,-16.75022188,5.0830655,2.33044,12.74687812,5.0672655,2.32138
45.5,1.44046812,1.0231655,91.1868,1.44046812,1.0231655,91.1868,-18.16082188,15.9915655,128.38,22.33597812,14.7211655,124.361,-17.18732188,-11.0505345,84.6601,19.90807812,-16.4532345,87.5557,-14.84442188,2.7057655,48.0348,16.98887812,-10.2065345,48.2962,-13.23192188,-6.5812345,8.15007,12.18987812,-6.6584345,9.70683,-16.78852188,4.9812655,2.34081,12.72927812,4.8979655,2.32967
46,1.29991812,0.9386655,91.2432,1.29991812,0.9386655,91.2432,-18.28822188,15.9485655,128.434,22.17807812,14.6496655,124.429,-17.36302188,-11.1400345,84.7365,19.73797812,-16.5181345,87.6181,-14.95822188,2.4851655,48.0458,16.88527812,-10.3003345,48.3689,-13.25072188,-6.6943345,8.13123,12.08347812,-6.7960345,9.73419,-16.82332188,4.8794655,2.35054,12.70647812,4.7265655,2.33762
46.5,1.15410212,0.8521655,91.3022,1.15410212,0.8521655,91.3022,-18.42512188,15.9007655,128.495,22.01047812,14.5778655,124.505,-17.54602188,-11.2321345,84.8103,19.57327812,-16.5807345,87.6817,-15.07052188,2.2556655,48.0529,16.77467812,-10.3939345,48.4433,-13.27642188,-6.8098345,8.11195,11.97007812,-6.9368345,9.76066,-16.85132188,4.7814655,2.35592,12.68047812,4.5530655,2.34763
47,1.00235112,0.7655655,91.3612,1.00235112,0.7655655,91.3612,-18.57952188,15.8457655,128.555,21.83687812,14.5070655,124.586,-17.72792188,-11.3193345,84.879,19.40687812,-16.6422345,87.7455,-15.17832188,2.0282655,48.0594,16.65457812,-10.4867345,48.5155,-13.30642188,-6.9231345,8.09542,11.84827812,-7.0797345,9.78519,-16.87222188,4.6833655,2.35756,12.64607812,4.3795655,2.35732
47.5,0.84623712,0.6789655,91.4207,0.84623712,0.6789655,91.4207,-18.74872188,15.7884655,128.617,21.65697812,14.4369655,124.672,-17.91082188,-11.4045345,84.9448,19.24677812,-16.7010345,87.8086,-15.29022188,1.7960655,48.0662,16.53137812,-10.5795345,48.5861,-13.33822188,-7.0346345,8.08054,11.72157812,-7.2264345,9.80974,-16.88572188,4.5868655,2.35149,12.60717812,4.2053655,2.36701
48,0.68525512,0.5931655,91.4797,0.68525512,0.5931655,91.4797,-18.93672188,15.7238655,128.674,21.47737812,14.3681655,124.762,-18.08922188,-11.4804345,85.0064,19.08157812,-16.7612345,87.8722,-15.39862188,1.5704655,48.0754,16.39657812,-10.6702345,48.6531,-13.37252188,-7.1434345,8.0695,11.58857812,-7.3744345,9.83286,-16.89162188,4.4898655,2.34158,12.56057812,4.0324655,2.37632
48.5,0.52152612,0.5091655,91.537,0.52152612,0.5091655,91.537,-19.14142188,15.6586655,128.729,21.29497812,14.3008655,124.851,-18.26092188,-11.5503345,85.0645,18.92237812,-16.8192345,87.9342,-15.51762188,1.3474655,48.0895,16.26257812,-10.7616345,48.7165,-13.40302188,-7.2488345,8.06127,11.45287812,-7.5256345,9.8567,-16.89402188,4.3924655,2.32694,12.51167812,3.8593655,2.38418
49,0.35641942,0.4267655,91.5936,0.35641942,0.4267655,91.5936,-19.35592188,15.5890655,128.779,21.12027812,14.2336655,124.942,-18.42682188,-11.6075345,85.1193,18.75577812,-16.8814345,87.9968,-15.63232188,1.1363655,48.1073,16.11637812,-10.8498345,48.775,-13.43372188,-7.3525345,8.05731,11.31357812,-7.6769345,9.88119,-16.89012188,4.2941655,2.31112,12.46017812,3.6879655,2.39167
49.5,0.19051802,0.3469655,91.6468,0.19051802,0.3469655,91.6468,-19.58412188,15.5196655,128.824,20.94437812,14.1677655,125.028,-18.58072188,-11.6564345,85.169,18.59337812,-16.9421345,88.0578,-15.75932188,0.9348655,48.1309,15.97387812,-10.9396345,48.8304,-13.45782188,-7.4528345,8.05539,11.17497812,-7.8291345,9.90677,-16.88842188,4.1948655,2.29588,12.40977812,3.5170655,2.39744
50,0.02832212,0.2696655,91.6993,0.02832212,0.2696655,91.6993,-19.80662188,15.4506655,128.865,20.78127812,14.0992655,125.117,-18.72982188,-11.6918345,85.2147,18.42507812,-17.0092345,88.1199,-15.87912188,0.7504655,48.1565,15.82057812,-11.0251345,48.8803,-13.47912188,-7.5527345,8.05699,11.03737812,-7.9799345,9.93613,-16.88222188,4.0950655,2.28306,12.36497812,3.3480655,2.4033
50.5,-0.13219288,0.1948655,91.7483,-0.13219288,0.1948655,91.7483,-20.03372188,15.3822655,128.9,20.61827812,14.0298655,125.198,-18.86642188,-11.7178345,85.2538,18.25797812,-17.0764345,88.1818,-16.00442188,0.5799655,48.1844,15.67257812,-11.1121345,48.9298,-13.49472188,-7.6503345,8.05905,10.90467812,-8.1284345,9.96713,-16.88232188,3.9950655,2.27467,12.32327812,3.1803655,2.40791
51,-0.28487988,0.1224655,91.7965,-0.28487988,0.1224655,91.7965,-20.24232188,15.3191655,128.934,20.46627812,13.9549655,125.282,-19.00012188,-11.7333345,85.2868,18.09067812,-17.1493345,88.2456,-16.12042188,0.4268655,48.2095,15.52107812,-11.1949345,48.9758,-13.50592188,-7.7480345,8.0619,10.78097812,-8.2744345,10.0045,-16.88012188,3.8958655,2.27035,12.29357812,3.0159655,2.41397
51.5,-0.43278588,0.0520655,91.8425,-0.43278588,0.0520655,91.8425,-20.44182188,15.2574655,128.965,20.31637812,13.8759655,125.362,-19.12592188,-11.7402345,85.3128,17.92137812,-17.2246345,88.3108,-16.22862188,0.2897655,48.2306,15.37607812,-11.2780345,49.0237,-13.51372188,-7.8445345,8.06388,10.66667812,-8.4155345,10.0452,-16.88312188,3.7978655,2.2706,12.26657812,2.8539655,2.41936
52,-0.57216088,-0.0162345,91.8881,-0.57216088,-0.0162345,91.8881,-20.62032188,15.2036655,128.997,20.17047812,13.7901655,125.445,-19.25072188,-11.7410345,85.332,17.75827812,-17.3022345,88.3788,-16.32762188,0.1647655,48.2451,15.23757812,-11.3575345,49.0719,-13.51782188,-7.9405345,8.06435,10.56857812,-8.5535345,10.093,-16.88622188,3.7017655,2.274,12.25237812,2.6966655,2.42774
52.5,-0.70455488,-0.0834345,91.9337,-0.70455488,-0.0834345,91.9337,-20.77952188,15.1525655,129.029,20.02657812,13.6975655,125.53,-19.37382188,-11.7355345,85.3453,17.59197812,-17.3829345,88.4497,-16.40952188,0.0539655,48.2504,15.11107812,-11.4355345,49.1246,-13.52052188,-8.0355345,8.06239,10.48607812,-8.6860345,10.1457,-16.89022188,3.6085655,2.2784,12.23917812,2.5431655,2.43602
53,-0.83037188,-0.1487345,91.9797,-0.83037188,-0.1487345,91.9797,-20.92352188,15.1093655,129.062,19.88077812,13.5989655,125.619,-19.49802188,-11.7277345,85.3539,17.43527812,-17.4624345,88.5235,-16.48292188,-0.0512345,48.2477,14.99787812,-11.5100345,49.1801,-13.52142188,-8.1291345,8.05858,10.42227812,-8.8154345,10.2043,-16.89562188,3.5169655,2.28404,12.23497812,2.3944655,2.44798
53.5,-0.94951188,-0.2134345,92.0277,-0.94951188,-0.2134345,92.0277,-21.04742188,15.0701655,129.097,19.73397812,13.4929655,125.716,-19.62492188,-11.7167345,85.3592,17.27587812,-17.5431345,88.6012,-16.53992188,-0.1477345,48.2355,14.90587812,-11.5820345,49.2429,-13.52222188,-8.2212345,8.05134,10.37917812,-8.9406345,10.268,-16.89792188,3.4288655,2.28561,12.23027812,2.2504655,2.4605
54,-1.06551188,-0.2766345,92.077,-1.06551188,-0.2766345,92.077,-21.16702188,15.0363655,129.132,19.58267812,13.3831655,125.818,-19.75452188,-11.7063345,85.3639,17.12617812,-17.6202345,88.6811,-16.59042188,-0.2438345,48.2172,14.82777812,-11.6500345,49.3088,-13.52252188,-8.3117345,8.04321,10.35237812,-9.0636345,10.3349,-16.90132188,3.3414655,2.28674,12.22927812,2.1095655,2.4761
54.5,-1.17769188,-0.3391345,92.1299,-1.17769188,-0.3391345,92.1299,-21.27512188,15.0071655,129.17,19.42687812,13.2682655,125.929,-19.88842188,-11.6954345,85.3691,16.97517812,-17.6949345,88.7649,-16.63442188,-0.3384345,48.1944,14.77817812,-11.7153345,49.3843,-13.52322188,-8.4001345,8.03227,10.34697812,-9.1847345,10.405,-16.90062188,3.2561655,2.28084,12.22867812,1.9725655,2.49303
55,-1.29033188,-0.4008345,92.1841,-1.29033188,-0.4008345,92.1841,-21.39012188,14.9799655,129.205,19.26687812,13.1519655,126.045,-20.02512188,-11.6873345,85.3773,16.83147812,-17.7651345,88.8496,-16.67602188,-0.4352345,48.1693,14.73677812,-11.7759345,49.4611,-13.52362188,-8.4873345,8.02137,10.35257812,-9.3049345,10.4753,-16.89972188,3.1707655,2.27371,12.22807812,1.8361655,2.51144
55.5,-1.40298188,-0.4612345,92.2426,-1.40298188,-0.4612345,92.2426,-21.50682188,14.9568655,129.243,19.10117812,13.0342655,126.17,-20.16542188,-11.6803345,85.3896,16.68787812,-17.8294345,88.9373,-16.72362188,-0.5363345,48.1473,14.72327812,-11.8340345,49.548,-13.52482188,-8.5731345,8.01012,10.37457812,-9.4255345,10.545,-16.89712188,3.0850655,2.26093,12.23227812,1.7010655,2.53203
56,-1.51898188,-0.5217345,92.3019,-1.51898188,-0.5217345,92.3019,-21.63782188,14.9327655,129.278,18.93237812,12.9170655,126.297,-20.30712188,-11.6776345,85.4062,16.54817812,-17.8896345,89.0248,-16.77462188,-0.6406345,48.127,14.70947812,-11.8870345,49.6347,-13.52592188,-8.6586345,7.99895,10.40347812,-9.5459345,10.6128,-16.89362188,2.9986655,2.24729,12.23587812,1.5649655,2.55249
56.5,-1.63737188,-0.5808345,92.3645,-1.63737188,-0.5808345,92.3645,-21.78092188,14.9111655,129.313,18.76047812,12.8015655,126.429,-20.44942188,-11.6773345,85.4282,16.41137812,-17.9428345,89.1139,-16.83842188,-0.7517345,48.1152,14.71147812,-11.9375345,49.7286,-13.52782188,-8.7446345,7.99086,10.43877812,-9.6679345,10.6761,-16.89162188,2.9098655,2.23269,12.25057812,1.4267655,2.57555
57,-1.76073188,-0.6404345,92.4276,-1.76073188,-0.6404345,92.4276,-21.94042188,14.8867655,129.346,18.58627812,12.6871655,126.562,-20.59182188,-11.6814345,85.4532,16.27497812,-17.9924345,89.2025,-16.91092188,-0.8660345,48.1075,14.70627812,-11.9830345,49.8225,-13.53052188,-8.8315345,7.98254,10.47927812,-9.7895345,10.7363,-16.88992188,2.8199655,2.21913,12.26587812,1.2881655,2.59785
57.5,-1.88615188,-0.6992345,92.4917,-1.88615188,-0.6992345,92.4917,-22.11332188,14.8632655,129.379,18.41287812,12.5757655,126.695,-20.73062188,-11.6890345,85.4815,16.14377812,-18.0367345,89.2908,-16.99492188,-0.9870345,48.1083,14.69977812,-12.0247345,49.9181,-13.53462188,-8.9211345,7.97914,10.51877812,-9.9119345,10.7912,-16.89092188,2.7278655,2.20855,12.29737812,1.1462655,2.62266
58,-2.01591188,-0.7587345,92.556,-2.01591188,-0.7587345,92.556,-22.29912188,14.8366655,129.413,18.23797812,12.4648655,126.825,-20.86742188,-11.7004345,85.5102,16.01197812,-18.0781345,89.3794,-17.08872188,-1.1113345,48.1131,14.68217812,-12.0623345,50.015,-13.54142188,-9.0127345,7.97614,10.56157812,-10.0328345,10.8429,-16.89382188,2.6342655,2.20148,12.33077812,1.0058655,2.64738
58.5,-2.14644188,-0.8179345,92.6194,-2.14644188,-0.8179345,92.6194,-22.49352188,14.8093655,129.447,18.06667812,12.3566655,126.952,-20.99982188,-11.7151345,85.5381,15.88507812,-18.1163345,89.4665,-17.18762188,-1.2413345,48.1218,14.65147812,-12.0941345,50.1085,-13.55012188,-9.1079345,7.97694,10.60357812,-10.1524345,10.8924,-16.89942188,2.5397655,2.19897,12.38047812,0.8652655,2.67408
59,-2.27799188,-0.8779345,92.6826,-2.27799188,-0.8779345,92.6826,-22.69122188,14.7798655,129.484,17.89517812,12.2474655,127.074,-21.12752188,-11.7327345,85.5636,15.75857812,-18.1529345,89.5543,-17.29092188,-1.3745345,48.1311,14.61077812,-12.1222345,50.204,-13.56302188,-9.2061345,7.97938,10.64677812,-10.2690345,10.9397,-16.90642188,2.4438655,2.20035,12.43247812,0.7288655,2.70197
59.5,-2.40902188,-0.9375345,92.7445,-2.40902188,-0.9375345,92.7445,-22.89052188,14.7483655,129.525,17.72797812,12.1403655,127.193,-21.25252188,-11.7519345,85.5859,15.63527812,-18.1872345,89.6406,-17.39442188,-1.5130345,48.1398,14.55397812,-12.1434345,50.2933,-13.57862188,-9.3075345,7.98318,10.69357812,-10.3810345,10.9894,-16.91582188,2.3485655,2.20617,12.49577812,0.5971655,2.7319
60,-2.53672188,-0.9976345,92.8058,-2.53672188,-0.9976345,92.8058,-23.08312188,14.7164655,129.569,17.56247812,12.0313655,127.308,-21.37102188,-11.7728345,85.6046,15.51347812,-18.2208345,89.727,-17.49332188,-1.6545345,48.1449,14.49507812,-12.1605345,50.3834,-13.59682188,-9.4116345,7.98889,10.73997812,-10.4895345,11.0396,-16.92332188,2.2519655,2.21288,12.56187812,0.4721655,2.76365
60.5,-2.66306188,-1.0570345,92.867,-2.66306188,-1.0570345,92.867,-23.27002188,14.6809655,129.621,17.39977812,11.9245655,127.421,-21.48952188,-11.7924345,85.6203,15.39217812,-18.2522345,89.8132,-17.59032188,-1.8000345,48.1472,14.42467812,-12.1712345,50.4671,-13.61782188,-9.5176345,7.99367,10.79417812,-10.5898345,11.0953,-16.93242188,2.1566655,2.22303,12.63177812,0.3568655,2.79854
61,-2.78289188,-1.1159345,92.9274,-2.78289188,-1.1159345,92.9274,-23.44502188,14.6466655,129.675,17.24127812,11.8164655,127.532,-21.60152188,-11.8123345,85.6336,15.27397812,-18.2818345,89.8978,-17.67742188,-1.9493345,48.1442,14.36277812,-12.1765345,50.5488,-13.63822188,-9.6254345,7.99948,10.84697812,-10.6863345,11.1548,-16.93592188,2.0597655,2.22956,12.70627812,0.2488655,2.83506
61.5,-2.90063188,-1.1737345,92.9889,-2.90063188,-1.1737345,92.9889,-23.60892188,14.6076655,129.737,17.08357812,11.7107655,127.642,-21.71502188,-11.8287345,85.6468,15.15327812,-18.3099345,89.983,-17.76162188,-2.0996345,48.1389,14.29747812,-12.1773345,50.626,-13.65922188,-9.7337345,8.00295,10.90767812,-10.7730345,11.2199,-16.93872188,1.9634655,2.23741,12.77867812,0.1527655,2.87558
62,-3.01105188,-1.2296345,93.0504,-3.01105188,-1.2296345,93.0504,-23.76082188,14.5699655,129.801,16.93237812,11.6060655,127.753,-21.82432188,-11.8435345,85.6607,15.03677812,-18.3332345,90.0653,-17.83722188,-2.2530345,48.1309,14.24817812,-12.1720345,50.699,-13.67632188,-9.8426345,8.00631,10.96567812,-10.8554345,11.2902,-16.93552188,1.8646655,2.23937,12.85917812,0.0623655,2.91734
62.5,-3.11891188,-1.2843345,93.1133,-3.11891188,-1.2843345,93.1133,-23.90032188,14.5270655,129.87,16.78087812,11.5041655,127.864,-21.93422188,-11.8542345,85.6771,14.91587812,-18.3558345,90.1473,-17.90992188,-2.4041345,48.1229,14.20307812,-12.1639345,50.7694,-13.69032188,-9.9509345,8.0063,11.02807812,-10.9276345,11.364,-16.92892188,1.7651655,2.24009,12.93897812,-0.0167345,2.96359
63,-3.21977188,-1.3362345,93.1767,-3.21977188,-1.3362345,93.1767,-24.02952188,14.4844655,129.941,16.63737812,11.4055655,127.976,-22.04172188,-11.8623345,85.6974,14.80137812,-18.3722345,90.2261,-17.97902188,-2.5545345,48.1168,14.17287812,-12.1510345,50.8354,-13.69862188,-10.0597345,8.00588,11.08737812,-10.9938345,11.4414,-16.91872188,1.6618655,2.23606,13.03097812,-0.0927345,3.0108
63.5,-3.31831188,-1.3871345,93.241,-3.31831188,-1.3871345,93.241,-24.15032188,14.4365655,130.012,16.49387812,11.3098655,128.091,-22.14762188,-11.8672345,85.7208,14.68237812,-18.3882345,90.303,-18.04572188,-2.6999345,48.1135,14.15017812,-12.1359345,50.9004,-13.70032188,-10.1671345,8.00173,11.14617812,-11.0499345,11.5193,-16.90452188,1.5566655,2.22955,13.13017812,-0.1594345,3.06247
64,-3.41011188,-1.4352345,93.3055,-3.41011188,-1.4352345,93.3055,-24.25982188,14.3873655,130.084,16.35747812,11.2183655,128.204,-22.25052188,-11.8701345,85.7483,14.57147812,-18.3994345,90.3763,-18.11252188,-2.8388345,48.1147,14.13627812,-12.1179345,50.9627,-13.69782188,-10.2752345,7.99754,11.20467812,-11.0969345,11.5983,-16.89032188,1.4471655,2.221,13.24477812,-0.2236345,3.11539
64.5,-3.50009188,-1.4824345,93.3698,-3.50009188,-1.4824345,93.3698,-24.36802188,14.3336655,130.153,16.22197812,11.1289655,128.32,-22.34892188,-11.8716345,85.7773,14.45897812,-18.4103345,90.4467,-18.17742188,-2.9709345,48.1202,14.12707812,-12.0972345,51.0257,-13.68762188,-10.3823345,7.99052,11.26097812,-11.1327345,11.6748,-16.87452188,1.3348655,2.21125,13.37557812,-0.2793345,3.17218
65,-3.58341188,-1.5279345,93.433,-3.58341188,-1.5279345,93.433,-24.46312188,14.2770655,130.222,16.09087812,11.0427655,128.433,-22.44182188,-11.8730345,85.807,14.35467812,-18.4198345,90.5132,-18.24172188,-3.0916345,48.129,14.12077812,-12.0743345,51.0887,-13.67712188,-10.4903345,7.98397,11.32207812,-11.1554345,11.7504,-16.86162188,1.2197655,2.20181,13.52237812,-0.3285345,3.23129
65.5,-3.66437188,-1.5727345,93.4949,-3.66437188,-1.5727345,93.4949,-24.56102188,14.2172655,130.286,15.96157812,10.9568655,128.546,-22.52692188,-11.8748345,85.835,14.25387812,-18.4298345,90.5767,-18.30272188,-3.2039345,48.1408,14.11477812,-12.0472345,51.1547,-13.66182188,-10.5985345,7.97692,11.38557812,-11.1629345,11.8225,-16.85192188,1.1017655,2.19408,13.68927812,-0.3661345,3.2932
66,-3.74004188,-1.6168345,93.5543,-3.74004188,-1.6168345,93.5543,-24.64832188,14.1537655,130.349,15.83367812,10.8718655,128.655,-22.60472188,-11.8783345,85.8586,14.15857812,-18.4411345,90.6362,-18.35992188,-3.3043345,48.1527,14.10747812,-12.0166345,51.2223,-13.65012188,-10.7074345,7.97034,11.45997812,-11.1547345,11.893,-16.84592188,0.9832655,2.18774,13.86977812,-0.3903345,3.35918
66.5,-3.81134188,-1.6602345,93.6113,-3.81134188,-1.6602345,93.6113,-24.73732188,14.0885655,130.407,15.70737812,10.7847655,128.761,-22.67172188,-11.8828345,85.8767,14.07227812,-18.4543345,90.6934,-18.40952188,-3.3947345,48.1634,14.10047812,-11.9787345,51.2952,-13.63962188,-10.8178345,7.96614,11.54697812,-11.1248345,11.9617,-16.84782188,0.8625655,2.18548,14.06527812,-0.3943345,3.42698
67,-3.87925188,-1.7035345,93.6652,-3.87925188,-1.7035345,93.6652,-24.82202188,14.0195655,130.464,15.58147812,10.6967655,128.864,-22.73102188,-11.8900345,85.887,13.98827812,-18.4696345,90.7466,-18.45302188,-3.4758345,48.1711,14.09247812,-11.9352345,51.3698,-13.63502188,-10.9288345,7.96237,11.64927812,-11.0773345,12.0282,-16.85282188,0.7438655,2.18495,14.26987812,-0.3773345,3.50002
67.5,-3.94094188,-1.7456345,93.7162,-3.94094188,-1.7456345,93.7162,-24.90472188,13.9501655,130.518,15.45647812,10.6045655,128.963,-22.77912188,-11.8974345,85.8897,13.91507812,-18.4872345,90.7984,-18.48362188,-3.5472345,48.1736,14.08977812,-11.8799345,51.4501,-13.63682188,-11.0420345,7.96268,11.77387812,-11.0029345,12.0971,-16.86712188,0.6243655,2.18845,14.47877812,-0.3306345,3.57507
68,-4.00058188,-1.7875345,93.7641,-4.00058188,-1.7875345,93.7641,-24.99042188,13.8774655,130.57,15.33287812,10.5102655,129.059,-22.82052188,-11.9068345,85.8842,13.84197812,-18.5060345,90.8469,-18.50682188,-3.6129345,48.1713,14.09207812,-11.8170345,51.5308,-13.64512188,-11.1560345,7.96373,11.91617812,-10.9090345,12.1636,-16.88302188,0.5081655,2.19348,14.68957812,-0.2564345,3.65501
68.5,-4.05407188,-1.8273345,93.8095,-4.05407188,-1.8273345,93.8095,-25.07262188,13.8047655,130.621,15.21037812,10.4114655,129.151,-22.85322188,-11.9148345,85.8722,13.77827812,-18.5253345,90.8941,-18.51702188,-3.6701345,48.1634,14.10337812,-11.7387345,51.615,-13.66052188,-11.2722345,7.96843,12.08227812,-10.7879345,12.2347,-16.90532188,0.3921655,2.20083,14.89757812,-0.1477345,3.7381
69,-4.10612188,-1.8662345,93.8526,-4.10612188,-1.8662345,93.8526,-25.16182188,13.7291655,130.671,15.09077812,10.3105655,129.24,-22.88262188,-11.9230345,85.8551,13.71337812,-18.5439345,90.9392,-18.51922188,-3.7246345,48.1505,14.12927812,-11.6512345,51.697,-13.68022188,-11.3892345,7.97404,12.26557812,-10.6456345,12.3045,-16.92662188,0.2797655,2.20856,15.09947812,-0.0083345,3.82412
69.5,-4.15262188,-1.9024345,93.8935,-4.15262188,-1.9024345,93.8935,-25.24922188,13.6535655,130.718,14.97577812,10.2055655,129.327,-22.90532188,-11.9284345,85.8344,13.65667812,-18.5601345,90.9823,-18.51202188,-3.7717345,48.135,14.16317812,-11.5470345,51.7789,-13.70402188,-11.5085345,7.98194,12.46497812,-10.4795345,12.3772,-16.94992188,0.1672655,2.21724,15.29877812,0.1639655,3.91455
70,-4.19813188,-1.9367345,93.9334,-4.19813188,-1.9367345,93.9334,-25.34302188,13.5750655,130.764,14.86357812,10.0999655,129.413,-22.93022188,-11.9321345,85.8136,13.59827812,-18.5736345,91.0243,-18.49832188,-3.8163345,48.1159,14.21897812,-11.4333345,51.856,-13.72702188,-11.6280345,7.99007,12.67697812,-10.2923345,12.45,-16.96882188,0.0572655,2.22434,15.48697812,0.3650655,4.00476
70.5,-4.23823188,-1.9681345,93.9708,-4.23823188,-1.9681345,93.9708,-25.43692188,13.4968655,130.806,14.76197812,9.9906655,129.495,-22.94882188,-11.9331345,85.7924,13.54787812,-18.5824345,91.063,-18.48052188,-3.8540345,48.0979,14.27817812,-11.3045345,51.9291,-13.74972188,-11.7494345,7.99935,12.89287812,-10.0867345,12.5216,-16.98542188,-0.0532345,2.23188,15.67907812,0.5924655,4.10007
71,-4.27763188,-1.9969345,94.008,-4.27763188,-1.9969345,94.008,-25.53292188,13.4155655,130.847,14.66147812,9.8826655,129.579,-22.97462188,-11.9316345,85.7745,13.49777812,-18.5868345,91.1011,-18.45942188,-3.8870345,48.0786,14.35807812,-11.1672345,51.9964,-13.76522188,-11.8706345,8.00738,13.11217812,-9.8629345,12.5936,-16.99502188,-0.1636345,2.23613,15.86157812,0.8415655,4.19212
71.5,-4.31090188,-2.0232345,94.0421,-4.31090188,-2.0232345,94.0421,-25.62782188,13.3352655,130.882,14.57647812,9.7712655,129.659,-22.99442188,-11.9289345,85.7585,13.45577812,-18.5861345,91.1343,-18.43732188,-3.9129345,48.0618,14.43777812,-11.0183345,52.0569,-13.77672188,-11.9926345,8.01609,13.32587812,-9.6251345,12.6608,-16.99942188,-0.2750345,2.24074,16.05537812,1.1086655,4.28909
72,-4.34320188,-2.0469345,94.0758,-4.34320188,-2.0469345,94.0758,-25.71922188,13.2518655,130.914,14.49127812,9.6625655,129.741,-23.02152188,-11.9250345,85.7457,13.41887812,-18.5803345,91.166,-18.41702188,-3.9310345,48.0453,14.52627812,-10.8624345,52.1115,-13.77762188,-12.1142345,8.02289,13.53237812,-9.3739345,12.7267,-16.99652188,-0.3885345,2.24178,16.24667812,1.3887655,4.38092
72.5,-4.36915188,-2.0688345,94.1061,-4.36915188,-2.0688345,94.1061,-25.80612188,13.1700655,130.939,14.42117812,9.5512655,129.819,-23.04502188,-11.9219345,85.7345,13.38887812,-18.5711345,91.1923,-18.39552188,-3.9419345,48.0294,14.61557812,-10.7001345,52.1598,-13.77152188,-12.2346345,8.02929,13.73097812,-9.1116345,12.7876,-16.98752188,-0.5029345,2.24264,16.45317812,1.6799655,4.47693
73,-4.39239188,-2.0885345,94.1346,-4.39239188,-2.0885345,94.1346,-25.88292188,13.0859655,130.962,14.35167812,9.4432655,129.897,-23.07102188,-11.9198345,85.7234,13.36967812,-18.5574345,91.2148,-18.38002188,-3.9429345,48.0134,14.69867812,-10.5320345,52.2033,-13.75752188,-12.3545345,8.03525,13.91597812,-8.8397345,12.8442,-16.97392188,-0.6205345,2.241,16.66097812,1.9792655,4.56678
73.5,-4.41016188,-2.1071345,94.1599,-4.41016188,-2.1071345,94.1599,-25.95212188,13.0034655,130.98,14.29157812,9.3344655,129.973,-23.09642188,-11.9204345,85.7116,13.35607812,-18.5426345,91.2323,-18.36152188,-3.9370345,47.9945,14.78487812,-10.3616345,52.243,-13.73502188,-12.4713345,8.03904,14.09647812,-8.5580345,12.8981,-16.95492188,-0.7387345,2.2382,16.88397812,2.2861655,4.66076
74,-4.42299188,-2.1236345,94.1816,-4.42299188,-2.1236345,94.1816,-26.00762188,12.9201655,130.995,14.23607812,9.2284655,130.045,-23.11812188,-11.9235345,85.6959,13.35597812,-18.5240345,91.2432,-18.34962188,-3.9224345,47.9738,14.85727812,-10.1859345,52.2796,-13.71122188,-12.5877345,8.0449,14.26397812,-8.2682345,12.9468,-16.93592188,-0.8597345,2.23465,17.10477812,2.6015655,4.74858
74.5,-4.43172188,-2.1393345,94.2008,-4.43172188,-2.1393345,94.2008,-26.05272188,12.8375655,131.008,14.18217812,9.1248655,130.116,-23.14092188,-11.9301345,85.677,13.36037812,-18.5060345,91.2497,-18.33422188,-3.9021345,47.9476,14.93377812,-10.0100345,52.3151,-13.68072188,-12.7000345,8.04748,14.43197812,-7.9688345,12.995,-16.91362188,-0.9810345,2.22886,17.33507812,2.9248655,4.84061
75,-4.43417188,-2.1528345,94.2153,-4.43417188,-2.1528345,94.2153,-26.08562188,12.7554655,131.021,14.13777812,9.0237655,130.18,-23.15622188,-11.9390345,85.6508,13.37707812,-18.4840345,91.2482,-18.32232188,-3.8758345,47.9176,14.99717812,-9.8283345,52.3493,-13.65492188,-12.8121345,8.0535,14.59207812,-7.6605345,13.0386,-16.89542188,-1.1035345,2.22416,17.55527812,3.2600655,4.92818
75.5,-4.43367188,-2.1651345,94.2281,-4.43367188,-2.1651345,94.2281,-26.10682188,12.6721655,131.035,14.09027812,8.9282655,130.244,-23.17172188,-11.9507345,85.6208,13.39737812,-18.4624345,91.2423,-18.30822188,-3.8465345,47.8827,15.06447812,-9.6462345,52.3827,-13.62782188,-12.9206345,8.05697,14.75447812,-7.3424345,13.0827,-16.87672188,-1.2260345,2.21684,17.77277812,3.6062655,5.01841
76,-4.42714188,-2.1748345,94.2365,-4.42714188,-2.1748345,94.2365,-26.12202188,12.5892655,131.05,14.05507812,8.8359655,130.3,-23.17892188,-11.9635345,85.5828,13.42687812,-18.4360345,91.2287,-18.29262188,-3.8140345,47.843,15.12517812,-9.4580345,52.4165,-13.60662188,-13.0294345,8.06234,14.91407812,-7.0143345,13.123,-16.86382188,-1.3478345,2.2114,17.97387812,3.9671655,5.10771
76.5,-4.41800188,-2.1826345,94.2432,-4.41800188,-2.1826345,94.2432,-26.12582188,12.5034655,131.07,14.01827812,8.7508655,130.352,-23.18342188,-11.9763345,85.542,13.45787812,-18.4076345,91.2101,-18.27682188,-3.7809345,47.802,15.18807812,-9.2671345,52.447,-13.59052188,-13.1362345,8.06739,15.07267812,-6.6761345,13.1628,-16.85352188,-1.4697345,2.20455,18.15657812,4.3418655,5.19595
77,-4.40468188,-2.1877345,94.2467,-4.40468188,-2.1877345,94.2467,-26.13192188,12.4166655,131.091,13.99207812,8.6703655,130.398,-23.18052188,-11.9892345,85.4956,13.49607812,-18.3738345,91.1859,-18.25662188,-3.7465345,47.7577,15.25077812,-9.0710345,52.4779,-13.57712188,-13.2439345,8.07083,15.22947812,-6.3285345,13.199,-16.84772188,-1.5893345,2.19918,18.32187812,4.7298655,5.28625
77.5,-4.38848188,-2.1901345,94.2483,-4.38848188,-2.1901345,94.2483,-26.12912188,12.3250655,131.117,13.97107812,8.5966655,130.437,-23.17232188,-11.9986345,85.4487,13.53337812,-18.3348345,91.1558,-18.23622188,-3.7124345,47.7161,15.31357812,-8.8702345,52.5024,-13.57232188,-13.3515345,8.0756,15.37717812,-5.9711345,13.2322,-16.84602188,-1.7094345,2.19434,18.45637812,5.1323655,5.37118
78,-4.36953188,-2.1901345,94.2477,-4.36953188,-2.1901345,94.2477,-26.13262188,12.2311655,131.143,13.95677812,8.5291655,130.471,-23.15682188,-12.0079345,85.4,13.57767812,-18.2904345,91.1222,-18.21132188,-3.6772345,47.674,15.37887812,-8.6652345,52.5253,-13.56622188,-13.4604345,8.07654,15.51967812,-5.6069345,13.2613,-16.84682188,-1.8266345,2.19056,18.57567812,5.5426655,5.45792
78.5,-4.34749188,-2.1876345,94.2448,-4.34749188,-2.1876345,94.2448,-26.13262188,12.1312655,131.173,13.95447812,8.4654655,130.497,-23.13412188,-12.0115345,85.353,13.62067812,-18.2387345,91.0827,-18.18432188,-3.6413345,47.6364,15.44167812,-8.4555345,52.5399,-13.56692188,-13.5706345,8.07827,15.64357812,-5.2343345,13.2837,-16.85062188,-1.9446345,2.18862,18.65967812,5.9641655,5.53551
79,-4.32318188,-2.1830345,94.24,-4.32318188,-2.1830345,94.24,-26.13562188,12.0282655,131.201,13.95477812,8.4090655,130.519,-23.10442188,-12.0153345,85.3072,13.67047812,-18.1821345,91.041,-18.15342188,-3.6033345,47.601,15.50607812,-8.2432345,52.5498,-13.56402188,-13.6819345,8.07678,15.75637812,-4.8591345,13.3019,-16.85532188,-2.0602345,2.18822,18.73227812,6.3858655,5.61151
79.5,-4.29524188,-2.1768345,94.2323,-4.29524188,-2.1768345,94.2323,-26.14072188,11.9195655,131.228,13.97027812,8.3531655,130.533,-23.06522188,-12.0140345,85.2647,13.72247812,-18.1185345,90.9936,-18.11862188,-3.5621345,47.5689,15.56657812,-8.0270345,52.5519,-13.56332188,-13.7947345,8.07448,15.84477812,-4.4788345,13.3102,-16.86062188,-2.1764345,2.18939,18.77227812,6.8126655,5.67555
80,-4.26520188,-2.1692345,94.2228,-4.26520188,-2.1692345,94.2228,-26.14152188,11.8081655,131.252,13.98367812,8.3032655,130.545,-23.02022188,-12.0131345,85.2242,13.77987812,-18.0513345,90.945,-18.08002188,-3.5178345,47.5388,15.62567812,-7.8107345,52.547,-13.55852188,-13.9073345,8.07108,15.91927812,-4.1000345,13.3146,-16.86672188,-2.2914345,2.19305,18.80297812,7.2341655,5.73304
80.5,-4.23134188,-2.1607345,94.2097,-4.23134188,-2.1607345,94.2097,-26.14772188,11.6930655,131.271,14.01137812,8.2526655,130.551,-22.96472188,-12.0103345,85.1862,13.84327812,-17.9785345,90.8907,-18.03712188,-3.4684345,47.5094,15.68107812,-7.5919345,52.5352,-13.55172188,-14.0210345,8.06626,15.96857812,-3.7204345,13.3091,-16.87052188,-2.4068345,2.19725,18.80827812,7.6538655,5.77656
81,-4.19433188,-2.1513345,94.1947,-4.19433188,-2.1513345,94.1947,-26.14312188,11.5767655,131.286,14.03567812,8.2060655,130.556,-22.90412188,-12.0077345,85.1499,13.91227812,-17.9035345,90.8351,-17.98882188,-3.4151345,47.4797,15.73327812,-7.3750345,52.5172,-13.54192188,-14.1330345,8.06245,16.00567812,-3.3453345,13.2993,-16.87572188,-2.5222345,2.20407,18.80297812,8.0655655,5.80941
81.5,-4.15481188,-2.1413345,94.176,-4.15481188,-2.1413345,94.176,-26.14312188,11.4601655,131.295,14.06737812,8.1604655,130.558,-22.83432188,-12.0071345,85.1133,13.98837812,-17.8246345,90.7747,-17.93772188,-3.3574345,47.4478,15.78027812,-7.1577345,52.4922,-13.52932188,-14.2455345,8.05849,16.02277812,-2.9738345,13.2832,-16.87762188,-2.6377345,2.21131,18.78097812,8.4704655,5.82812
82,-4.11073188,-2.1306345,94.1552,-4.11073188,-2.1306345,94.1552,-26.12992188,11.3441655,131.3,14.09787812,8.1173655,130.559,-22.75932188,-12.0067345,85.0777,14.07127812,-17.7444345,90.7115,-17.87992188,-3.2959345,47.413,15.82507812,-6.9430345,52.4638,-13.51572188,-14.3551345,8.05708,16.03217812,-2.6087345,13.262,-16.88102188,-2.7540345,2.22003,18.74597812,8.8675655,5.8351
82.5,-4.06483188,-2.1186345,94.1314,-4.06483188,-2.1186345,94.1314,-26.11602188,11.2310655,131.301,14.13007812,8.0785655,130.559,-22.67782188,-12.0103345,85.0387,14.16007812,-17.6605345,90.6448,-17.81982188,-3.2325345,47.374,15.86207812,-6.7299345,52.4275,-13.50162188,-14.4651345,8.05772,16.03067812,-2.2502345,13.2389,-16.88212188,-2.8705345,2.22935,18.69717812,9.2560655,5.82801
83,-4.01427188,-2.1055345,94.1057,-4.01427188,-2.1055345,94.1057,-26.09142188,11.1202655,131.299,14.16397812,8.0429655,130.559,-22.59172188,-12.0146345,85.0003,14.25597812,-17.5753345,90.5738,-17.75442188,-3.1666345,47.3315,15.89887812,-6.5187345,52.39,-13.48962188,-14.5721345,8.06201,16.02567812,-1.8987345,13.2102,-16.88392188,-2.9879345,2.23869,18.63457812,9.6375655,5.81176
83.5,-3.96090188,-2.0902345,94.0775,-3.96090188,-2.0902345,94.0775,-26.05852188,11.0141655,131.297,14.19777812,8.0149655,130.559,-22.50052188,-12.0220345,84.9564,14.35717812,-17.4853345,90.5002,-17.68462188,-3.1010345,47.2844,15.92547812,-6.3106345,52.3443,-13.47972188,-14.6799345,8.06953,16.01807812,-1.5550345,13.1822,-16.88532188,-3.1060345,2.24822,18.55687812,10.0109655,5.78237
84,-3.90441188,-2.0731345,94.0479,-3.90441188,-2.0731345,94.0479,-26.01952188,10.9111655,131.294,14.23627812,7.9921655,130.558,-22.40692188,-12.0308345,84.913,14.46277812,-17.3931345,90.4214,-17.61402188,-3.0349345,47.2353,15.95147812,-6.1036345,52.2966,-13.47492188,-14.7859345,8.08156,16.00747812,-1.2183345,13.1489,-16.88612188,-3.2246345,2.25698,18.46577812,10.3775655,5.7477
84.5,-3.84303188,-2.0528345,94.0163,-3.84303188,-2.0528345,94.0163,-25.96612188,10.8130655,131.293,14.27617812,7.9790655,130.556,-22.30752188,-12.0404345,84.8642,14.57457812,-17.2948345,90.34,-17.53662188,-2.9700345,47.183,15.96647812,-5.9000345,52.2413,-13.47292188,-14.8932345,8.09577,15.99817812,-0.8892345,13.1157,-16.88752188,-3.3444345,2.2646,18.35837812,10.7367655,5.70244
85,-3.78036188,-2.0304345,93.9833,-3.78036188,-2.0304345,93.9833,-25.90942188,10.7178655,131.294,14.32297812,7.9733655,130.551,-22.20892188,-12.0511345,84.8154,14.68717812,-17.1932345,90.2541,-17.46172188,-2.9062345,47.1308,15.97847812,-5.6980345,52.1814,-13.47722188,-15.0005345,8.11448,15.98267812,-0.5668345,13.0777,-16.88742188,-3.4642345,2.27115,18.23857812,11.0881655,5.65456
85.5,-3.71117188,-2.0044345,93.9484,-3.71117188,-2.0044345,93.9484,-25.83652188,10.6259655,131.298,14.37447812,7.9773655,130.543,-22.10242188,-12.0608345,84.7633,14.80697812,-17.0846345,90.1646,-17.38072188,-2.8426345,47.0777,15.98027812,-5.4990345,52.115,-13.48182188,-15.1094345,8.13267,15.96507812,-0.2510345,13.0366,-16.88742188,-3.5854345,2.27519,18.10307812,11.4311655,5.59916
86,-3.64147188,-1.9760345,93.9115,-3.64147188,-1.9760345,93.9115,-25.75942188,10.5372655,131.302,14.43257812,7.9896655,130.531,-21.99902188,-12.0698345,84.7106,14.92577812,-16.9731345,90.0718,-17.30402188,-2.7805345,47.0256,15.97787812,-5.3027345,52.0417,-13.49112188,-15.2191345,8.15368,15.93857812,0.0571655,12.9909,-16.88582188,-3.7063345,2.27769,17.95607812,11.7645655,5.54157
86.5,-3.56564188,-1.9449345,93.8723,-3.56564188,-1.9449345,93.8723,-25.66862188,10.4490655,131.309,14.49827812,8.0101655,130.514,-21.88812188,-12.0779345,84.6572,15.05027812,-16.8550345,89.9744,-17.22392188,-2.7168345,46.9741,15.96847812,-5.1102345,51.9628,-13.49682188,-15.3303345,8.17188,15.90087812,0.3596655,12.9387,-16.88312188,-3.8281345,2.27706,17.79587812,12.0874655,5.4786
87,-3.48861188,-1.9113345,93.8302,-3.48861188,-1.9113345,93.8302,-25.56982188,10.3649655,131.313,14.56887812,8.0383655,130.491,-21.78062188,-12.0829345,84.6027,15.17447812,-16.7354345,89.8746,-17.14902188,-2.6534345,46.9234,15.95697812,-4.9214345,51.8769,-13.50252188,-15.4414345,8.18972,15.85387812,0.6528655,12.8818,-16.87932188,-3.9494345,2.27451,17.62537812,12.3986655,5.41228
87.5,-3.40842188,-1.8765345,93.7848,-3.40842188,-1.8765345,93.7848,-25.46442188,10.2795655,131.316,14.64607812,8.0726655,130.462,-21.66972188,-12.0880345,84.5493,15.30117812,-16.6113345,89.77,-17.07412188,-2.5872345,46.8728,15.94257812,-4.7386345,51.786,-13.50102188,-15.5534345,8.20358,15.78727812,0.9397655,12.8157,-16.87372188,-4.0706345,2.26896,17.44377812,12.6971655,5.34061
88,-3.32589188,-1.8392345,93.7356,-3.32589188,-1.8392345,93.7356,-25.34782188,10.1993655,131.314,14.72727812,8.1130655,130.426,-21.56222188,-12.0886345,84.4946,15.42817812,-16.4877345,89.6632,-17.00522188,-2.5198345,46.8221,15.93087812,-4.5607345,51.6896,-13.49422188,-15.6634345,8.21394,15.71227812,1.2150655,12.7449,-16.86782188,-4.1916345,2.26185,17.25477812,12.9824655,5.26393
88.5,-3.24338188,-1.8017345,93.6823,-3.24338188,-1.8017345,93.6823,-25.23202188,10.1184655,131.307,14.81197812,8.1590655,130.382,-21.45572188,-12.0901345,84.4415,15.55637812,-16.3623345,89.552,-16.93822188,-2.4499345,46.7698,15.92017812,-4.3914345,51.5893,-13.47862188,-15.7736345,8.22026,15.61517812,1.4816655,12.6636,-16.85992188,-4.3110345,2.25229,17.05537812,13.2536655,5.18033
89,-3.15832188,-1.7624345,93.6245,-3.15832188,-1.7624345,93.6245,-25.10662188,10.0435655,131.292,14.90187812,8.2094655,130.332,-21.35322188,-12.0879345,84.3872,15.68407812,-16.2386345,89.4385,-16.87712188,-2.3779345,46.7162,15.91647812,-4.2295345,51.4853,-13.45442188,-15.8806345,8.22181,15.51007812,1.7340655,12.5769,-16.85282188,-4.4310345,2.24242,16.85197812,13.5110655,5.08995
89.5,-3.07472188,-1.7226345,93.5625,-3.07472188,-1.7226345,93.5625,-24.98612188,9.9705655,131.271,14.99267812,8.2665655,130.274,-21.25472188,-12.0866345,84.3346,15.81417812,-16.1158345,89.3218,-16.81742188,-2.3051345,46.6598,15.91657812,-4.0769345,51.3784,-13.42352188,-15.9867345,8.22062,15.38827812,1.9748655,12.4801,-16.84432188,-4.5482345,2.23106,16.63877812,13.7540655,4.99133
90,-2.98924188,-1.6816345,93.4954,-2.98924188,-1.6816345,93.4954,-24.86222188,9.9047655,131.241,15.09197812,8.3283655,130.208,-21.15902188,-12.0835345,84.2809,15.94237812,-15.9943345,89.2023,-16.76242188,-2.2311345,46.6016,15.92367812,-3.9352345,51.2681,-13.38502188,-16.0908345,8.21564,15.25787812,2.1980655,12.3764,-16.83702188,-4.6666345,2.22093,16.42407812,13.9827655,4.88418
90.5,-2.90419188,-1.6393345,93.4249,-2.90419188,-1.6393345,93.4249,-24.74322188,9.8440655,131.205,15.19347812,8.3987655,130.135,-21.06772188,-12.0811345,84.2286,16.07497812,-15.8745345,89.0813,-16.70572188,-2.1578345,46.5407,15.93487812,-3.8018345,51.1553,-13.34492188,-16.1934345,8.21018,15.11887812,2.4074655,12.2637,-16.82972188,-4.7825345,2.21101,16.20227812,14.1973655,4.76898
91,-2.81764188,-1.5956345,93.3494,-2.81764188,-1.5956345,93.3494,-24.62712188,9.7917655,131.161,15.30657812,8.4764655,130.053,-20.97582188,-12.0790345,84.176,16.20557812,-15.7550345,88.9571,-16.65012188,-2.0857345,46.4789,15.94797812,-3.6819345,51.0377,-13.30252188,-16.2968345,8.20361,14.97237812,2.5967655,12.1433,-16.82362188,-4.8998345,2.20345,15.98027812,14.3965655,4.64403
91.5,-2.72878188,-1.5496345,93.271,-2.72878188,-1.5496345,93.271,-24.51332188,9.7465655,131.114,15.42757812,8.5642655,129.964,-20.88432188,-12.0771345,84.1236,16.34257812,-15.6365345,88.8326,-16.58962188,-2.0151345,46.415,15.96287812,-3.5688345,50.9168,-13.26542188,-16.3993345,8.19911,14.82177812,2.7710655,12.0144,-16.81882188,-5.0162345,2.19747,15.75487812,14.5814655,4.51285
92,-2.63669188,-1.5015345,93.1883,-2.63669188,-1.5015345,93.1883,-24.40362188,9.7108655,131.063,15.56307812,8.6627655,129.865,-20.78662188,-12.0765345,84.0722,16.47997812,-15.5173345,88.7046,-16.52382188,-1.9474345,46.352,15.97307812,-3.4686345,50.7892,-13.23222188,-16.5056345,8.19605,14.66737812,2.9246655,11.8784,-16.81432188,-5.1337345,2.19407,15.53107812,14.7490655,4.37188
92.5,-2.53972188,-1.4506345,93.1029,-2.53972188,-1.4506345,93.1029,-24.29332188,9.6825655,131.01,15.71207812,8.7719655,129.758,-20.68332188,-12.0758345,84.0198,16.62387812,-15.3976345,88.5766,-16.45302188,-1.8817345,46.2877,15.98317812,-3.3745345,50.6569,-13.21022188,-16.6127345,8.19686,14.50977812,3.0626655,11.7346,-16.81212188,-5.2523345,2.19272,15.30687812,14.9017655,4.22745
93,-2.43604188,-1.3967345,93.0139,-2.43604188,-1.3967345,93.0139,-24.18232188,9.6643655,130.956,15.87697812,8.8939655,129.64,-20.56662188,-12.0760345,83.9689,16.77237812,-15.2769345,88.4453,-16.36972188,-1.8185345,46.2248,15.98327812,-3.2891345,50.5166,-13.19552188,-16.7251345,8.20046,14.35197812,3.1819655,11.5857,-16.80912188,-5.3720345,2.19324,15.08777812,15.0338655,4.0749
93.5,-2.32610188,-1.3400345,92.9222,-2.32610188,-1.3400345,92.9222,-24.06832188,9.6526655,130.901,16.05737812,9.0269655,129.514,-20.43932188,-12.0751345,83.9166,16.92607812,-15.1552345,88.3132,-16.28492188,-1.7571345,46.1623,15.98437812,-3.2099345,50.3708,-13.19392188,-16.8403345,8.20782,14.19117812,3.2854655,11.4315,-16.80872188,-5.4940345,2.19521,14.86977812,15.1504655,3.92167
94,-2.20675188,-1.2797345,92.8275,-2.20675188,-1.2797345,92.8275,-23.94562188,9.6501655,130.846,16.25197812,9.1719655,129.377,-20.29452188,-12.0742345,83.8651,17.08637812,-15.0324345,88.1782,-16.18412188,-1.6960345,46.099,15.97637812,-3.1339345,50.2182,-13.19962188,-16.9600345,8.21804,14.03207812,3.3740655,11.2749,-16.80742188,-5.6176345,2.19805,14.66057812,15.2446655,3.76434
94.5,-2.08119188,-1.2167345,92.7303,-2.08119188,-1.2167345,92.7303,-23.81712188,9.6537655,130.791,16.45857812,9.3277655,129.232,-20.13782188,-12.0708345,83.8129,17.24977812,-14.9096345,88.0413,-16.08702188,-1.6359345,46.0379,15.97337812,-3.0639345,50.0609,-13.21382188,-17.0833345,8.22994,13.87227812,3.4466655,11.1178,-16.80782188,-5.7435345,2.20121,14.45467812,15.3218655,3.60919
95,-1.94624188,-1.1503345,92.6304,-1.94624188,-1.1503345,92.6304,-23.67582188,9.6648655,130.737,16.67447812,9.4928655,129.078,-19.96512188,-12.0655345,83.7596,17.41907812,-14.7868345,87.9023,-15.97652188,-1.5743345,45.9729,15.96797812,-2.9938345,49.9003,-13.23212188,-17.2089345,8.24344,13.71647812,3.5082655,10.9622,-16.80862188,-5.8712345,2.20437,14.25917812,15.3781655,3.45511
95.5,-1.80649188,-1.0812345,92.5284,-1.80649188,-1.0812345,92.5284,-23.52522188,9.6828655,130.681,16.89497812,9.6686655,128.917,-19.78492188,-12.0566345,83.7066,17.58877812,-14.6659345,87.7612,-15.87322188,-1.5123345,45.91,15.97327812,-2.9301345,49.7387,-13.24962188,-17.3374345,8.25578,13.56507812,3.5532655,10.812,-16.81022188,-6.0006345,2.20717,14.07197812,15.4153655,3.30712
96,-1.66038188,-1.0096345,92.4246,-1.66038188,-1.0096345,92.4246,-23.36402188,9.7062655,130.625,17.11837812,9.8500655,128.749,-19.59532188,-12.0441345,83.6517,17.76237812,-14.5467345,87.6197,-15.76452188,-1.4488345,45.8428,15.98527812,-2.8662345,49.5783,-13.26642188,-17.4657345,8.26816,13.42057812,3.5906655,10.6668,-16.81302188,-6.1313345,2.20955,13.89447812,15.4373655,3.16513
96.5,-1.51192188,-0.9352345,92.3198,-1.51192188,-0.9352345,92.3198,-23.19152188,9.7390655,130.567,17.33777812,10.0421655,128.574,-19.40782188,-12.0270345,83.5977,17.93377812,-14.4324345,87.478,-15.66342188,-1.3843345,45.7761,16.01287812,-2.8111345,49.4228,-13.27252188,-17.5950345,8.27743,13.28877812,3.6099655,10.5335,-16.81632188,-6.2629345,2.2117,13.73277812,15.4388655,3.035
97,-1.36095188,-0.8595345,92.2145,-1.36095188,-0.8595345,92.2145,-23.01392188,9.7761655,130.507,17.55567812,10.2370655,128.396,-19.21842188,-12.0059345,83.5422,18.10667812,-14.3212345,87.3379,-15.56382188,-1.3195345,45.707,16.05177812,-2.7587345,49.2719,-13.27472188,-17.7230345,8.28563,13.16527812,3.6232655,10.4068,-16.82102188,-6.3954345,2.21373,13.57967812,15.4313655,2.91363
97.5,-1.21021188,-0.7813345,92.11,-1.21021188,-0.7813345,92.11,-22.82612188,9.8267655,130.444,17.76357812,10.4422655,128.213,-19.04182188,-11.9796345,83.4883,18.27647812,-14.2189345,87.2029,-15.46932188,-1.2554345,45.6377,16.10807812,-2.7218345,49.1329,-13.26062188,-17.8499345,8.29109,13.06427812,3.6166655,10.2969,-16.82612188,-6.5282345,2.21622,13.45137812,15.4039655,2.81122
98,-1.05970188,-0.7029345,92.0062,-1.05970188,-0.7029345,92.0062,-22.63822188,9.8811655,130.38,17.96867812,10.6487655,128.028,-18.86802188,-11.9503345,83.4339,18.44637812,-14.1205345,87.0712,-15.37892188,-1.1925345,45.5684,16.17427812,-2.6907345,48.9991,-13.24202188,-17.9758345,8.29529,12.97067812,3.6048655,10.1931,-16.83202188,-6.6614345,2.21903,13.33037812,15.3724655,2.71742
98.5,-0.91050188,-0.6232345,91.9059,-0.91050188,-0.6232345,91.9059,-22.44362188,9.9545655,130.314,18.16347812,10.8645655,127.84,-18.71262188,-11.9161345,83.3825,18.61467812,-14.0366345,86.9528,-15.28782188,-1.1348345,45.5006,16.25447812,-2.6860345,48.8825,-13.20972188,-18.1001345,8.29954,12.90697812,3.5708655,10.108,-16.83752188,-6.7952345,2.22284,13.24227812,15.3228655,2.64866
99,-0.76231188,-0.5438345,91.8069,-0.76231188,-0.5438345,91.8069,-22.25112188,10.0313655,130.246,18.35657812,11.0809655,127.653,-18.56052188,-11.8806345,83.3316,18.78257812,-13.9564345,86.8381,-15.19952188,-1.0791345,45.4345,16.33957812,-2.6882345,48.7698,-13.17472188,-18.2242345,8.30311,12.84817812,3.5326655,10.0271,-16.84292188,-6.9293345,2.22701,13.15957812,15.2719655,2.58581
99.5,-0.61374788,-0.4652345,91.7145,-0.61374788,-0.4652345,91.7145,-22.05452188,10.1333655,130.177,18.54477812,11.3044655,127.463,-18.42232188,-11.8417345,83.2861,18.95187812,-13.8977345,86.746,-15.10252188,-1.0352345,45.3738,16.43177812,-2.7292345,48.6759,-13.13612188,-18.3481345,8.31064,12.82087812,3.4705655,9.96364,-16.84632188,-7.0651345,2.2317,13.11407812,15.2049655,2.54996
,,,,,,,,,,,,,,,,,,,,,,,,,,,,,,,,,,,,
,-0.28667812,61.7867345,,,,,,,,,,,,,,,,,,,,,,,,,,,,,,,,,,
