[Gait],,,,,,,,,,,,,,,,,,,,,,,,,,,,,,,,,,,,
氏名,周期,歩行率,立脚,%,遊脚,%,両足支持,%,ストライド,ステップ,歩隔,,,,,,,,,,,,,,,,,,,,,,,,,
Group1(R),0,0,0,0,0,0,0,0,0,0,0,,,,,,,,,,,,,,,,,,,,,,,,,
SD,0,0,0,0,0,0,0,0,0,0,0,,,,,,,,,,,,,,,,,,,,,,,,,
CV,0,0,0,0,0,0,0,0,0,0,0,,,,,,,,,,,,,,,,,,,,,,,,,
Group1(L),0,0,0,0,0,0,0,0,0,0,0,,,,,,,,,,,,,,,,,,,,,,,,,
SD,0,0,0,0,0,0,0,0,0,0,0,,,,,,,,,,,,,,,,,,,,,,,,,
CV,0,0,0,0,0,0,0,0,0,0,0,,,,,,,,,,,,,,,,,,,,,,,,,
[Data],,,,,,,,,,,,,,,,,,,,,,,,,,,,,,,,,,,,
Cycle(%),重心[x](cm),重心[y](cm),重心[z](cm),重心[x](cm),重心[y](cm),重心[z](cm),左肩峰[x](cm),左肩峰[y](cm),左肩峰[z](cm),右肩峰[x](cm),右肩峰[y](cm),右肩峰[z](cm),左股関節[x](cm),左股関節[y](cm),左股関節[z](cm),右股関節[x](cm),右股関節[y](cm),右股関節[z](cm),左膝関節[x](cm),左膝関節[y](cm),左膝関節[z](cm),右膝関節[x](cm),右膝関節[y](cm),右膝関節[z](cm),左足関節[x](cm),左足関節[y](cm),左足関節[z](cm),右足関節[x](cm),右足関節[y](cm),右足関節[z](cm),左第5MP[x](cm),左第5MP[y](cm),左第5MP[z](cm),右第5MP[x](cm),右第5MP[y](cm),右第5MP[z](cm)
0,-2.505274,1.5561075,97.3337,-2.505274,1.5561075,97.3337,-19.100284,9.6961075,137.592,17.235916,4.2631075,140.708,-20.684084,-5.0469925,89.9484,15.638716,1.9073075,84.6316,-21.138584,-18.5871925,51.3029,12.419416,9.4176075,47.059,-23.902984,-23.3639925,11.4859,9.232516,11.6850075,9.42197,-27.527584,-11.6120925,1.6183,13.907816,25.7665075,4.55059
0.5,-2.359624,1.5703075,97.2255,-2.359624,1.5703075,97.2255,-18.857984,9.5983075,137.508,17.496316,4.4736075,140.62,-20.516284,-5.0647925,89.9476,15.663416,2.2329075,84.4295,-21.092984,-18.6728925,51.3566,12.442416,8.9900075,46.6736,-23.834684,-23.7245925,11.5222,9.187816,11.4688075,9.12459,-27.542984,-12.0281925,1.62561,13.850216,25.5294075,4.11945
1,-2.213664,1.5846075,97.1175,-2.213664,1.5846075,97.1175,-18.615184,9.5003075,137.425,17.757216,4.6845075,140.531,-20.348384,-5.0825925,89.9473,15.688316,2.5586075,84.2276,-21.047684,-18.7578925,51.4105,12.466016,8.5630075,46.2894,-23.767084,-24.0847925,11.5589,9.143216,11.2521075,8.82829,-27.557984,-12.4443925,1.63272,13.793316,25.2914075,3.68851
1.5,-2.051844,1.6118075,97.0445,-2.051844,1.6118075,97.0445,-18.352884,9.4080075,137.375,18.055616,4.9274075,140.442,-20.180684,-5.1077925,89.9754,15.714916,2.8664075,84.0775,-21.008984,-18.7968925,51.4735,12.535116,8.2090075,46.0266,-23.718184,-24.4174925,11.6339,9.118616,11.0368075,8.62521,-27.552984,-12.8688925,1.63389,13.769816,25.0209075,3.31362
2,-1.889494,1.6394075,96.9729,-1.889494,1.6394075,96.9729,-18.090084,9.3161075,137.326,18.355416,5.1714075,140.354,-20.012984,-5.1332925,90.0045,15.741616,3.1732075,83.9294,-20.970384,-18.8344925,51.5368,12.605416,7.8575075,45.768,-23.669684,-24.7492925,11.7104,9.094716,10.8216075,8.42543,-27.547184,-13.2936925,1.63486,13.747616,24.7497075,2.94128
2.5,-1.714824,1.6810075,96.9535,-1.714824,1.6810075,96.9535,-17.831184,9.2580075,137.326,18.677516,5.4395075,140.29,-19.840384,-5.1669925,90.0756,15.788116,3.4302075,83.8553,-20.929084,-18.8248925,51.6137,12.722716,7.6018075,45.6464,-23.651084,-25.0476925,11.838,9.101716,10.6101075,8.32196,-27.528884,-13.7244925,1.63656,13.764716,24.4623075,2.67422
3,-1.539134,1.7231075,96.9377,-1.539134,1.7231075,96.9377,-17.571784,9.2017075,137.328,19.000716,5.7092075,140.228,-19.666884,-5.2009925,90.1497,15.836916,3.6834075,83.7866,-20.888484,-18.8126925,51.6919,12.841716,7.3517075,45.5331,-23.632284,-25.3440925,11.9684,9.110416,10.3979075,8.22447,-27.510484,-14.1553925,1.63878,13.784016,24.1738075,2.41463
3.5,-1.356344,1.7757075,96.9786,-1.356344,1.7757075,96.9786,-17.331184,9.1961075,137.384,19.327416,5.9920075,140.211,-19.481884,-5.2447925,90.2706,15.916516,3.8735075,83.7941,-20.840584,-18.7582925,51.7878,12.990816,7.1776075,45.5329,-23.641184,-25.6091925,12.1502,9.150316,10.1735075,8.20281,-27.492384,-14.5850925,1.65142,13.835016,23.8741075,2.27645
4,-1.172474,1.8287075,97.0255,-1.172474,1.8287075,97.0255,-17.090384,9.1946075,137.446,19.652816,6.2757075,140.198,-19.294284,-5.2892925,90.3973,16.000916,4.0565075,83.8092,-20.794384,-18.6998925,51.8867,13.140916,7.0099075,45.5423,-23.650084,-25.8715925,12.3358,9.193216,9.9457075,8.18763,-27.475984,-15.0141925,1.66585,13.888716,23.5720075,2.15046
4.5,-0.986514,1.8852075,97.1199,-0.986514,1.8852075,97.1199,-16.868484,9.2413075,137.555,19.965416,6.5627075,140.233,-19.090384,-5.3462925,90.5657,16.116316,4.1848075,83.8823,-20.744784,-18.6057925,52.0057,13.295416,6.8672075,45.6148,-23.671984,-26.1104925,12.5618,9.256616,9.6841075,8.21414,-27.470084,-15.4345925,1.69929,13.957316,23.2568075,2.12705
5,-0.800174,1.9416075,97.2209,-0.800174,1.9416075,97.2209,-16.646884,9.2934075,137.671,20.273516,6.8487075,140.276,-18.882284,-5.4047925,90.7416,16.237016,4.3055075,83.9618,-20.697784,-18.5062925,52.129,13.448616,6.7263075,45.6936,-23.694984,-26.3467925,12.7922,9.323216,9.4155075,8.24431,-27.467484,-15.8536925,1.73586,14.027316,22.9375075,2.1167
5.5,-0.615074,1.9938075,97.3502,-0.615074,1.9938075,97.3502,-16.432284,9.3731075,137.819,20.560116,7.1316075,140.356,-18.656784,-5.4787925,90.9463,16.378416,4.3944075,84.0678,-20.659084,-18.3757925,52.2714,13.583516,6.5533075,45.7814,-23.709284,-26.5696925,13.0459,9.393716,9.0988075,8.28215,-27.475984,-16.2611925,1.79525,14.094616,22.6006075,2.16681
6,-0.430824,2.0450075,97.4843,-0.430824,2.0450075,97.4843,-16.217784,9.4569075,137.973,20.840116,7.4121075,140.444,-18.426784,-5.5556925,91.1576,16.522216,4.4797075,84.1756,-20.622984,-18.2389925,52.4177,13.714916,6.3733075,45.8689,-23.725484,-26.7905925,13.304,9.465116,8.7729075,8.31886,-27.487084,-16.6671925,1.85872,14.160716,22.2590075,2.22548
6.5,-0.249054,2.0863075,97.6242,-0.249054,2.0863075,97.6242,-15.994884,9.5391075,138.14,21.099616,7.6858075,140.547,-18.182584,-5.6485925,91.3816,16.671116,4.5590075,84.2771,-20.609684,-18.0722925,52.5775,13.817616,6.1239075,45.9273,-23.712084,-27.0066925,13.5693,9.526116,8.3997075,8.34116,-27.499484,-17.0655925,1.94288,14.213816,21.8969075,2.29834
7,-0.069224,2.1258075,97.765,-0.069224,2.1258075,97.765,-15.771454,9.6208075,138.309,21.353016,7.9569075,140.653,-17.935584,-5.7457925,91.6083,16.816916,4.6412075,84.3745,-20.598884,-17.8985925,52.7386,13.916316,5.8593075,45.9794,-23.699384,-27.2218925,13.8378,9.583416,8.0181075,8.35848,-27.510184,-17.4630925,2.03128,14.263016,21.5311075,2.37155
7.5,0.108306,2.1531075,97.8934,0.108306,2.1531075,97.8934,-15.529944,9.6760075,138.473,21.594516,8.2191075,140.749,-17.680684,-5.8557925,91.8328,16.953116,4.7344075,84.4432,-20.621284,-17.6949925,52.9033,13.990616,5.5227075,45.9907,-23.644684,-27.4368925,14.1045,9.623816,7.6047075,8.356,-27.506884,-17.8619925,2.13422,14.298816,21.1457075,2.42585
8,0.283636,2.1783075,98.018,0.283636,2.1783075,98.018,-15.287044,9.7242075,138.634,21.833616,8.4790075,140.842,-17.426684,-5.9700925,92.0545,17.081316,4.8360075,84.5032,-20.646984,-17.4842925,53.0653,14.062916,5.1693075,45.9936,-23.585684,-27.6514925,14.3724,9.655716,7.1872075,8.3483,-27.494684,-18.2618925,2.24075,14.329416,20.7589075,2.47254
8.5,0.456906,2.1928075,98.1207,0.456906,2.1928075,98.1207,-15.027324,9.7350075,138.776,22.071516,8.7277075,140.906,-17.172384,-6.0896925,92.263,17.190416,4.9510075,84.5287,-20.706984,-17.2455925,53.2196,14.125016,4.7736075,45.9675,-23.485184,-27.8665925,14.6381,9.672716,6.7604075,8.32876,-27.456684,-18.6716925,2.35544,14.352916,20.3578075,2.48866
9,0.628796,2.2050075,98.2158,0.628796,2.2050075,98.2158,-14.765254,9.7335075,138.911,22.312516,8.9741075,140.96,-16.923184,-6.2121925,92.4636,17.290416,5.0746075,84.5448,-20.773284,-17.0004925,53.3674,14.188316,4.3687075,45.9359,-23.372584,-28.0807925,14.9027,9.680216,6.3359075,8.30798,-27.402784,-19.0852925,2.4726,14.371716,19.9576075,2.49346
9.5,0.797786,2.2106075,98.2892,0.797786,2.2106075,98.2892,-14.496964,9.7002075,139.023,22.559516,9.2058075,140.98,-16.681484,-6.3304925,92.6444,17.369416,5.2018075,84.5353,-20.865784,-16.7343925,53.4989,14.257016,3.9665075,45.8982,-23.231084,-28.2927925,15.1709,9.678416,5.9217075,8.28809,-27.321784,-19.5111925,2.59479,14.389816,19.5514075,2.47469
10,0.966846,2.2137075,98.3536,0.966846,2.2137075,98.3536,-14.225474,9.6532075,139.125,22.814016,9.4334075,140.984,-16.447784,-6.4482925,92.8146,17.443016,5.3310075,84.5198,-20.969184,-16.4637925,53.6221,14.328716,3.5702075,45.8603,-23.070784,-28.5025925,15.4369,9.671716,5.5149075,8.2729,-27.222984,-19.9424925,2.71853,14.405016,19.1472075,2.44682
10.5,1.130846,2.2141075,98.4026,1.130846,2.2141075,98.4026,-13.961154,9.5907075,139.205,23.075316,9.6424075,140.963,-16.228684,-6.5541925,92.9619,17.500216,5.4488075,84.4953,-21.086284,-16.1843925,53.7265,14.414416,3.2148075,45.8363,-22.901284,-28.7050925,15.7124,9.660216,5.1284075,8.26761,-27.108984,-20.3795925,2.84863,14.420216,18.7455075,2.41084
11,1.295846,2.2119075,98.4442,1.295846,2.2119075,98.4442,-13.693384,9.5182075,139.276,23.344016,9.8435075,140.925,-16.018084,-6.6558925,93.0988,17.558416,5.5580075,84.4698,-21.217584,-15.9045925,53.8241,14.502316,2.8801075,45.8159,-22.712984,-28.9034925,15.9867,9.652416,4.7505075,8.27079,-26.984784,-20.8207925,2.98023,14.434016,18.3451075,2.37225
11.5,1.453336,2.2086075,98.4783,1.453336,2.2086075,98.4783,-13.441464,9.4474075,139.331,23.614716,10.0217075,140.874,-15.827764,-6.7418925,93.2125,17.610316,5.6427075,84.4506,-21.353584,-15.6313925,53.9079,14.601916,2.6042075,45.8167,-22.534184,-29.0876925,16.2709,9.641216,4.3915075,8.28523,-26.867884,-21.2534925,3.12238,14.442216,17.9532075,2.33882
12,1.610936,2.2026075,98.5084,1.610936,2.2026075,98.5084,-13.187954,9.3742075,139.379,23.886616,10.1888075,140.815,-15.643284,-6.8216925,93.3181,17.667616,5.7116075,84.4336,-21.500684,-15.3628925,53.989,14.700916,2.3529075,45.8205,-22.347684,-29.2654925,16.5563,9.639616,4.0375075,8.306,-26.756584,-21.6837925,3.26695,14.449116,17.5615075,2.3088
12.5,1.759276,2.1945075,98.5373,1.759276,2.1945075,98.5373,-12.951244,9.3137075,139.42,24.152516,10.3291075,140.758,-15.481744,-6.8870925,93.4033,17.730616,5.7496075,84.4303,-21.649784,-15.1160925,54.0668,14.800716,2.1539075,45.8391,-22.185484,-29.4203925,16.8445,9.635316,3.6930075,8.33217,-26.681784,-22.0865925,3.42578,14.442016,17.1791075,2.28916
13,1.905806,2.1832075,98.565,1.905806,2.1832075,98.565,-12.715844,9.2561075,139.455,24.411916,10.4563075,140.702,-15.322884,-6.9466925,93.4822,17.800016,5.7710075,84.4294,-21.802584,-14.8797925,54.1463,14.896516,1.9727075,45.8566,-22.030484,-29.5657925,17.134,9.639916,3.3484075,8.35892,-26.629484,-22.4772925,3.58837,14.433216,16.7966075,2.27489
13.5,2.042456,2.1668075,98.5943,2.042456,2.1668075,98.5943,-12.493394,9.2138075,139.488,24.656216,10.5544075,140.657,-15.184684,-6.9973925,93.5469,17.885316,5.7639075,84.4394,-21.957384,-14.6763925,54.2338,14.980916,1.8185075,45.8746,-21.912084,-29.6775925,17.4133,9.643216,3.0016075,8.38181,-26.643584,-22.8196925,3.76527,14.405316,16.4199075,2.26781
14,2.175456,2.1468075,98.6237,2.175456,2.1468075,98.6237,-12.275414,9.1755075,139.518,24.889016,10.6393075,140.62,-15.047174,-7.0444925,93.6065,17.975616,5.7448075,84.4496,-22.107284,-14.4880925,54.3257,15.059116,1.6693075,45.8877,-21.813384,-29.7756925,17.6903,9.649916,2.6509075,8.3995,-26.693284,-23.1394925,3.94658,14.376116,16.0432075,2.26443
14.5,2.299386,2.1187075,98.6545,2.299386,2.1187075,98.6545,-12.066784,9.1474075,139.545,25.099916,10.6957075,140.601,-14.923084,-7.0894925,93.6598,18.087516,5.7062075,84.4611,-22.255284,-14.3377925,54.432,15.119416,1.5162075,45.8883,-21.761484,-29.8269925,17.9408,9.657316,2.2906075,8.40673,-26.832784,-23.3906925,4.13729,14.330816,15.6673075,2.26083
15,2.418866,2.0868075,98.6854,2.418866,2.0868075,98.6854,-11.865224,9.1211075,139.572,25.299316,10.7399075,140.591,-14.799314,-7.1336925,93.7096,18.202716,5.6622075,84.4708,-22.392084,-14.2047925,54.5431,15.173616,1.3568075,45.8832,-21.736184,-29.8595925,18.1819,9.662216,1.9250075,8.40626,-27.014084,-23.6099925,4.33149,14.286216,15.2912075,2.25789
15.5,2.531526,2.0455075,98.7157,2.531526,2.0455075,98.7157,-11.673104,9.0969075,139.593,25.475016,10.7587075,140.598,-14.679074,-7.1810925,93.7605,18.340216,5.6087075,84.4719,-22.516084,-14.1084925,54.6664,15.212616,1.1710075,45.8618,-21.765184,-29.8305925,18.3803,9.670016,1.5499075,8.3958,-27.297484,-23.7413925,4.52626,14.237116,14.9121075,2.24919
16,2.640326,2.0008075,98.7458,2.640326,2.0008075,98.7458,-11.489404,9.0717075,139.613,25.643016,10.7674075,140.611,-14.559604,-7.2295925,93.8104,18.480016,5.5546075,84.4703,-22.625984,-14.0277925,54.7925,15.248016,0.9738075,45.8376,-21.821684,-29.7772925,18.5614,9.672616,1.1711075,8.37965,-27.622184,-23.8341925,4.72191,14.191516,14.5321075,2.23919
16.5,2.745466,1.9480075,98.7733,2.745466,1.9480075,98.7733,-11.318064,9.0424075,139.626,25.791316,10.7554075,140.637,-14.435184,-7.2831925,93.8666,18.639716,5.4964075,84.4565,-22.707384,-13.9769925,54.921,15.277716,0.7445075,45.8043,-21.936984,-29.6472925,18.687,9.679616,0.7884075,8.36123,-28.048584,-23.8207925,4.90829,14.156916,14.1481075,2.22373
17,2.848266,1.8928075,98.8004,2.848266,1.8928075,98.8004,-11.154854,9.0109075,139.637,25.936916,10.7357075,140.665,-14.311614,-7.3382925,93.9244,18.801716,5.4388075,84.4408,-22.774984,-13.9365925,55.0488,15.307416,0.5056075,45.7733,-22.077184,-29.4880925,18.7896,9.682916,0.4054075,8.34213,-28.510984,-23.7641925,5.09203,14.128416,13.7621075,2.20722
17.5,2.950566,1.8328075,98.8243,2.950566,1.8328075,98.8243,-11.005494,8.9738075,139.64,26.071316,10.7006075,140.698,-14.179894,-7.3970925,93.9904,18.979216,5.3752075,84.4172,-22.800884,-13.9144925,55.1661,15.341316,0.2447075,45.7464,-22.278284,-29.2394925,18.8296,9.690316,0.0254075,8.33152,-29.063684,-23.5843925,5.25903,14.122416,13.3734075,2.19111
18,3.052046,1.7722075,98.8479,3.052046,1.7722075,98.8479,-10.862374,8.9359075,139.641,26.205716,10.6606075,140.731,-14.048184,-7.4566925,94.0593,19.158816,5.3098075,84.3934,-22.814584,-13.8956925,55.2793,15.378416,-0.0202925,45.7262,-22.501084,-28.9578925,18.8456,9.697416,-0.3521925,8.32515,-29.644684,-23.3574925,5.42026,14.123516,12.9823075,2.17587
18.5,3.154896,1.7104075,98.8689,3.154896,1.7104075,98.8689,-10.729204,8.8951075,139.637,26.338616,10.6099075,140.761,-13.912064,-7.5170925,94.1345,19.348316,5.2310075,84.371,-22.784484,-13.8795925,55.3715,15.423616,-0.2900925,45.7216,-22.785784,-28.5791925,18.8001,9.706816,-0.7227925,8.33471,-30.296684,-22.9930925,5.56224,14.148916,12.5898075,2.1683
19,3.257586,1.6496075,98.8896,3.257586,1.6496075,98.8896,-10.599294,8.8560075,139.631,26.470916,10.5570075,140.79,-13.775024,-7.5772925,94.2121,19.539216,5.1467075,84.3499,-22.743984,-13.8603925,55.4573,15.472916,-0.5588925,45.7248,-23.090284,-28.1652925,18.7337,9.717016,-1.0904925,8.35058,-30.968784,-22.5784925,5.69694,14.180116,12.1960075,2.16358
19.5,3.361056,1.5906075,98.9085,3.361056,1.5906075,98.9085,-10.470264,8.8173075,139.624,26.609016,10.4974075,140.811,-13.642494,-7.6364925,94.2908,19.732316,5.0406075,84.3383,-22.672984,-13.8256925,55.5187,15.526216,-0.8187925,45.7466,-23.457684,-27.6532925,18.6166,9.726616,-1.4526925,8.38159,-31.688484,-22.0164925,5.81561,14.226216,11.8008075,2.17017
20,3.463856,1.5334075,98.9269,3.463856,1.5334075,98.9269,-10.341304,8.7817075,139.616,26.743716,10.4377075,140.831,-13.509474,-7.6949925,94.3695,19.925416,4.9270075,84.3287,-22.593384,-13.7837925,55.5732,15.581416,-1.0762925,45.7734,-23.843584,-27.1057925,18.4842,9.734216,-1.8138925,8.41724,-32.419784,-21.4022925,5.9278,14.275016,11.4061075,2.18014
20.5,3.563756,1.4790075,98.9431,3.563756,1.4790075,98.9431,-10.204344,8.7469075,139.61,26.886016,10.3744075,140.841,-13.390964,-7.7530925,94.4428,20.110816,4.7870075,84.33,-22.509384,-13.7083925,55.6071,15.631416,-1.3218925,45.8124,-24.292684,-26.4656925,18.3209,9.737416,-2.1754925,8.45844,-33.173184,-20.6383925,6.03181,14.323216,11.0088075,2.19861
21,3.661756,1.4262075,98.9581,3.661756,1.4262075,98.9581,-10.064494,8.7134075,139.604,27.023116,10.3120075,140.851,-13.274994,-7.8109925,94.5132,20.294216,4.6396075,84.3326,-22.420584,-13.6234925,55.6349,15.678816,-1.5666925,45.8512,-24.759484,-25.7902925,18.1484,9.735016,-2.5386925,8.50039,-33.929684,-19.8211925,6.1321,14.369616,10.6134075,2.219
21.5,3.750446,1.3752075,98.9696,3.750446,1.3752075,98.9696,-9.916754,8.6763075,139.601,27.163016,10.2480075,140.852,-13.179434,-7.8710925,94.5718,20.459316,4.4695075,84.3403,-22.354484,-13.4930925,55.6513,15.712916,-1.8081925,45.8899,-25.284784,-25.0351925,17.9697,9.722016,-2.9101925,8.5337,-34.682384,-18.8646925,6.23477,14.402716,10.2142075,2.23996
22,3.835616,1.3248075,98.9784,3.835616,1.3248075,98.9784,-9.764894,8.6360075,139.598,27.298416,10.1847075,140.851,-13.090834,-7.9321925,94.6254,20.619516,4.2935075,84.347,-22.290884,-13.3505925,55.6628,15.740216,-2.0516925,45.9231,-25.826584,-24.2463925,17.7894,9.702316,-3.2852925,8.5632,-35.429584,-17.8559925,6.33796,14.429716,9.8164075,2.25988
22.5,3.905136,1.2742075,98.9822,3.905136,1.2742075,98.9822,-9.616114,8.5834075,139.594,27.428716,10.1199075,140.845,-13.023974,-7.9979925,94.665,20.754616,4.1050075,84.3499,-22.267984,-13.1595925,55.6719,15.751816,-2.3044925,45.9459,-26.412784,-23.3919925,17.6231,9.667616,-3.6731925,8.57489,-36.148384,-16.7291925,6.4527,14.438016,9.4150075,2.27193
23,3.969096,1.2225075,98.9824,3.969096,1.2225075,98.9824,-9.466784,8.5221075,139.588,27.556216,10.0542075,140.836,-12.966654,-8.0663925,94.6982,20.880616,3.9131075,84.3491,-22.255684,-12.9535925,55.6781,15.755816,-2.5619925,45.9604,-27.012884,-22.5085925,17.4647,9.627416,-4.0653925,8.57895,-36.853184,-15.5554925,6.57336,14.439216,9.0133075,2.27992
23.5,4.014116,1.1688075,98.9768,4.014116,1.1688075,98.9768,-9.336294,8.4403075,139.578,27.672816,9.9853075,140.824,-12.928834,-8.1396925,94.7205,20.981016,3.7197075,84.3379,-22.288584,-12.7039925,55.6871,15.748116,-2.8356925,45.9611,-27.634384,-21.5728925,17.3325,9.575616,-4.4688925,8.56663,-37.509484,-14.2931925,6.71048,14.423816,8.6090075,2.27566
24,4.051616,1.1128075,98.9675,4.051616,1.1128075,98.9675,-9.214244,8.3453075,139.564,27.787216,9.9133075,140.809,-12.899674,-8.2162925,94.7364,21.068716,3.5256075,84.3211,-22.337284,-12.4366925,55.695,15.736716,-3.1153925,45.9542,-28.263284,-20.6147925,17.2167,9.520516,-4.8760925,8.54598,-38.143584,-12.9936925,6.8587,14.403916,8.2024075,2.26601
24.5,4.071516,1.0539075,98.9539,4.071516,1.0539075,98.9539,-9.122494,8.2265075,139.543,27.888816,9.8350075,140.791,-12.885414,-8.2952925,94.748,21.135316,3.3366075,84.293,-22.422784,-12.1350925,55.707,15.722016,-3.4086925,45.9376,-28.886584,-19.6173925,17.1318,9.465316,-5.2877925,8.51977,-38.716884,-11.6406925,7.02349,14.374316,7.7950075,2.24574
25,4.083016,0.9923075,98.9378,4.083016,0.9923075,98.9378,-9.049574,8.0933075,139.517,27.987116,9.7511075,140.772,-12.876324,-8.3766925,94.7552,21.188816,3.1489075,84.2604,-22.524284,-11.8141925,55.7196,15.710316,-3.7067925,45.9176,-29.505884,-18.6045925,17.0674,9.409016,-5.7014925,8.48914,-39.260884,-10.2630925,7.20239,14.344816,7.3844075,2.22143
25.5,4.082516,0.9281075,98.9205,4.082516,0.9281075,98.9205,-9.006834,7.9397075,139.485,28.074016,9.6578075,140.751,-12.876444,-8.4564925,94.7642,21.227816,2.9668075,84.2212,-22.646284,-11.4687925,55.7354,15.703616,-4.0084925,45.8958,-30.095784,-17.5663925,17.0334,9.366716,-6.1110925,8.46655,-39.741984,-8.8674925,7.39441,14.313616,6.9745075,2.19262
26,4.074516,0.8617075,98.9035,4.074516,0.8617075,98.9035,-8.988034,7.7740075,139.449,28.155616,9.5569075,140.731,-12.878094,-8.5359925,94.772,21.257116,2.7863075,84.1813,-22.780284,-11.1037925,55.7534,15.705116,-4.3115925,45.8757,-30.665884,-16.5190925,17.0182,9.325916,-6.5203925,8.44702,-40.188184,-7.4622925,7.59989,14.285916,6.5621075,2.16351
26.5,4.062116,0.7940075,98.8885,4.062116,0.7940075,98.8885,-8.986824,7.5964075,139.41,28.228416,9.4454075,140.71,-12.883054,-8.6103925,94.7843,21.277916,2.6076075,84.1418,-22.917784,-10.7208925,55.7746,15.716216,-4.6079925,45.8605,-31.191884,-15.4612925,17.0297,9.307616,-6.9196925,8.44425,-40.579384,-6.0699925,7.81352,14.262516,6.1512075,2.13696
27,4.045316,0.7254075,98.877,4.045316,0.7254075,98.877,-9.004294,7.4116075,139.371,28.293916,9.3252075,140.692,-12.888214,-8.6809925,94.7987,21.295116,2.4291075,84.1069,-23.061784,-10.3194925,55.7999,15.735816,-4.9014925,45.8504,-31.681884,-14.3996925,17.0544,9.293316,-7.3160925,8.45203,-40.932084,-4.6844925,8.03608,14.242916,5.7396075,2.11444
27.5,4.030916,0.6564075,98.8699,4.030916,0.6564075,98.8699,-9.020484,7.2240075,139.334,28.353016,9.1952075,140.675,-12.891444,-8.7452925,94.8157,21.307616,2.2481075,84.0776,-23.197884,-9.9025925,55.8306,15.763816,-5.1834925,45.8477,-32.122884,-13.3426925,17.1,9.298916,-7.7019925,8.47595,-41.243584,-3.3344925,8.26217,14.231616,5.3295075,2.0993
28,4.016216,0.5879075,98.8683,4.016216,0.5879075,98.8683,-9.040214,7.0347075,139.302,28.404116,9.0573075,140.663,-12.896484,-8.8021925,94.8363,21.322116,2.0656075,84.0568,-23.336084,-9.4689925,55.8674,15.794616,-5.4595925,45.8498,-32.515884,-12.2872925,17.1527,9.310816,-8.0831925,8.51357,-41.515584,-2.0073925,8.49006,14.220916,4.9205075,2.09089
28.5,4.007916,0.5194075,98.8717,4.007916,0.5194075,98.8717,-9.043314,6.8481075,139.276,28.450516,8.9119075,140.656,-12.895954,-8.8543925,94.8546,21.335116,1.8789075,84.0429,-23.463684,-9.0198925,55.9134,15.828016,-5.7266925,45.8571,-32.861484,-11.2486925,17.2187,9.328716,-8.4584925,8.55853,-41.760284,-0.7286925,8.71816,14.220616,4.5125075,2.09111
29,4.002716,0.4524075,98.8807,4.002716,0.4524075,98.8807,-9.032034,6.6632075,139.259,28.489716,8.7606075,140.653,-12.900424,-8.8969925,94.8753,21.351716,1.6901075,84.0374,-23.591684,-8.5560925,55.9674,15.855416,-5.9876925,45.8657,-33.154684,-10.2174925,17.2885,9.354216,-8.8283925,8.61351,-41.966784,0.5135075,8.94082,14.217616,4.1063075,2.09775
29.5,4.004116,0.3848075,98.8932,4.004116,0.3848075,98.8932,-8.999844,6.4811075,139.247,28.525616,8.6045075,140.657,-12.898324,-8.9373925,94.8896,21.370316,1.4986075,84.0366,-23.713284,-8.0773925,56.0331,15.877416,-6.2463925,45.8754,-33.404384,-9.2104925,17.3633,9.367416,-9.1993925,8.66427,-42.154984,1.7037075,9.16161,14.225616,3.7003075,2.11141
30,4.009616,0.3187075,98.9093,4.009616,0.3187075,98.9093,-8.943044,6.3008075,139.244,28.555716,8.4446075,140.664,-12.903534,-8.9682925,94.9023,21.389516,1.3066075,84.0398,-23.835184,-7.5859925,56.1082,15.886016,-6.5018925,45.8825,-33.604184,-8.2170925,17.4424,9.387516,-9.5656925,8.71579,-42.307684,2.8485075,9.37202,14.230016,3.2953075,2.12829
30.5,4.019216,0.2511075,98.9267,4.019216,0.2511075,98.9267,-8.872954,6.1197075,139.243,28.584316,8.2815075,140.679,-12.904424,-8.9982925,94.908,21.414516,1.1154075,84.0439,-23.957884,-7.0833925,56.1943,15.883016,-6.7606925,45.887,-33.763584,-7.2492925,17.5193,9.382116,-9.9385925,8.75506,-42.443684,3.9450075,9.57914,14.243916,2.8900075,2.14933
31,4.030616,0.1839075,98.9442,4.030616,0.1839075,98.9442,-8.783704,5.9374075,139.247,28.607916,8.1158075,140.697,-12.912484,-9.0209925,94.9072,21.435016,0.9267075,84.0456,-24.080584,-6.5707925,56.2894,15.864616,-7.0203925,45.8875,-33.880384,-6.3005925,17.6026,9.380716,-10.3085925,8.78507,-42.546784,4.9941075,9.77463,14.257416,2.4839075,2.16925
31.5,4.042116,0.1148075,98.9613,4.042116,0.1148075,98.9613,-8.695234,5.7502075,139.249,28.631116,7.9468075,140.721,-12.920864,-9.0415925,94.9022,21.462416,0.7423075,84.0451,-24.208384,-6.0533925,56.3914,15.832816,-7.2844925,45.8846,-33.958284,-5.3744925,17.6804,9.353616,-10.6868925,8.80142,-42.628484,6.0030075,9.96546,14.275716,2.0771075,2.19001
32,4.051416,0.0444075,98.9755,4.051416,0.0444075,98.9755,-8.607204,5.5583075,139.248,28.650316,7.7744075,140.747,-12.935064,-9.0578925,94.889,21.483316,0.5627075,84.0374,-24.334184,-5.5309925,56.4994,15.789816,-7.5514925,45.8798,-34.003084,-4.4704925,17.7647,9.325116,-11.0646925,8.80454,-42.679284,6.9708075,10.1465,14.298816,1.6676075,2.20716
32.5,4.056716,-0.0276925,98.9882,4.056716,-0.0276925,98.9882,-8.534194,5.3600075,139.244,28.668016,7.5975075,140.776,-12.955134,-9.0694925,94.8753,21.508016,0.3894075,84.0264,-24.463484,-5.0116925,56.6085,15.736516,-7.8196925,45.8736,-34.011584,-3.5841925,17.8445,9.282516,-11.4481925,8.79855,-42.702184,7.9084075,10.3216,14.320216,1.2578075,2.22167
33,4.056516,-0.1022925,98.9973,4.056516,-0.1022925,98.9973,-8.482034,5.1558075,139.231,28.681816,7.4144075,140.806,-12.979464,-9.0782925,94.8559,21.527316,0.2217075,84.0079,-24.586284,-4.4921925,56.719,15.680516,-8.0890925,45.8701,-33.994384,-2.7204925,17.9291,9.237016,-11.8322925,8.78392,-42.693284,8.8155075,10.4895,14.347716,0.8435075,2.23261
33.5,4.049316,-0.1778925,99.0047,4.049316,-0.1778925,99.0047,-8.453864,4.9471075,139.214,28.691816,7.2258075,140.835,-13.015014,-9.0799925,94.8388,21.544916,0.0596075,83.9865,-24.705384,-3.9835925,56.8251,15.620416,-8.3546925,45.8684,-33.947384,-1.8700925,18.0117,9.192416,-12.2174925,8.76836,-42.652284,9.7038075,10.6505,14.367416,0.4300075,2.23814
34,4.035516,-0.2559925,99.0101,4.035516,-0.2559925,99.0101,-8.456344,4.7355075,139.189,28.696016,7.0279075,140.865,-13.053714,-9.0789925,94.8208,21.558916,-0.0977925,83.9616,-24.811384,-3.4785925,56.928,15.566416,-8.6173925,45.8735,-33.880684,-1.0416925,18.0965,9.147216,-12.6032925,8.75404,-42.577584,10.5722075,10.8054,14.389016,0.0116075,2.24154
34.5,4.014116,-0.3341925,99.0143,4.014116,-0.3341925,99.0143,-8.482604,4.5238075,139.161,28.694516,6.8240075,140.89,-13.107364,-9.0697925,94.8063,21.566416,-0.2517925,83.9355,-24.904684,-2.9890925,57.0235,15.514316,-8.8719925,45.8832,-33.793884,-0.2241925,18.181,9.114516,-12.9854925,8.74747,-42.470384,11.4320075,10.9527,14.399016,-0.4053925,2.23846
35,3.987346,-0.4136925,99.019,3.987346,-0.4136925,99.019,-8.533804,4.3154075,139.131,28.683716,6.6100075,140.915,-13.164004,-9.0569925,94.7948,21.570616,-0.4030925,83.9112,-24.978184,-2.5061925,57.1123,15.473416,-9.1202925,45.9008,-33.693284,0.5720075,18.2651,9.084016,-13.3679925,8.75137,-42.328784,12.2796075,11.0929,14.403516,-0.8255925,2.23451
35.5,3.954806,-0.4924925,99.023,3.954806,-0.4924925,99.023,-8.600104,4.1116075,139.102,28.667316,6.3907075,140.933,-13.235934,-9.0370925,94.7864,21.566316,-0.5533925,83.8875,-25.032584,-2.0386925,57.193,15.437716,-9.3584925,45.9238,-33.582884,1.3570075,18.3485,9.069016,-13.7441925,8.76898,-42.157784,13.1253075,11.2251,14.396016,-1.2449925,2.22535
36,3.919476,-0.5708925,99.0294,3.919476,-0.5708925,99.0294,-8.674554,3.9176075,139.075,28.639016,6.1635075,140.95,-13.311704,-9.0125925,94.7814,21.556816,-0.7023925,83.8697,-25.062784,-1.5801925,57.2659,15.412516,-9.5896925,45.9525,-33.464884,2.1206075,18.4289,9.056216,-14.1206925,8.8007,-41.953884,13.9614075,11.3474,14.377416,-1.6643925,2.21571
36.5,3.882086,-0.6478925,99.0356,3.882086,-0.6478925,99.0356,-8.751804,3.7315075,139.054,28.607116,5.9328075,140.959,-13.398494,-8.9831925,94.7784,21.540116,-0.8517925,83.8534,-25.072584,-1.1332925,57.3312,15.392116,-9.8115925,45.9852,-33.344684,2.8702075,18.5063,9.053516,-14.4913925,8.84721,-41.725284,14.7972075,11.4614,14.350416,-2.0843925,2.20423
37,3.844316,-0.7229925,99.0438,3.844316,-0.7229925,99.0438,-8.820204,3.5589075,139.04,28.564116,5.6990075,140.966,-13.490284,-8.9489925,94.7757,21.516116,-1.0002925,83.8436,-25.059084,-0.6974925,57.3887,15.376116,-10.0281925,46.0196,-33.221284,3.5976075,18.578,9.049016,-14.8624925,8.90467,-41.468084,15.6208075,11.5625,14.313416,-2.5013925,2.19242
37.5,3.808166,-0.7966925,99.0519,3.808166,-0.7966925,99.0519,-8.881884,3.3951075,139.032,28.520616,5.4643075,140.967,-13.585094,-8.9123925,94.7732,21.487716,-1.1486925,83.8355,-25.028484,-0.2685925,57.4393,15.362316,-10.2383925,46.0558,-33.098284,4.3069075,18.644,9.043716,-15.2317925,8.97272,-41.190584,16.4407075,11.6553,14.274416,-2.9206925,2.18299
38,3.773016,-0.8676925,99.0596,3.773016,-0.8676925,99.0596,-8.928204,3.2442075,139.03,28.471716,5.2318075,140.964,-13.685124,-8.8710925,94.7667,21.452016,-1.2958925,83.8316,-24.981184,0.1465075,57.4818,15.344416,-10.4449925,46.0897,-32.972984,4.9929075,18.7005,9.032116,-15.6013925,9.0447,-40.890984,17.2424075,11.7338,14.233416,-3.3352925,2.17421
38.5,3.741166,-0.9374925,99.0668,3.741166,-0.9374925,99.0668,-8.965594,3.1007075,139.033,28.423816,5.0008075,140.958,-13.779744,-8.8292925,94.7583,21.413916,-1.4411925,83.8293,-24.922384,0.5569075,57.5167,15.325216,-10.6488925,46.1245,-32.845384,5.6569075,18.7496,9.009016,-15.9748925,9.11953,-40.573684,18.0332075,11.8042,14.197916,-3.7530925,2.17098
39,3.710566,-1.0049925,99.0705,3.710566,-1.0049925,99.0705,-8.995554,2.9663075,139.037,28.380216,4.7758075,140.947,-13.877664,-8.7824925,94.7431,21.372316,-1.5851925,83.8276,-24.857184,0.9506075,57.5423,15.295616,-10.8490925,46.1552,-32.711884,6.2963075,18.785,8.977616,-16.3476925,9.19208,-40.242584,18.7985075,11.8612,14.171616,-4.1672925,2.17062
39.5,3.681916,-1.0718925,99.0732,3.681916,-1.0718925,99.0732,-9.021894,2.8370075,139.04,28.335716,4.5542075,140.939,-13.965944,-8.7362925,94.7231,21.327816,-1.7251925,83.8282,-24.785284,1.3368075,57.5582,15.262016,-11.0491925,46.1875,-32.569384,6.9108075,18.8119,8.930216,-16.7292925,9.2596,-39.893684,19.5444075,11.91,14.156016,-4.5838925,2.17638
40,3.654006,-1.1374925,99.0702,3.654006,-1.1374925,99.0702,-9.058044,2.7118075,139.038,28.305016,4.3393075,140.924,-14.053334,-8.6843925,94.6971,21.285916,-1.8643925,83.8269,-24.717384,1.7032075,57.5619,15.216416,-11.2438925,46.2167,-32.414984,7.4992075,18.8217,8.877816,-17.1088925,9.32296,-39.540284,20.2585075,11.9481,14.157116,-4.9997925,2.18731
40.5,3.624246,-1.2033925,99.0657,3.624246,-1.2033925,99.0657,-9.099454,2.5898075,139.03,28.268016,4.1284075,140.917,-14.134384,-8.6327925,94.6634,21.238816,-1.9986925,83.8291,-24.644884,2.0550075,57.5535,15.165916,-11.4391925,46.2494,-32.244684,8.0614075,18.8217,8.813316,-17.4978925,9.37693,-39.167684,20.9450075,11.9772,14.169716,-5.4160925,2.20201
41,3.594156,-1.2691925,99.0557,3.594156,-1.2691925,99.0557,-9.165974,2.4687075,139.013,28.247516,3.9227075,140.906,-14.209944,-8.5747925,94.6263,21.198416,-2.1328925,83.83,-24.582184,2.3837075,57.5298,15.107116,-11.6270925,46.2823,-32.056384,8.5944075,18.8029,8.751116,-17.8845925,9.42907,-38.798384,21.5947075,11.9979,14.198316,-5.8347925,2.22199
41.5,3.558516,-1.3358925,99.0437,3.558516,-1.3358925,99.0437,-9.244604,2.3504075,138.988,28.216316,3.7203075,140.904,-14.288814,-8.5158925,94.5803,21.152116,-2.2636925,83.8355,-24.514084,2.6888075,57.4919,15.044016,-11.8139925,46.3193,-31.849584,9.1019075,18.7723,8.687916,-18.2753925,9.47401,-38.411784,22.2115075,12.0081,14.233516,-6.2516925,2.24213
42,3.520786,-1.4037925,99.0287,3.520786,-1.4037925,99.0287,-9.352064,2.2327075,138.955,28.193216,3.5204075,140.904,-14.360674,-8.4508925,94.5331,21.111216,-2.3943925,83.8427,-24.453784,2.9666075,57.4361,14.978816,-11.9937925,46.3601,-31.622384,9.5760075,18.7225,8.634916,-18.6639925,9.52182,-38.032284,22.7872075,12.0098,14.275016,-6.6720925,2.26396
42.5,3.476296,-1.4724925,99.0115,3.476296,-1.4724925,99.0115,-9.470674,2.1194075,138.914,28.158016,3.3225075,140.91,-14.446094,-8.3824925,94.4779,21.065516,-2.5245925,83.8547,-24.387284,3.2150075,57.3654,14.912116,-12.1697925,46.4041,-31.378684,10.0245075,18.6593,8.592616,-19.0489925,9.56847,-37.641084,23.3269075,11.9987,14.314816,-7.0897925,2.28287
43,3.427836,-1.5432925,98.9948,3.427836,-1.5432925,98.9948,-9.606944,2.0090075,138.872,28.114416,3.1250075,140.924,-14.528354,-8.3094925,94.4214,21.019016,-2.6537925,83.8723,-24.318384,3.4304075,57.2752,14.848216,-12.3412925,46.4531,-31.117884,10.4353075,18.577,8.565016,-19.4312925,9.62309,-37.257684,23.8213075,11.9752,14.346316,-7.5096925,2.29738
43.5,3.373976,-1.6143925,98.976,3.373976,-1.6143925,98.976,-9.747164,1.9055075,138.826,28.059416,2.9284075,140.94,-14.629234,-8.2308925,94.3593,20.969916,-2.7848925,83.8931,-24.243884,3.6165075,57.1713,14.786516,-12.5074925,46.5032,-30.845184,10.8186075,18.4801,8.555216,-19.8036925,9.68225,-36.870084,24.2786075,11.9363,14.369316,-7.9272925,2.3076
44,3.315216,-1.6874925,98.9601,3.315216,-1.6874925,98.9601,-9.883164,1.8093075,138.788,27.979016,2.7319075,140.968,-14.734674,-8.1490925,94.2932,20.912416,-2.9138925,83.922,-24.153184,3.7630075,57.0469,14.728816,-12.6721925,46.5561,-30.564284,11.1604075,18.3648,8.557716,-20.1720925,9.75252,-36.489184,24.6860075,11.8785,14.371616,-8.3443925,2.30811
44.5,3.253746,-1.7602925,98.9425,3.253746,-1.7602925,98.9425,-10.015494,1.7220075,138.751,27.888516,2.5355075,140.994,-14.855814,-8.0609925,94.2242,20.854416,-3.0445925,83.9511,-24.058384,3.8860075,56.911,14.676816,-12.8324925,46.6081,-30.274984,11.4723075,18.2339,8.577716,-20.5287925,9.82988,-36.110584,25.0563075,11.8026,14.363616,-8.7604925,2.3051
45,3.187936,-1.8340925,98.9276,3.187936,-1.8340925,98.9276,-10.122034,1.6467075,138.727,27.763616,2.3407075,141.031,-14.988454,-7.9699925,94.1475,20.782916,-3.1722925,83.9876,-23.937484,3.9649075,56.7542,14.626916,-12.9926925,46.6583,-29.987984,11.7395075,18.0857,8.601616,-20.8804925,9.9177,-35.737784,25.3727075,11.7014,14.331816,-9.1739925,2.29138
45.5,3.121726,-1.9069925,98.9114,3.121726,-1.9069925,98.9114,-10.221994,1.5807075,138.709,27.629316,2.1462075,141.066,-15.127624,-7.8737925,94.0696,20.712016,-3.2994925,84.0213,-23.813184,4.0277075,56.5876,14.583316,-13.1514925,46.7065,-29.693484,11.9758075,17.9213,8.636016,-21.2233925,10.0116,-35.369484,25.6531075,11.5802,14.293616,-9.5877925,2.27646
46,3.052906,-1.9792925,98.8954,3.052906,-1.9792925,98.8954,-10.287404,1.5309075,138.705,27.463616,1.9554075,141.105,-15.279514,-7.7735925,93.9816,20.627716,-3.4225925,84.0582,-23.662684,4.0471075,56.4006,14.539816,-13.3090925,46.7484,-29.407884,12.1647075,17.7411,8.664016,-21.5621925,10.1115,-35.006984,25.8777075,11.4294,14.240416,-9.9993925,2.25563
46.5,2.984646,-2.0505925,98.878,2.984646,-2.0505925,98.878,-10.349034,1.4892075,138.707,27.289216,1.7657075,141.143,-15.427474,-7.6702925,93.8924,20.543916,-3.5422925,84.0908,-23.507784,4.0555075,56.204,14.499616,-13.4678925,46.7881,-29.114084,12.3241075,17.5453,8.693016,-21.8981925,10.2145,-34.646884,26.0686075,11.2585,14.187516,-10.4118925,2.23618
47,2.915476,-2.1192925,98.8568,2.915476,-2.1192925,98.8568,-10.386754,1.4665075,138.717,27.096316,1.5816075,141.178,-15.581904,-7.5617925,93.7932,20.452216,-3.6566925,84.1203,-23.338384,4.0274075,55.9887,14.459816,-13.6231925,46.82,-28.828684,12.4349075,17.3341,8.709416,-22.2334925,10.3169,-34.291884,26.2052075,11.0575,14.137416,-10.8250925,2.21963
47.5,2.846686,-2.1871925,98.8337,2.846686,-2.1871925,98.8337,-10.425914,1.4500075,138.73,26.896716,1.3997075,141.214,-15.725694,-7.4515925,93.691,20.359916,-3.7660925,84.1463,-23.162084,3.9891075,55.7629,14.417416,-13.7804925,46.8496,-28.534984,12.5196075,17.1098,8.718816,-22.5717925,10.4197,-33.935084,26.3119075,10.8381,14.092716,-11.2389925,2.20597
48,2.777296,-2.2510925,98.8031,2.777296,-2.2510925,98.8031,-10.467444,1.4535075,138.742,26.694416,1.2244075,141.239,-15.865524,-7.3362925,93.5812,20.267816,-3.8684925,84.1638,-22.990184,3.9252075,55.5213,14.378916,-13.9322925,46.8742,-28.242384,12.5556075,16.8685,8.717916,-22.9144925,10.5164,-33.579884,26.3689075,10.5908,14.068916,-11.6573925,2.20365
48.5,2.707986,-2.3143925,98.7698,2.707986,-2.3143925,98.7698,-10.513454,1.4614075,138.753,26.489616,1.0523075,141.265,-15.994064,-7.2197925,93.4662,20.174016,-3.9664925,84.1798,-22.809784,3.8495075,55.2684,14.331916,-14.0847925,46.8959,-27.944884,12.5700075,16.6186,8.706316,-23.2636925,10.6121,-33.220284,26.4010075,10.3286,14.052016,-12.0760925,2.20409
49,2.636356,-2.3728925,98.7269,2.636356,-2.3728925,98.7269,-10.590864,1.4891075,138.753,26.292816,0.8873075,141.279,-16.110584,-7.0993925,93.3461,20.086416,-4.0552925,84.1849,-22.651784,3.7573075,55.003,14.293216,-14.2316925,46.9187,-27.639484,12.5365075,16.3482,8.694916,-23.6206925,10.6999,-32.854784,26.3894075,10.0412,14.064716,-12.5018925,2.21928
49.5,2.565146,-2.4310925,98.6806,2.565146,-2.4310925,98.6806,-10.671444,1.5201075,138.75,26.099516,0.7259075,141.291,-16.220084,-6.9773925,93.2191,19.997316,-4.1420925,84.1905,-22.486784,3.6530075,54.7275,14.243616,-14.3771925,46.9374,-27.335384,12.4850075,16.0741,8.673216,-23.9848925,10.7865,-32.486084,26.3581075,9.74307,14.082716,-12.9278925,2.23585
50,2.488376,-2.4842925,98.6244,2.488376,-2.4842925,98.6244,-10.800124,1.5696075,138.728,25.914916,0.5724075,141.293,-16.317584,-6.8529925,93.0873,19.914516,-4.2176925,84.187,-22.352184,3.5339075,54.4409,14.204116,-14.5189925,46.9632,-27.019384,12.3863075,15.7753,8.665316,-24.3562925,10.8675,-32.102284,26.2871075,9.42087,14.124216,-13.3599925,2.26343
50.5,2.412876,-2.5370925,98.5644,2.412876,-2.5370925,98.5644,-10.928474,1.6221075,138.703,25.738816,0.4223075,141.289,-16.413884,-6.7262925,92.9487,19.832016,-4.2938925,84.1847,-22.216384,3.4061075,54.1484,14.157016,-14.6576925,46.9851,-26.710484,12.2713075,15.4756,8.650616,-24.7332925,10.9476,-31.718384,26.2006075,9.0911,14.169116,-13.7930925,2.29084
51,2.328646,-2.5851925,98.4954,2.328646,-2.5851925,98.4954,-11.099894,1.6915075,138.66,25.563316,0.2812075,141.279,-16.507184,-6.5959925,92.8014,19.749816,-4.3581925,84.1779,-22.104984,3.2563075,53.8433,14.116516,-14.7946925,47.0157,-26.395984,12.1103075,15.1505,8.657316,-25.1123925,11.0271,-31.316084,26.0747075,8.73733,14.219016,-14.2280925,2.32026
51.5,2.245706,-2.6325925,98.4229,2.245706,-2.6325925,98.4229,-11.270004,1.7641075,138.611,25.397016,0.1429075,141.262,-16.604384,-6.4636925,92.6497,19.670016,-4.4235925,84.1715,-21.999484,3.1029075,53.5373,14.076016,-14.9282925,47.0445,-26.090384,11.9316075,14.8221,8.663816,-25.4935925,11.106,-30.913684,25.9341075,8.37596,14.271616,-14.6644925,2.34873
52,2.152846,-2.6754925,98.3421,2.152846,-2.6754925,98.3421,-11.459334,1.8518075,138.55,25.220516,0.0143075,141.238,-16.710184,-6.3225925,92.4824,19.581516,-4.4786925,84.1654,-21.903584,2.9169075,53.2164,14.035216,-15.0613925,47.0778,-25.795084,11.7100075,14.4752,8.684316,-25.8716925,11.1873,-30.502184,25.7524075,7.99258,14.309216,-15.0979925,2.36997
52.5,2.059786,-2.7170925,98.2588,2.059786,-2.7170925,98.2588,-11.650014,1.9437075,138.484,25.048016,-0.1121925,141.211,-16.823384,-6.1792925,92.3136,19.495916,-4.5331925,84.1585,-21.816684,2.7303075,52.897,14.001716,-15.1911925,47.1124,-25.506184,11.4685075,14.1192,8.712516,-26.2463925,11.2691,-30.087284,25.5537075,7.59882,14.349216,-15.5327925,2.39073
53,1.956846,-2.7538925,98.167,1.956846,-2.7538925,98.167,-11.835094,2.0491075,138.41,24.857316,-0.2292925,141.176,-16.952884,-6.0201925,92.1234,19.394016,-4.5792925,84.154,-21.725984,2.5038075,52.5621,13.961816,-15.3182925,47.1445,-25.244384,11.1877075,13.7566,8.734916,-26.6171925,11.3517,-29.682084,25.3112075,7.18805,14.364316,-15.9617925,2.39961
53.5,1.851206,-2.7885925,98.0736,1.851206,-2.7885925,98.0736,-12.025314,2.1598075,138.331,24.661316,-0.3447925,141.14,-17.089984,-5.8572925,91.9329,19.292616,-4.6223925,84.1483,-21.640784,2.2749075,52.2274,13.932316,-15.4423925,47.1794,-24.985384,10.8866075,13.381,8.769716,-26.9796925,11.436,-29.270584,25.0482075,6.7642,14.380916,-16.3908925,2.40949
54,1.736036,-2.8175925,97.9717,1.736036,-2.8175925,97.9717,-12.199554,2.2832075,138.246,24.445516,-0.4530925,141.094,-17.244184,-5.6727925,91.7207,19.173116,-4.6582925,84.1435,-21.547584,2.0092075,51.8809,13.893216,-15.5580925,47.2045,-24.764484,10.5529075,13.013,8.778416,-27.3415925,11.5172,-28.890684,24.7422075,6.33255,14.376816,-16.8149925,2.40949
54.5,1.615326,-2.8434925,97.8683,1.615326,-2.8434925,97.8683,-12.382084,2.4134075,138.157,24.214816,-0.5600925,141.05,-17.402884,-5.4810925,91.5066,19.048716,-4.6888925,84.1377,-21.453084,1.7356075,51.531,13.862916,-15.6703925,47.2313,-24.544484,10.2007075,12.6345,8.797116,-27.6941925,11.5997,-28.507084,24.4136075,5.88841,14.372916,-17.2380925,2.4121
55,1.485156,-2.8626925,97.7571,1.485156,-2.8626925,97.7571,-12.557224,2.5554075,138.06,23.969316,-0.6629925,140.996,-17.573384,-5.2674925,91.2779,18.910116,-4.7120925,84.1293,-21.356484,1.4401075,51.1782,13.824116,-15.7664925,47.2434,-24.364384,9.8269075,12.2769,8.781316,-28.0506925,11.6762,-28.171884,24.0490075,5.44921,14.362016,-17.6598925,2.41154
55.5,1.347046,-2.8777925,97.6438,1.347046,-2.8777925,97.6438,-12.742364,2.7059075,137.96,23.703016,-0.7647925,140.943,-17.743484,-5.0432925,91.0439,18.761016,-4.7285925,84.1202,-21.256184,1.1326075,50.8201,13.788516,-15.8574925,47.2536,-24.187484,9.4393075,11.919,8.766516,-28.4027925,11.7521,-27.843084,23.6636075,5.00361,14.350916,-18.0802925,2.41413
56,1.199456,-2.8847925,97.5258,1.199456,-2.8847925,97.5258,-12.939944,2.8672075,137.848,23.430516,-0.8645925,140.881,-17.917884,-4.8035925,90.8084,18.604116,-4.7353925,84.1047,-21.165484,0.8255075,50.4722,13.749316,-15.9248925,47.2477,-24.045484,9.0437075,11.5926,8.726416,-28.7606925,11.8239,-27.569284,23.2560075,4.57681,14.346716,-18.5037925,2.42069
56.5,1.042666,-2.8870925,97.4052,1.042666,-2.8870925,97.4052,-13.147514,3.0380075,137.733,23.138016,-0.9631925,140.817,-18.087884,-4.5530925,90.5659,18.433916,-4.7348925,84.0883,-21.077784,0.5090075,50.123,13.707116,-15.9840925,47.2357,-23.912884,8.6416075,11.2811,8.677116,-29.1229925,11.8928,-27.317684,22.8338075,4.15519,14.342416,-18.9268925,2.42889
57,0.876936,-2.8802925,97.2849,0.876936,-2.8802925,97.2849,-13.384564,3.2184075,137.608,22.847116,-1.0591925,140.75,-18.256784,-4.2992925,90.3362,18.260616,-4.7214925,84.0643,-21.011084,0.2153075,49.7981,13.667916,-16.0148925,47.2101,-23.807684,8.2449075,11.0073,8.625316,-29.4878925,11.9645,-27.116484,22.4068075,3.76392,14.352516,-19.3550925,2.44459
57.5,0.702356,-2.8679925,97.163,0.702356,-2.8679925,97.163,-13.629664,3.4080075,137.481,22.543316,-1.1532925,140.677,-18.420884,-4.0399925,90.1026,18.076316,-4.6999925,84.0381,-20.962584,-0.0770925,49.4832,13.621716,-16.0325925,47.1753,-23.721084,7.8502075,10.7632,8.559516,-29.8641925,12.0334,-26.952884,21.9751075,3.39232,14.362416,-19.7844925,2.4585
58,0.520446,-2.8463925,97.0479,0.520446,-2.8463925,97.0479,-13.907244,3.6054075,137.35,22.245516,-1.2408925,140.606,-18.582884,-3.7913925,89.8924,17.889116,-4.6630925,84.0066,-20.941384,-0.3326925,49.204,13.584416,-16.0202925,47.1326,-23.655084,7.4700075,10.5579,8.515716,-30.2356925,12.1147,-26.827284,21.5536075,3.05751,14.384916,-20.2174925,2.47833
58.5,0.331926,-2.8186925,96.9346,0.331926,-2.8186925,96.9346,-14.188774,3.8106075,137.218,21.945816,-1.3239925,140.529,-18.744284,-3.5475925,89.6876,17.697416,-4.6167925,83.9716,-20.954584,-0.5721925,48.9502,13.539916,-15.9877925,47.0809,-23.616584,7.0998075,10.391,8.463316,-30.6172925,12.1983,-26.748084,21.1380075,2.75566,14.406116,-20.6523925,2.49256
59,0.138606,-2.7820925,96.8342,0.138606,-2.7820925,96.8342,-14.489694,4.0213075,137.095,21.651416,-1.3946925,140.458,-18.906284,-3.3256925,89.5102,17.499616,-4.5547925,83.9369,-20.995484,-0.7733925,48.7382,13.507616,-15.9253925,47.0289,-23.593384,6.7465075,10.2587,8.446516,-30.9851925,12.3026,-26.692084,20.7403075,2.49072,14.432616,-21.0864925,2.50779
59.5,-0.057404,-2.7385925,96.7414,-0.057404,-2.7385925,96.7414,-14.788804,4.2378075,136.977,21.366416,-1.4562925,140.384,-19.074384,-3.1202925,89.3514,17.304816,-4.4822925,83.8986,-21.077084,-0.9487925,48.5645,13.471716,-15.8331925,46.9717,-23.602884,6.4077075,10.1642,8.435516,-31.3500925,12.4199,-26.680184,20.3561075,2.26703,14.455216,-21.5206925,2.51583
60,-0.255434,-2.6873925,96.666,-0.255434,-2.6873925,96.666,-15.085534,4.4574075,136.879,21.082416,-1.5001925,140.321,-19.247084,-2.9414925,89.2177,17.100216,-4.3968925,83.8678,-21.183384,-1.0963925,48.432,13.448016,-15.7106925,46.9216,-23.622484,6.0817075,10.0954,8.456716,-31.6941925,12.5621,-26.679184,19.9883075,2.07501,14.475316,-21.9496925,2.52038
60.5,-0.451374,-2.6282925,96.6047,-0.451374,-2.6282925,96.6047,-15.374534,4.6814075,136.794,20.816016,-1.5287925,140.262,-19.430884,-2.7868925,89.1148,16.903716,-4.3013925,83.8363,-21.320684,-1.2211925,48.342,13.426116,-15.5471925,46.8729,-23.673184,5.7700075,10.0553,8.500216,-32.0118925,12.731,-26.710284,19.6359075,1.92554,14.488316,-22.3747925,2.52078
61,-0.646744,-2.5629925,96.5633,-0.646744,-2.5629925,96.5633,-15.641984,4.9068075,136.737,20.546416,-1.5366925,140.216,-19.622484,-2.6567925,89.0329,16.697716,-4.1992925,83.8187,-21.477384,-1.3364925,48.2872,13.413316,-15.3477925,46.8369,-23.727684,5.4628075,10.0291,8.560616,-32.3016925,12.9268,-26.743784,19.2910075,1.80027,14.493816,-22.7916925,2.51756
61.5,-0.836264,-2.4894925,96.5402,-0.836264,-2.4894925,96.5402,-15.898614,5.1357075,136.699,20.295416,-1.5252925,140.181,-19.823884,-2.5489925,88.985,16.499516,-4.0902925,83.8059,-21.643984,-1.4450925,48.2669,13.409316,-15.1018925,46.8089,-23.803184,5.1646075,10.0178,8.648716,-32.5448925,13.1576,-26.794484,18.9575075,1.71103,14.490716,-23.2009925,2.51813
62,-1.022564,-2.4109925,96.5369,-1.022564,-2.4109925,96.5369,-16.125284,5.3656075,136.693,20.040216,-1.4935925,140.161,-20.032484,-2.4573925,88.9542,16.297116,-3.9833925,83.8104,-21.820684,-1.5656925,48.2705,13.409716,-14.8094925,46.7956,-23.874484,4.8621075,10.0083,8.736216,-32.7499925,13.4178,-26.842484,18.6210075,1.63925,14.478116,-23.6017925,2.52198
62.5,-1.202164,-2.3249925,96.5535,-1.202164,-2.3249925,96.5535,-16.342684,5.5991075,136.71,19.798316,-1.4418925,140.158,-20.245484,-2.3805925,88.9531,16.098516,-3.8745925,83.8267,-21.988384,-1.6996925,48.2954,13.424116,-14.4685925,46.7956,-23.953084,4.5604075,10.0016,8.843816,-32.8984925,13.7144,-26.894484,18.2874075,1.59295,14.457116,-23.9936925,2.53924
63,-1.375824,-2.2348925,96.5866,-1.375824,-2.2348925,96.5866,-16.534284,5.8334075,136.754,19.554916,-1.3739925,140.17,-20.459684,-2.3071925,88.9646,15.904216,-3.7772925,83.8597,-22.153484,-1.8633925,48.3294,13.440116,-14.0721925,46.8077,-24.018484,4.2482075,9.98787,8.936816,-32.9980925,14.0427,-26.943184,17.9437075,1.55935,14.426116,-24.3787925,2.57299
63.5,-1.544424,-2.1388925,96.6381,-1.544424,-2.1388925,96.6381,-16.721484,6.0721075,136.822,19.316616,-1.2890925,140.2,-20.671984,-2.2388925,88.9959,15.709516,-3.6843925,83.9103,-22.299584,-2.0567925,48.3716,13.471216,-13.6278925,46.8349,-24.078784,3.9289075,9.96969,9.035116,-33.0408925,14.4041,-26.985484,17.5947075,1.5401,14.386816,-24.7561925,2.62889
64,-1.705064,-2.0397925,96.7007,-1.705064,-2.0397925,96.7007,-16.895284,6.3106075,136.907,19.081716,-1.1949925,140.242,-20.876484,-2.1628925,89.0346,15.526916,-3.6096925,83.9732,-22.432684,-2.2863925,48.4098,13.505516,-13.1265925,46.8695,-24.120084,3.5972075,9.94137,9.110316,-33.0276925,14.7975,-27.027984,17.2346075,1.53095,14.337016,-25.1286925,2.71633
64.5,-1.862984,-1.9367925,96.7773,-1.862984,-1.9367925,96.7773,-17.068984,6.5532075,137.012,18.844916,-1.0897925,140.3,-21.075084,-2.0837925,89.0812,15.342816,-3.5452925,84.0552,-22.546584,-2.5513925,48.4466,13.551516,-12.5802925,46.9163,-24.148984,3.2539075,9.9076,9.176016,-32.9639925,15.2186,-27.058284,16.8652075,1.52744,14.277716,-25.4957925,2.83202
65,-2.012454,-1.8323925,96.8588,-2.012454,-1.8323925,96.8588,-17.242384,6.7934075,137.123,18.616116,-0.9831925,140.365,-21.258684,-1.9927925,89.1294,15.174716,-3.5005925,84.1432,-22.644184,-2.8446925,48.473,13.605516,-11.9854925,46.9667,-24.159284,2.9002075,9.86685,9.216116,-32.8436925,15.6691,-27.092684,16.4890075,1.53222,14.207216,-25.8562925,2.99065
65.5,-2.160274,-1.7261925,96.948,-2.160274,-1.7261925,96.948,-17.415984,7.0351075,137.247,18.383016,-0.8724925,140.438,-21.435484,-1.8953925,89.1749,15.008016,-3.4699925,84.2464,-22.728884,-3.1660925,48.4939,13.666016,-11.3511925,47.0236,-24.156184,2.5350075,9.8242,9.237216,-32.6806925,16.1423,-27.114884,16.1055075,1.53793,14.125316,-26.2118925,3.18067
66,-2.300904,-1.6205925,97.0368,-2.300904,-1.6205925,97.0368,-17.597084,7.2707075,137.367,18.160516,-0.7668925,140.513,-21.596084,-1.7911925,89.2171,14.856716,-3.4545925,84.3493,-22.801884,-3.4970925,48.5058,13.739016,-10.6845925,47.0832,-24.142384,2.1643075,9.78177,9.234316,-32.4671925,16.6382,-27.142184,15.7217075,1.54924,14.031816,-26.5522925,3.41745
66.5,-2.438904,-1.5152925,97.1269,-2.438904,-1.5152925,97.1269,-17.774284,7.5031075,137.491,17.936516,-0.6632925,140.587,-21.751484,-1.6825925,89.2499,14.711616,-3.4532925,84.4592,-22.869284,-3.8384925,48.5129,13.814016,-9.9862925,47.144,-24.118884,1.7861075,9.74231,9.209916,-32.2166925,17.1532,-27.162184,15.3369075,1.56047,13.926716,-26.8832925,3.68651
67,-2.572054,-1.4124925,97.2131,-2.572054,-1.4124925,97.2131,-17.958584,7.7253075,137.605,17.723416,-0.5683925,140.656,-21.896484,-1.5792925,89.2766,14.578416,-3.4582925,84.5644,-22.933984,-4.1680925,48.5179,13.901116,-9.2741925,47.2101,-24.096984,1.4078075,9.71082,9.165316,-31.9263925,17.6808,-27.183684,14.9568075,1.57314,13.811916,-27.1822925,3.99771
67.5,-2.700384,-1.3113925,97.2956,-2.700384,-1.3113925,97.2956,-18.133484,7.9380075,137.715,17.515216,-0.4798925,140.718,-22.038384,-1.4774925,89.2921,14.454716,-3.4736925,84.6675,-22.996984,-4.4880925,48.5214,13.988316,-8.5400925,47.2754,-24.069984,1.0280075,9.68511,9.101616,-31.6020925,18.2238,-27.205284,14.5822075,1.58653,13.688916,-27.4607925,4.34069
68,-2.826004,-1.2140925,97.3726,-2.826004,-1.2140925,97.3726,-18.309184,8.1376075,137.811,17.317216,-0.4005925,140.77,-22.178484,-1.3940925,89.3017,14.338916,-3.4852925,84.7638,-23.064184,-4.7814925,48.5304,14.079816,-7.8065925,47.3506,-24.056484,0.6519075,9.6727,9.022816,-31.2488925,18.7668,-27.222184,14.2142075,1.59678,13.562116,-27.6828925,4.71448
68.5,-2.945174,-1.1195925,97.4436,-2.945174,-1.1195925,97.4436,-18.472584,8.3227075,137.899,17.130116,-0.3297925,140.811,-22.317484,-1.3192925,89.3027,14.232316,-3.5007925,84.8519,-23.130184,-5.0510925,48.5411,14.171516,-7.0607925,47.4278,-24.040184,0.2797075,9.6651,8.928816,-30.8634925,19.32,-27.245084,13.8544075,1.6082,13.434416,-27.8682925,5.11833
69,-3.062344,-1.0288925,97.509,-3.062344,-1.0288925,97.509,-18.629184,8.4937075,137.971,16.953216,-0.2659925,140.84,-22.460284,-1.2705925,89.3009,14.130816,-3.5046925,84.9333,-23.199884,-5.2923925,48.5613,14.253516,-6.3229925,47.5186,-24.043884,-0.0873925,9.67226,8.825416,-30.4571925,19.8594,-27.258084,13.4996075,1.61343,13.312316,-27.9696925,5.53795
69.5,-3.173514,-0.9413925,97.5688,-3.173514,-0.9413925,97.5688,-18.775884,8.6484075,138.031,16.790516,-0.2113925,140.86,-22.602884,-1.2353925,89.2954,14.034516,-3.5058925,85.0055,-23.267384,-5.5064925,48.5846,14.335216,-5.5805925,47.6171,-24.044084,-0.4480925,9.68038,8.710716,-30.0214925,20.4009,-27.278984,13.1503075,1.61873,13.197816,-28.0163925,5.98374
70,-3.281594,-0.8567925,97.6239,-3.281594,-0.8567925,97.6239,-18.911084,8.7903075,138.078,16.638816,-0.1607925,140.869,-22.747984,-1.2247925,89.2914,13.941616,-3.4920925,85.0726,-23.330784,-5.7034925,48.6158,14.392516,-4.8474925,47.7307,-24.063084,-0.8044925,9.70115,8.592616,-29.5677925,20.9153,-27.288984,12.8028075,1.61784,13.099716,-27.9542925,6.42914
70.5,-3.385944,-0.7751925,97.6753,-3.385944,-0.7751925,97.6753,-19.043084,8.9178075,138.113,16.500816,-0.1185925,140.873,-22.892284,-1.2288925,89.2889,13.849416,-3.4708925,85.1337,-23.391484,-5.8809925,48.65,14.444916,-4.1145925,47.8567,-24.077284,-1.1552925,9.71923,8.467116,-29.0893925,21.4208,-27.303984,12.4544075,1.6147,13.015516,-27.8203925,6.89278
71,-3.485484,-0.6951925,97.7238,-3.485484,-0.6951925,97.7238,-19.163384,9.0354075,138.138,16.374216,-0.0784925,140.87,-23.031484,-1.2476925,89.2912,13.759316,-3.4370925,85.1926,-23.439084,-6.0588925,48.6869,14.465416,-3.3891925,47.9964,-24.101484,-1.5039925,9.74518,8.343316,-28.5919925,21.8883,-27.312484,12.1039075,1.60827,12.955416,-27.5662925,7.34133
71.5,-3.583404,-0.6174925,97.7708,-3.583404,-0.6174925,97.7708,-19.287184,9.1429075,138.153,16.259016,-0.0448925,140.865,-23.166884,-1.2777925,89.2989,13.668116,-3.3939925,85.2503,-23.483284,-6.2323925,48.7252,14.471516,-2.6665925,48.1495,-24.122284,-1.8502925,9.7681,8.218116,-28.0741925,22.3336,-27.320084,11.7465075,1.59791,12.911016,-27.2247925,7.79404
72,-3.676044,-0.5407925,97.8171,-3.676044,-0.5407925,97.8171,-19.403084,9.2438075,138.164,16.152816,-0.0131925,140.861,-23.290284,-1.3107925,89.312,13.577916,-3.3449925,85.3092,-23.513084,-6.4187925,48.7618,14.449316,-1.9502925,48.3136,-24.142184,-2.1968925,9.79333,8.097616,-27.5354925,22.7347,-27.328184,11.3835075,1.5878,12.891616,-26.7714925,8.22109
72.5,-3.767354,-0.4654925,97.8633,-3.767354,-0.4654925,97.8633,-19.525084,9.3388075,138.169,16.055516,0.0140075,140.858,-23.404284,-1.3482925,89.3315,13.489516,-3.2884925,85.3707,-23.539684,-6.6161925,48.7985,14.403516,-1.2385925,48.4873,-24.162384,-2.5449925,9.81864,7.983116,-26.9782925,23.1007,-27.330784,11.0110075,1.57427,12.885216,-26.2216925,8.63344
73,-3.853974,-0.3909925,97.9107,-3.853974,-0.3909925,97.9107,-19.641884,9.4291075,138.175,15.963416,0.0393075,140.861,-23.504484,-1.3814925,89.3558,13.401516,-3.2324925,85.4352,-23.556684,-6.8285925,48.8324,14.339516,-0.5340925,48.669,-24.175984,-2.8946925,9.84266,7.876516,-26.3976925,23.4204,-27.338284,10.6311075,1.56319,12.898116,-25.5798925,9.01214
73.5,-3.937724,-0.3177925,97.9588,-3.937724,-0.3177925,97.9588,-19.762384,9.5154075,138.18,15.877316,0.0616075,140.866,-23.590784,-1.4125925,89.3843,13.322216,-3.1740925,85.5043,-23.573484,-7.0593925,48.8666,14.249516,0.1631075,48.8552,-24.194084,-3.2486925,9.87097,7.781816,-25.7977925,23.6951,-27.339484,10.2431075,1.5512,12.918616,-24.8436925,9.35722
74,-4.017654,-0.2455925,98.0092,-4.017654,-0.2455925,98.0092,-19.877284,9.5973075,138.19,15.793016,0.0823075,140.88,-23.667084,-1.4385925,89.4161,13.244016,-3.1197925,85.5764,-23.587084,-7.2989925,48.9002,14.153116,0.8505075,49.0468,-24.206684,-3.6044925,9.89665,7.698516,-25.1722925,23.9251,-27.345684,9.8481075,1.54196,12.949216,-24.0403925,9.66362
74.5,-4.092364,-0.1751925,98.0609,-4.092364,-0.1751925,98.0609,-19.989384,9.6739075,138.205,15.712216,0.1012075,140.898,-23.729284,-1.4604925,89.449,13.182616,-3.0685925,85.6531,-23.605184,-7.5525925,48.9362,14.037316,1.5272075,49.2398,-24.226884,-3.9649925,9.92898,7.630316,-24.5231925,24.1045,-27.347784,9.4487075,1.53462,12.982816,-23.1547925,9.92209
75,-4.163654,-0.1062925,98.1147,-4.163654,-0.1062925,98.1147,-20.093284,9.7454075,138.227,15.631716,0.1196075,140.923,-23.788284,-1.4811925,89.4831,13.123916,-3.0220925,85.7316,-23.623784,-7.8059925,48.9743,13.923616,2.1911075,49.4361,-24.246184,-4.3271925,9.95855,7.576016,-23.8481925,24.2437,-27.352184,9.0446075,1.52896,13.018816,-22.2251925,10.1409
75.5,-4.227854,-0.0400925,98.1703,-4.227854,-0.0400925,98.1703,-20.186984,9.8085075,138.256,15.552616,0.1376075,140.953,-23.838584,-1.5016925,89.5167,13.087416,-2.9820925,85.8135,-23.649184,-8.0606925,49.0175,13.803516,2.8408075,49.6348,-24.273484,-4.6923925,9.99321,7.536816,-23.1430925,24.3307,-27.355084,8.6396075,1.52653,13.056816,-21.2308925,10.3055
76,-4.288504,0.0244075,98.2266,-4.288504,0.0244075,98.2266,-20.271384,9.8661075,138.292,15.474716,0.1563075,140.986,-23.890884,-1.5261925,89.5494,13.056316,-2.9448925,85.896,-23.675084,-8.3092925,49.0645,13.689116,3.4757075,49.8353,-24.302884,-5.0591925,10.0248,7.511516,-22.4143925,24.3832,-27.357384,8.2329075,1.52447,13.093716,-20.2095925,10.434
76.5,-4.341534,0.0857075,98.2849,-4.341534,0.0857075,98.2849,-20.340384,9.9126075,138.335,15.397216,0.1763075,141.025,-23.942884,-1.5582925,89.5822,13.046716,-2.9135925,85.9804,-23.703984,-8.5467925,49.117,13.580416,4.0940075,50.0415,-24.337084,-5.4266925,10.0562,7.499516,-21.6495925,24.3845,-27.359884,7.8272075,1.52486,13.136616,-19.1403925,10.511
77,-4.390834,0.1450075,98.3421,-4.390834,0.1450075,98.3421,-20.403084,9.9546075,138.381,15.323216,0.1977075,141.063,-23.998384,-1.5975925,89.6127,13.045016,-2.8827925,86.0651,-23.731184,-8.7779925,49.1727,13.476516,4.6965075,50.2481,-24.371884,-5.7959925,10.0834,7.498816,-20.8659925,24.3571,-27.360384,7.4222075,1.52488,13.179616,-18.0536925,10.5594
77.5,-4.433194,0.2013075,98.4003,-4.433194,0.2013075,98.4003,-20.450084,9.9858075,138.431,15.250116,0.2223075,141.107,-24.059184,-1.6515925,89.6451,13.057516,-2.8535925,86.1504,-23.751184,-8.9943925,49.2313,13.383716,5.2803075,50.462,-24.404984,-6.1649925,10.1037,7.508916,-20.0434925,24.2805,-27.361684,7.0182075,1.52525,13.235816,-16.9304925,10.5656
78,-4.472214,0.2559075,98.456,-4.472214,0.2559075,98.456,-20.496884,10.0148075,138.48,15.182616,0.2481075,141.148,-24.121284,-1.7130925,89.6748,13.079216,-2.8230925,86.2363,-23.768484,-9.2085925,49.2911,13.292616,5.8485075,50.6748,-24.433784,-6.5360925,10.1186,7.527016,-19.2079925,24.1806,-27.361684,6.6161075,1.52522,13.295016,-15.7934925,10.552
78.5,-4.505384,0.3083075,98.5101,-4.505384,0.3083075,98.5101,-20.532284,10.0370075,138.526,15.118716,0.2786075,141.191,-24.187084,-1.7914925,89.7077,13.104116,-2.7878925,86.3215,-23.766484,-9.4159925,49.3485,13.208716,6.3945075,50.8912,-24.453684,-6.9077925,10.1223,7.554216,-18.3361925,24.0332,-27.362784,6.2140075,1.52371,13.374816,-14.6242925,10.5084
79,-4.536234,0.3593075,98.5611,-4.536234,0.3593075,98.5611,-20.573284,10.0598075,138.568,15.060416,0.3095075,141.231,-24.250184,-1.8751925,89.7383,13.137216,-2.7511925,86.4076,-23.763384,-9.6259925,49.405,13.123816,6.9254075,51.1046,-24.464884,-7.2817925,10.1207,7.586716,-17.4560925,23.8673,-27.364084,5.8136075,1.52208,13.458716,-13.4418925,10.4527
79.5,-4.561744,0.4092075,98.607,-4.561744,0.4092075,98.607,-20.609384,10.0816075,138.603,15.009616,0.3453075,141.269,-24.307184,-1.9725925,89.771,13.164116,-2.7039925,86.4909,-23.734484,-9.8443925,49.4547,13.036616,7.4278075,51.3125,-24.462284,-7.6589925,10.1085,7.628516,-16.5470925,23.6559,-27.367484,5.4125075,1.51855,13.567416,-12.2263925,10.3774
80,-4.586074,0.4581075,98.6498,-4.586074,0.4581075,98.6498,-20.652584,10.1059075,138.632,14.962216,0.3811075,141.304,-24.358284,-2.0723925,89.8025,13.195816,-2.6559925,86.5746,-23.707484,-10.0677925,49.5024,12.947216,7.9163075,51.5149,-24.451184,-8.0381925,10.0933,7.674716,-15.6318925,23.4304,-27.371784,5.0119075,1.51501,13.678016,-10.9977925,10.2948
80.5,-4.604524,0.5062075,98.6842,-4.604524,0.5062075,98.6842,-20.696284,10.1340075,138.65,14.926216,0.4204075,141.332,-24.389884,-2.1794925,89.8325,13.218016,-2.5950925,86.6528,-23.658784,-10.3125925,49.5424,12.848016,8.3676075,51.7009,-24.426584,-8.4230925,10.0736,7.732016,-14.6971925,23.1633,-27.379384,4.6102075,1.51054,13.812116,-9.7337925,10.1989
81,-4.621814,0.5538075,98.7161,-4.621814,0.5538075,98.7161,-20.742984,10.1642075,138.664,14.891216,0.4598075,141.358,-24.412684,-2.2864925,89.8622,13.240816,-2.5335925,86.7298,-23.612384,-10.5621925,49.5806,12.747016,8.8052075,51.8786,-24.398784,-8.8091925,10.0549,7.794016,-13.7561925,22.8857,-27.387284,4.2081075,1.50601,13.945616,-8.4575925,10.0986
81.5,-4.632724,0.6000075,98.7383,-4.632724,0.6000075,98.7383,-20.790984,10.1999075,138.67,14.868016,0.5007075,141.373,-24.408284,-2.3951925,89.886,13.258516,-2.4626925,86.7989,-23.561684,-10.8339925,49.6153,12.636416,9.2005075,52.0334,-24.364784,-9.2017925,10.041,7.869916,-12.8029925,22.5739,-27.398084,3.8042075,1.50162,14.092516,-7.1478925,9.98623
82,-4.641544,0.6457075,98.7587,-4.641544,0.6457075,98.7587,-20.835184,10.2354075,138.673,14.844816,0.5421075,141.388,-24.393384,-2.5025925,89.9098,13.272816,-2.3905925,86.8649,-23.510784,-11.1088925,49.649,12.526316,9.5817075,52.1788,-24.334284,-9.5946925,10.032,7.950316,-11.8430925,22.2549,-27.407584,3.3993075,1.49678,14.238716,-5.8279925,9.87176
82.5,-4.642464,0.6889075,98.7704,-4.642464,0.6889075,98.7704,-20.876384,10.2732075,138.672,14.831616,0.5834075,141.391,-24.351184,-2.6099925,89.925,13.293216,-2.3161925,86.9217,-23.471984,-11.3948925,49.6855,12.415316,9.9202075,52.2999,-24.309284,-9.9920925,10.0358,8.046216,-10.8734925,21.911,-27.418284,2.9922075,1.49316,14.386116,-4.4814925,9.74524
83,-4.640724,0.7313075,98.7812,-4.640724,0.7313075,98.7812,-20.908584,10.3082075,138.672,14.817916,0.6255075,141.393,-24.299884,-2.7162925,89.9399,13.307816,-2.2405925,86.9744,-23.431884,-11.6810925,49.7227,12.308416,10.2457075,52.4138,-24.292184,-10.3889925,10.0464,8.145716,-9.8980925,21.5634,-27.425384,2.5832075,1.48817,14.533516,-3.1290925,9.61897
83.5,-4.629364,0.7698075,98.786,-4.629364,0.7698075,98.786,-20.931884,10.3392075,138.673,14.812116,0.6671075,141.385,-24.228084,-2.8237925,89.9468,13.339916,-2.1698925,87.0187,-23.408684,-11.9623925,49.7668,12.213816,10.5338075,52.5077,-24.289384,-10.7866925,10.0725,8.258216,-8.9121925,21.2006,-27.431584,2.1721075,1.4852,14.673416,-1.7607925,9.48309
84,-4.615574,0.8070075,98.791,-4.615574,0.8070075,98.791,-20.944884,10.3657075,138.677,14.805516,0.7098075,141.378,-24.151784,-2.9315925,89.9527,13.367616,-2.0992925,87.0596,-23.385784,-12.2405925,49.8132,12.126516,10.8112075,52.598,-24.295084,-11.1836925,10.1044,8.372916,-7.9231925,20.8369,-27.432884,1.7585075,1.48007,14.813916,-0.3927925,9.34996
84.5,-4.591844,0.8395075,98.7931,-4.591844,0.8395075,98.7931,-20.947184,10.3822075,138.682,14.805116,0.7524075,141.365,-24.065384,-3.0426925,89.954,13.417016,-2.0376925,87.0949,-23.369884,-12.5026925,49.8658,12.062916,11.0604075,52.6758,-24.314884,-11.5777925,10.147,8.493616,-6.9235925,20.4659,-27.431684,1.3433075,1.47721,14.943716,0.9789075,9.21358
85,-4.566364,0.8704075,98.7957,-4.566364,0.8704075,98.7957,-20.941284,10.3941075,138.692,14.804016,0.7962075,141.353,-23.979884,-3.1555925,89.954,13.466716,-1.9782925,87.1279,-23.357084,-12.7591925,49.9214,12.007816,11.3019075,52.7516,-24.339384,-11.9715925,10.192,8.614616,-5.9247925,20.0954,-27.426784,0.9254075,1.47244,15.072816,2.3435075,9.08182
85.5,-4.533194,0.8969075,98.7974,-4.533194,0.8969075,98.7974,-20.929284,10.3936075,138.701,14.808716,0.8414075,141.34,-23.894584,-3.2721925,89.9538,13.532216,-1.9274925,87.1593,-23.333884,-12.9985925,49.9784,11.980516,11.5234075,52.8206,-24.368184,-12.3605925,10.2377,8.732516,-4.9193925,19.7223,-27.419284,0.5071075,1.46955,15.191516,3.6999075,8.95533
86,-4.498594,0.9215075,98.7991,-4.498594,0.9215075,98.7991,-20.912284,10.3895075,138.712,14.812916,0.8879075,141.328,-23.813284,-3.3911925,89.9523,13.603916,-1.8801925,87.189,-23.314284,-13.2323925,50.0373,11.959616,11.7389075,52.8854,-24.395984,-12.7503925,10.2813,8.847916,-3.9191925,19.3497,-27.412184,0.0873075,1.46656,15.306216,5.0438075,8.83372
86.5,-4.460784,0.9430075,98.7997,-4.460784,0.9430075,98.7997,-20.897984,10.3753075,138.717,14.823216,0.9377075,141.32,-23.739284,-3.5112925,89.9535,13.678316,-1.8371925,87.2191,-23.271184,-13.4574925,50.0916,11.961616,11.9372075,52.943,-24.412984,-13.1365925,10.3152,8.952316,-2.9210925,18.9759,-27.403884,-0.3315925,1.46459,15.409616,6.3693075,8.72436
87,-4.421084,0.9629075,98.7985,-4.421084,0.9629075,98.7985,-20.880984,10.3585075,138.721,14.834316,0.9893075,141.312,-23.667984,-3.6332925,89.9535,13.762016,-1.7961925,87.2465,-23.228084,-13.6793925,50.1454,11.965716,12.1287075,52.9903,-24.423884,-13.5244925,10.344,9.051016,-1.9322925,18.6016,-27.401684,-0.7496925,1.46531,15.504416,7.6794075,8.6181
87.5,-4.382804,0.9814075,98.7939,-4.382804,0.9814075,98.7939,-20.873784,10.3370075,138.714,14.852016,1.0464075,141.307,-23.606184,-3.7521925,89.9564,13.835916,-1.7532925,87.2722,-23.161784,-13.9037925,50.1916,11.980916,12.2983075,53.0226,-24.412584,-13.9123925,10.3573,9.134916,-0.9562925,18.2267,-27.400584,-1.1652925,1.46605,15.583016,8.9632075,8.52653
88,-4.341634,0.9988075,98.7854,-4.341634,0.9988075,98.7854,-20.863984,10.3131075,138.702,14.872916,1.1060075,141.301,-23.542284,-3.8711925,89.9583,13.916816,-1.7083925,87.2931,-23.088784,-14.1291925,50.2343,11.994216,12.4579075,53.0384,-24.392884,-14.3020925,10.3652,9.210016,0.0069075,17.85,-27.409384,-1.5781925,1.47175,15.648616,10.2312075,8.43482
88.5,-4.303964,1.0165075,98.7699,-4.303964,1.0165075,98.7699,-20.864084,10.2895075,138.676,14.900516,1.1736075,141.296,-23.484584,-3.9834925,89.9602,13.983916,-1.6557925,87.3054,-23.006384,-14.3636925,50.2711,12.006016,12.5863075,53.0269,-24.349984,-14.6957925,10.3601,9.270916,0.9484075,17.4746,-27.421984,-1.9873925,1.47682,15.690016,11.4670075,8.35534
89,-4.262664,1.0336075,98.749,-4.262664,1.0336075,98.749,-20.860684,10.2627075,138.642,14.934716,1.2441075,141.288,-23.419784,-4.0937925,89.9616,14.050616,-1.5960925,87.311,-22.911684,-14.6025925,50.3028,12.014416,12.7008075,52.9962,-24.299884,-15.0904925,10.3523,9.321616,1.8743075,17.0979,-27.443284,-2.3934925,1.48688,15.715616,12.6869075,8.27262
89.5,-4.222734,1.0520075,98.7184,-4.222734,1.0520075,98.7184,-20.857784,10.2382075,138.596,14.974916,1.3253075,141.277,-23.353784,-4.1962925,89.9594,14.110916,-1.5253925,87.2988,-22.826484,-14.8486925,50.3337,12.014016,12.7760075,52.928,-24.237184,-15.4906925,10.3411,9.361216,2.7737075,16.7271,-27.469984,-2.7959925,1.49631,15.710416,13.8705075,8.19745
90,-4.179454,1.0704075,98.6825,-4.179454,1.0704075,98.6825,-20.851684,10.2100075,138.542,15.025216,1.4096075,141.261,-23.278684,-4.2951925,89.9574,14.162316,-1.4443925,87.2795,-22.727884,-15.1000925,50.3599,12.012316,12.8350075,52.8433,-24.172084,-15.8901925,10.3321,9.392016,3.6556075,16.3571,-27.498884,-3.1970925,1.50788,15.688616,15.0357075,8.1177
90.5,-4.131794,1.0900075,98.6366,-4.131794,1.0900075,98.6366,-20.831484,10.1819075,138.48,15.080816,1.5060075,141.239,-23.193484,-4.3875925,89.9499,14.221416,-1.3523925,87.2355,-22.650384,-15.3499925,50.3908,12.003016,12.8536075,52.7191,-24.110884,-16.2931925,10.3318,9.414316,4.5082075,15.9999,-27.532384,-3.5968925,1.51931,15.636416,16.1598075,8.04219
91,-4.082164,1.1101075,98.5876,-4.082164,1.1101075,98.5876,-20.810184,10.1514075,138.413,15.147516,1.6058075,141.213,-23.102384,-4.4761925,89.9434,14.268616,-1.2512925,87.186,-22.565684,-15.6019925,50.4199,11.996616,12.8572075,52.585,-24.054284,-16.6933925,10.3389,9.432616,5.3424075,15.6466,-27.559084,-3.9977925,1.52845,15.568916,17.2601075,7.96332
91.5,-4.021954,1.1308075,98.5312,-4.021954,1.1308075,98.5312,-20.763584,10.1175075,138.345,15.219816,1.7169075,141.179,-22.994384,-4.5607925,89.9331,14.335616,-1.1419925,87.1113,-22.499684,-15.8429925,50.4561,11.991516,12.8282075,52.4196,-24.015584,-17.0918925,10.3643,9.443516,6.1420075,15.3124,-27.586384,-4.4020925,1.53744,15.478816,18.3094075,7.88882
92,-3.960964,1.1520075,98.4743,-3.960964,1.1520075,98.4743,-20.717184,10.0833075,138.276,15.300316,1.8317075,141.145,-22.885384,-4.6421925,89.9242,14.396016,-1.0286925,87.033,-22.434584,-16.0810925,50.4939,11.992016,12.7881075,52.2496,-23.986984,-17.4864925,10.3999,9.455116,6.9225075,14.9836,-27.602184,-4.8089925,1.54142,15.377616,19.3291075,7.81319
92.5,-3.886414,1.1729075,98.4153,-3.886414,1.1729075,98.4153,-20.643984,10.0448075,138.212,15.386716,1.9551075,141.107,-22.758784,-4.7209925,89.9162,14.480216,-0.9121925,86.9366,-22.374884,-16.3021925,50.5377,12.004916,12.7287075,52.062,-23.981784,-17.8734925,10.4565,9.459916,7.6557075,14.6759,-27.612384,-5.2241925,1.54441,15.266016,20.2797075,7.74386
93,-3.811364,1.1941075,98.3573,-3.811364,1.1941075,98.3573,-20.571384,10.0079075,138.15,15.477216,2.0818075,141.069,-22.634084,-4.7974925,89.9098,14.566416,-0.7959925,86.8375,-22.320684,-16.5170925,50.5848,12.023016,12.6610075,51.8709,-23.987684,-18.2564925,10.5225,9.466916,8.3672075,14.3717,-27.612484,-5.6417925,1.54276,15.149316,21.1960075,7.67444
93.5,-3.724504,1.2141075,98.3018,-3.724504,1.2141075,98.3018,-20.479984,9.9700075,138.096,15.572616,2.2133075,141.036,-22.496784,-4.8704925,89.9094,14.671116,-0.6812925,86.7303,-22.255784,-16.7153925,50.6346,12.059316,12.5841075,51.6707,-24.011984,-18.6283925,10.6044,9.468416,9.0094075,14.0821,-27.603684,-6.0699925,1.5396,15.032816,22.0172075,7.60949
94,-3.636814,1.2338075,98.2471,-3.636814,1.2338075,98.2471,-20.388884,9.9345075,138.046,15.668416,2.3470075,141.004,-22.361084,-4.9416925,89.9102,14.784716,-0.5685925,86.6202,-22.196584,-16.9071925,50.6875,12.098216,12.4992075,51.4644,-24.043984,-18.9974925,10.692,9.470116,9.6268075,13.7923,-27.590484,-6.4990925,1.53448,14.917016,22.8026075,7.54316
94.5,-3.542514,1.2515075,98.1957,-3.542514,1.2515075,98.1957,-20.290584,9.9038075,138.002,15.767616,2.4818075,140.981,-22.219684,-5.0060925,89.9194,14.904516,-0.4567925,86.5078,-22.116384,-17.0879925,50.7394,12.151016,12.4020075,51.2437,-24.081884,-19.3566925,10.7843,9.466916,10.1456075,13.5016,-27.571284,-6.9363925,1.52901,14.806416,23.4633075,7.46956
95,-3.447034,1.2684075,98.1438,-3.447034,1.2684075,98.1438,-20.191684,9.8747075,137.959,15.865416,2.6176075,140.96,-22.078284,-5.0688925,89.929,15.034616,-0.3454925,86.3918,-22.039284,-17.2642925,50.793,12.203416,12.2953075,51.0137,-24.121684,-19.7145925,10.8776,9.460916,10.6383075,13.2068,-27.554184,-7.3729925,1.52462,14.700516,24.0908075,7.39139
95.5,-3.350424,1.2825075,98.0901,-3.350424,1.2825075,98.0901,-20.093184,9.8537075,137.918,15.966816,2.7526075,140.948,-21.935484,-5.1210925,89.9446,15.156416,-0.2260925,86.2698,-21.942684,-17.4361925,50.8437,12.257116,12.1565075,50.7494,-24.153084,-20.0681925,10.963,9.448916,11.0034075,12.8912,-27.540084,-7.8108925,1.52277,14.598616,24.5678075,7.28252
96,-3.252674,1.2958075,98.0346,-3.252674,1.2958075,98.0346,-19.993084,9.8330075,137.876,16.067116,2.8877075,140.936,-21.791184,-5.1719925,89.9597,15.284316,-0.1040925,86.1438,-21.846284,-17.6062925,50.8946,12.308716,12.0067075,50.475,-24.181684,-20.4219925,11.0458,9.432016,11.3449075,12.57,-27.531384,-8.2475925,1.52358,14.502316,25.0180075,7.16579
96.5,-3.156334,1.3057075,97.9681,-3.156334,1.3057075,97.9681,-19.891984,9.8170075,137.827,16.175916,3.0231075,140.926,-21.646084,-5.2097925,89.9747,15.392016,0.0426075,85.9997,-21.742584,-17.7746925,50.9432,12.347916,11.7952075,50.1434,-24.191984,-20.7784925,11.1114,9.406716,11.5413075,12.2132,-27.535984,-8.6778925,1.52994,14.406616,25.3041075,6.98897
97,-3.059224,1.3150075,97.8993,-3.059224,1.3150075,97.8993,-19.788584,9.7999075,137.776,16.285016,3.1585075,140.914,-21.499284,-5.2467925,89.9886,15.499816,0.1941075,85.8521,-21.637884,-17.9427925,50.9911,12.385516,11.5739075,49.8042,-24.197784,-21.1357925,11.1733,9.377116,11.7200075,11.8523,-27.545284,-9.1072925,1.53855,14.315016,25.5713075,6.803
97.5,-2.961574,1.3213075,97.8111,-2.961574,1.3213075,97.8111,-19.674384,9.7774075,137.71,16.413316,3.2984075,140.892,-21.349684,-5.2716925,89.9956,15.581016,0.3883075,85.6732,-21.542784,-18.1050925,51.0387,12.404616,11.2678075,49.399,-24.183384,-21.5002925,11.216,9.336816,11.7573075,11.456,-27.572384,-9.5258925,1.55334,14.223516,25.6790075,6.53408
98,-2.863464,1.3275075,97.7212,-2.863464,1.3275075,97.7212,-19.557884,9.7534075,137.643,16.543516,3.4389075,140.867,-21.199184,-5.2959925,90.0018,15.658516,0.5873075,85.4923,-21.446984,-18.2672925,51.0856,12.423516,10.9553075,48.9905,-24.165684,-21.8654925,11.2561,9.294416,11.7844075,11.0586,-27.601284,-9.9443925,1.56892,14.133416,25.7755075,6.25763
98.5,-2.759124,1.3327075,97.6103,-2.759124,1.3327075,97.6103,-19.417884,9.7118075,137.559,16.707816,3.5911075,140.819,-21.044684,-5.3122925,89.9985,15.709516,0.8391075,85.277,-21.373384,-18.4134925,51.1338,12.431316,10.5597075,48.5356,-24.133284,-22.2364925,11.2836,9.243116,11.6969075,10.6471,-27.641884,-10.3539925,1.58739,14.049216,25.7349075,5.89598
99,-2.654404,1.3380075,97.4989,-2.654404,1.3380075,97.4989,-19.276284,9.6691075,137.475,16.874216,3.7443075,140.77,-20.889784,-5.3283925,89.9949,15.757216,1.0938075,85.061,-21.299884,-18.5589925,51.1819,12.439716,10.1615075,48.0807,-24.099984,-22.6076925,11.3104,9.191716,11.6054075,10.2367,-27.682084,-10.7638925,1.60557,13.964916,25.6890075,5.5303
99.5,-2.536544,1.3464075,97.3764,-2.536544,1.3464075,97.3764,-19.103284,9.6030075,137.383,17.088716,3.9177075,140.694,-20.732484,-5.3417925,89.987,15.785016,1.3948075,84.8257,-21.250584,-18.6759925,51.232,12.455016,9.7154075,47.629,-24.062284,-22.9768925,11.3387,9.139416,11.4418075,9.85163,-27.718984,-11.1721925,1.62049,13.897016,25.5405075,5.10616
,,,,,,,,,,,,,,,,,,,,,,,,,,,,,,,,,,,,
,6.003284,54.8068925,,,,,,,,,,,,,,,,,,,,,,,,,,,,,,,,,,
