[Gait],,,,,,,,,,,,,,,,,,,,,,,,,,,,,,,,,,,,
氏名,周期,歩行率,立脚,%,遊脚,%,両足支持,%,ストライド,ステップ,歩隔,,,,,,,,,,,,,,,,,,,,,,,,,
Group1(R),0,0,0,0,0,0,0,0,0,0,0,,,,,,,,,,,,,,,,,,,,,,,,,
SD,0,0,0,0,0,0,0,0,0,0,0,,,,,,,,,,,,,,,,,,,,,,,,,
CV,0,0,0,0,0,0,0,0,0,0,0,,,,,,,,,,,,,,,,,,,,,,,,,
Group1(L),0,0,0,0,0,0,0,0,0,0,0,,,,,,,,,,,,,,,,,,,,,,,,,
SD,0,0,0,0,0,0,0,0,0,0,0,,,,,,,,,,,,,,,,,,,,,,,,,
CV,0,0,0,0,0,0,0,0,0,0,0,,,,,,,,,,,,,,,,,,,,,,,,,
[Data],,,,,,,,,,,,,,,,,,,,,,,,,,,,,,,,,,,,
Cycle(%),重心[x](cm),重心[y](cm),重心[z](cm),重心[x](cm),重心[y](cm),重心[z](cm),左肩峰[x](cm),左肩峰[y](cm),左肩峰[z](cm),右肩峰[x](cm),右肩峰[y](cm),右肩峰[z](cm),左大転子[x](cm),左大転子[y](cm),左大転子[z](cm),右大転子[x](cm),右大転子[y](cm),右大転子[z](cm),左外側上顆[x](cm),左外側上顆[y](cm),左外側上顆[z](cm),右外側上顆[x](cm),右外側上顆[y](cm),右外側上顆[z](cm),左外果[x](cm),左外果[y](cm),左外果[z](cm),右外果[x](cm),右外果[y](cm),右外果[z](cm),左第５中足骨頭[x](cm),左第５中足骨頭[y](cm),左第５中足骨頭[z](cm),右第５中足骨頭[x](cm),右第５中足骨頭[y](cm),右第５中足骨頭[z](cm)
0,-0.21851955,-1.27271,95.1115,-0.21851955,-1.27271,95.1115,-23.64929955,6.51559,134.053,18.05700045,-1.32011,136.774,-16.41549955,-5.32791,84.745,18.57920045,-1.96051,85.979,-12.03579955,-20.10491,48.3343,15.91606045,11.65209,49.2898,-6.57649955,-40.32742,12.6419,14.17082045,22.92119,9.69086,-7.64789955,-31.69831,3.1663,16.04802045,35.10189,7.55255
0.5,-0.17739955,-1.24531,95.0705,-0.17739955,-1.24531,95.0705,-23.59409955,6.49809,134.028,18.13610045,-1.23061,136.688,-16.34209955,-5.25971,84.6873,18.61620045,-1.76421,85.9441,-11.98929955,-20.15621,48.3584,15.84513045,11.75149,49.2323,-6.60309955,-40.78625,12.8979,14.07744045,22.57839,9.56154,-7.63609955,-32.33581,3.19064,15.94960045,34.68159,7.18997
1,-0.13601955,-1.21651,95.0307,-0.13601955,-1.21651,95.0307,-23.53909955,6.48089,134.004,18.21450045,-1.13991,136.605,-16.26829955,-5.18961,84.6306,18.65370045,-1.56621,85.9116,-11.94249955,-20.20031,48.3813,15.77521045,11.85159,49.1761,-6.62789955,-41.24138,13.1538,13.98884045,22.23089,9.43532,-7.62349955,-32.97251,3.21206,15.85253045,34.25499,6.82652
1.5,-0.09287955,-1.18131,94.9967,-0.09287955,-1.18131,94.9967,-23.48169955,6.46649,133.985,18.29300045,-1.04481,136.529,-16.19369955,-5.11121,84.5789,18.69000045,-1.35991,85.8908,-11.89029955,-20.21311,48.4012,15.70876045,11.95719,49.1292,-6.64279955,-41.67937,13.4145,13.90814045,21.85639,9.31238,-7.60719955,-33.60311,3.22325,15.75743045,33.79509,6.45186
2,-0.04803955,-1.13611,94.9724,-0.04803955,-1.13611,94.9724,-23.42179955,6.45669,133.973,18.36930045,-0.94371,136.465,-16.11829955,-5.02011,84.5348,18.72370045,-1.14351,85.8893,-11.83229955,-20.17471,48.4131,15.64976045,12.07129,49.0965,-6.64809955,-42.08615,13.6792,13.84453045,21.44429,9.20032,-7.58839955,-34.22781,3.22077,15.67179045,33.28899,6.06996
2.5,-0.00307955,-1.09011,94.9491,-0.00307955,-1.09011,94.9491,-23.36209955,6.44749,133.962,18.44510045,-0.84241,136.404,-16.04309955,-4.92791,84.4918,18.75840045,-0.92711,85.8896,-11.77459955,-20.13041,48.4234,15.59167045,12.18509,49.0651,-6.65309955,-42.48926,13.9439,13.78362045,21.03039,9.09067,-7.56949955,-34.85261,3.21775,15.58815045,32.78009,5.69087
3,0.04368045,-1.03431,94.9375,0.04368045,-1.03431,94.9375,-23.29919955,6.44579,133.961,18.51990045,-0.73491,136.359,-15.97039955,-4.82311,84.4586,18.79230045,-0.71041,85.9083,-11.71439955,-20.02891,48.4233,15.54546045,12.30319,49.0503,-6.65299955,-42.85331,14.212,13.73778045,20.59379,8.99619,-7.54739955,-35.47751,3.20262,15.51703045,32.24579,5.33249
3.5,0.09047045,-0.97181,94.9345,0.09047045,-0.97181,94.9345,-23.23609955,6.44969,133.965,18.59240045,-0.62431,136.329,-15.90019955,-4.70971,84.4324,18.82490045,-0.49591,85.9409,-11.65489955,-19.88211,48.4111,15.50924045,12.42199,49.0474,-6.65369955,-43.18284,14.4826,13.70250045,20.14159,8.9122,-7.52539955,-36.10321,3.18621,15.45991045,31.69399,4.99564
4,0.13743045,-0.90821,94.9332,0.13743045,-0.90821,94.9332,-23.17289955,6.45519,133.971,18.66460045,-0.51341,136.301,-15.83069955,-4.59501,84.4076,18.85890045,-0.28301,85.9756,-11.59599955,-19.72671,48.3965,15.47453045,12.54009,49.0464,-6.65589955,-43.50517,14.7545,13.66937045,19.68709,8.83128,-7.50399955,-36.72951,3.1712,15.40599045,31.14009,4.66522
4.5,0.18523045,-0.83461,94.946,0.18523045,-0.83461,94.946,-23.10749955,6.47159,133.989,18.73590045,-0.39661,136.298,-15.76649955,-4.46861,84.3948,18.89410045,-0.08311,86.0285,-11.54259955,-19.49481,48.3593,15.45686045,12.65439,49.0636,-6.66799955,-43.76157,15.0331,13.65159045,19.21429,8.77021,-7.48329955,-37.36271,3.16332,15.37594045,30.57179,4.38786
5,0.23240045,-0.75761,94.9646,0.23240045,-0.75761,94.9646,-23.04289955,6.49299,134.012,18.80570045,-0.27931,136.306,-15.70529955,-4.33841,84.3862,18.93050045,0.10849,86.0888,-11.49279955,-19.22611,48.309,15.44651045,12.76209,49.088,-6.68809955,-43.98204,15.3189,13.63548045,18.73099,8.71299,-7.46569955,-37.99416,3.17135,15.35920045,29.99539,4.13618
5.5,0.27963045,-0.67891,94.9859,0.27963045,-0.67891,94.9859,-22.97809955,6.51739,134.037,18.87520045,-0.16121,136.32,-15.64509955,-4.20701,84.3802,18.96880045,0.29529,86.1519,-11.44559955,-18.93931,48.2521,15.43884045,12.86699,49.115,-6.71509955,-44.18373,15.6087,13.62268045,18.24349,8.66155,-7.45019955,-38.62678,3.18799,15.34874045,29.41669,3.89881
6,0.32700045,-0.59361,95.0187,0.32700045,-0.59361,95.0187,-22.91369955,6.55229,134.072,18.94510045,-0.03901,136.358,-15.58989955,-4.07021,84.3827,19.01260045,0.45869,86.2264,-11.40999955,-18.56891,48.1629,15.44742045,12.95079,49.1534,-6.76439955,-44.2975,15.917,13.61892045,17.73509,8.62414,-7.44179955,-39.25676,3.24826,15.36525045,28.82749,3.72392
6.5,0.37387045,-0.50741,95.0538,0.37387045,-0.50741,95.0538,-22.84989955,6.58969,134.109,19.01440045,0.08269,136.401,-15.53589955,-3.93371,84.3864,19.05770045,0.61449,86.3032,-11.37719955,-18.17611,48.065,15.45888045,13.02609,49.194,-6.82219955,-44.38339,16.2339,13.61231045,17.21869,8.58574,-7.43649955,-39.87857,3.32908,15.38862045,28.23369,3.5636
7,0.42019045,-0.41961,95.0923,0.42019045,-0.41961,95.0923,-22.78689955,6.63109,134.149,19.08330045,0.20499,136.453,-15.48279955,-3.79841,84.3923,19.10510045,0.75919,86.3825,-11.35079955,-17.74641,47.9511,15.47464045,13.08619,49.2353,-6.89479955,-44.42471,16.564,13.60871045,16.69199,8.55429,-7.43799955,-40.49162,3.44252,15.42182045,27.63449,3.42786
7.5,0.46701045,-0.33021,95.136,0.46701045,-0.33021,95.136,-22.72639955,6.67769,134.195,19.15380045,0.32909,136.519,-15.43039955,-3.66641,84.3998,19.16090045,0.87989,86.465,-11.33489955,-17.24661,47.8079,15.49959045,13.11109,49.2774,-6.98899955,-44.37952,16.9211,13.60780045,16.14289,8.52801,-7.44959955,-41.0756,3.62359,15.47239045,27.02399,3.33576
8,0.51342045,-0.24101,95.1802,0.51342045,-0.24101,95.1802,-22.66599955,6.72509,134.241,19.22400045,0.45269,136.587,-15.37779955,-3.53631,84.4069,19.21660045,0.99519,86.5475,-11.32039955,-16.73371,47.6603,15.52535045,13.12749,49.3189,-7.08919955,-44.31366,17.2856,13.60411045,15.58819,8.50037,-7.46349955,-41.64642,3.82124,15.52478045,26.41069,3.25016
8.5,0.55865045,-0.15261,95.2256,0.55865045,-0.15261,95.2256,-22.60879955,6.77399,134.289,19.29340045,0.57619,136.662,-15.32369955,-3.41431,84.4124,19.27360045,1.09379,86.6299,-11.31359955,-16.16851,47.4909,15.55501045,13.10699,49.3547,-7.20459955,-44.17769,17.6749,13.60146045,15.01609,8.47725,-7.48889955,-42.17411,4.08288,15.58348045,25.78709,3.18797
9,0.60456045,-0.06631,95.2713,0.60456045,-0.06631,95.2713,-22.55439955,6.82239,134.337,19.36400045,0.69939,136.741,-15.26609955,-3.30111,84.4147,19.33660045,1.17389,86.711,-11.31199955,-15.55541,47.3053,15.58709045,13.04739,49.3839,-7.33139955,-43.97227,18.0898,13.59931045,14.42539,8.456,-7.52319955,-42.64442,4.40747,15.64636045,25.15259,3.14647
9.5,0.64983045,0.01909,95.3165,0.64983045,0.01909,95.3165,-22.50049955,6.87029,134.385,19.43410045,0.82209,136.819,-15.20749955,-3.19121,84.4158,19.39750045,1.24909,86.791,-11.31119955,-14.93161,47.1173,15.61949045,12.97659,49.4105,-7.46149955,-43.74792,18.5111,13.59580045,13.83079,8.43469,-7.55959955,-43.09379,4.74681,15.70770045,24.51589,3.10717
10,0.69381045,0.10029,95.3599,0.69381045,0.10029,95.3599,-22.45199955,6.91419,134.431,19.50250045,0.94359,136.897,-15.14479955,-3.09581,84.4111,19.45670045,1.30699,86.869,-11.31319955,-14.25831,46.9166,15.65356045,12.85409,49.4263,-7.59149955,-43.45098,18.958,13.59265045,13.21779,8.41471,-7.60669955,-43.45075,5.15534,15.76574045,23.86599,3.07911
10.5,0.73764045,0.17779,95.4014,0.73764045,0.17779,95.4014,-22.40619955,6.95479,134.475,19.57020045,1.06329,136.971,-15.07709955,-3.01111,84.4025,19.51570045,1.35159,86.9444,-11.31609955,-13.55601,46.7143,15.68679045,12.69529,49.4331,-7.72269955,-43.10232,19.4219,13.59117045,12.59349,8.39914,-7.65999955,-43.72995,5.60458,15.81851045,23.20799,3.05817
11,0.78073045,0.25319,95.4417,0.78073045,0.25319,95.4417,-22.36169955,6.99289,134.518,19.63700045,1.18209,137.044,-15.00819955,-2.93151,84.3922,19.57120045,1.39069,87.0185,-11.31879955,-12.84321,46.5127,15.72083045,12.52069,49.4364,-7.85059955,-42.73471,19.89,13.58938045,11.96569,8.38336,-7.71479955,-43.97179,6.06657,15.86752045,22.54749,3.03665
11.5,0.82139045,0.32209,95.4792,0.82139045,0.32209,95.4792,-22.32339955,7.02329,134.557,19.69910045,1.29779,137.111,-14.93509955,-2.86881,84.376,19.61890045,1.41289,87.09,-11.31829955,-12.09431,46.3179,15.75359045,12.29309,49.4281,-7.96179955,-42.30605,20.3721,13.58854045,11.32519,8.37036,-7.77579955,-44.07809,6.57334,15.90461045,21.87539,3.01706
12,0.86118045,0.38729,95.5153,0.86118045,0.38729,95.5153,-22.28829955,7.04999,134.593,19.75950045,1.41089,137.171,-14.85929955,-2.81501,84.3593,19.66230045,1.42559,87.1598,-11.31569955,-11.33231,46.133,15.78598045,12.03919,49.4136,-8.06479955,-41.84531,20.8577,13.59195045,10.68059,8.36422,-7.83899955,-44.10433,7.08986,15.93419045,21.19909,2.99921
12.5,0.89990045,0.44889,95.5502,0.89990045,0.44889,95.5502,-22.25529955,7.07209,134.628,19.81750045,1.52199,137.229,-14.78289955,-2.76801,84.3415,19.70130045,1.42989,87.2284,-11.31129955,-10.56021,45.9581,15.81966045,11.76399,49.396,-8.15559955,-41.36313,21.3414,13.59610045,10.03269,8.35787,-7.90259955,-44.06155,7.6107,15.95840045,20.51999,2.98033
13,0.93434045,0.50369,95.5838,0.93434045,0.50369,95.5838,-22.22809955,7.08689,134.658,19.86760045,1.62779,137.279,-14.70639955,-2.73521,84.3233,19.72650045,1.41719,87.2949,-11.30079955,-9.76891,45.8085,15.85071045,11.44809,49.3713,-8.22119955,-40.83563,21.8203,13.60143045,9.37999,8.35703,-7.96689955,-43.86873,8.13556,15.96926045,19.83469,2.96122
13.5,0.96782045,0.55549,95.6174,0.96782045,0.55549,95.6174,-22.20389955,7.09909,134.687,19.91560045,1.73049,137.326,-14.63079955,-2.70751,84.3085,19.74860045,1.39749,87.3609,-11.28749955,-8.97341,45.6738,15.88292045,11.11649,49.3451,-8.27369955,-40.29151,22.2916,13.61125045,8.72619,8.36147,-8.03129955,-43.60901,8.65006,15.97621045,19.14739,2.94392
14,0.99906045,0.60259,95.6516,0.99906045,0.60259,95.6516,-22.18269955,7.10639,134.714,19.95840045,1.82919,137.369,-14.55779955,-2.68641,84.2972,19.76540045,1.36429,87.4255,-11.27139955,-8.17261,45.5642,15.91589045,10.76409,49.3181,-8.30909955,-39.72269,22.7481,13.62312045,8.07039,8.36786,-8.09389955,-43.24747,9.14556,15.97828045,18.45869,2.92774
14.5,1.02550045,0.64429,95.6871,1.02550045,0.64429,95.6871,-22.16599955,7.10979,134.74,19.99260045,1.92139,137.408,-14.49039955,-2.67321,84.2931,19.76990045,1.31509,87.4887,-11.24999955,-7.36601,45.4877,15.94798045,10.38839,49.2909,-8.32079955,-39.12339,23.1833,13.63620045,7.41379,8.37867,-8.15449955,-42.75883,9.61345,15.97298045,17.76869,2.91315
15,1.05107045,0.68379,95.7241,1.05107045,0.68379,95.7241,-22.15159955,7.11179,134.764,20.02410045,2.01029,137.448,-14.42669955,-2.66231,84.2948,19.77440045,1.25939,87.5517,-11.22639955,-6.55881,45.4286,15.98162045,10.00359,49.2653,-8.31899955,-38.51324,23.6035,13.65225045,6.75589,8.39165,-8.21439955,-42.21261,10.061,15.96792045,17.07769,2.90179
15.5,1.07297045,0.71849,95.7643,1.07297045,0.71849,95.7643,-22.14029955,7.11139,134.789,20.04810045,2.09249,137.487,-14.37109955,-2.65421,84.308,19.77520045,1.18499,87.6123,-11.20099955,-5.75291,45.4062,16.01561045,9.60439,49.2428,-8.30499955,-37.87401,23.9937,13.67052045,6.09619,8.40784,-8.27209955,-41.55601,10.4645,15.96221045,16.38739,2.89394
16,1.09123045,0.74959,95.8075,1.09123045,0.74959,95.8075,-22.13179955,7.11009,134.813,20.06470045,2.16819,137.527,-14.32459955,-2.64841,84.3326,19.77120045,1.09689,87.6714,-11.17239955,-4.94761,45.4143,16.05041045,9.19409,49.2242,-8.27329955,-37.21361,24.3536,13.68946045,5.43479,8.42437,-8.32809955,-40.80931,10.8297,15.95656045,15.69759,2.8891
16.5,1.10852045,0.77919,95.8534,1.10852045,0.77919,95.8534,-22.12489955,7.10889,134.838,20.07770045,2.24049,137.571,-14.28349955,-2.64251,84.3653,19.77070045,1.00209,87.7297,-11.14289955,-4.14431,45.4411,16.08617045,8.77879,49.2084,-8.23299955,-36.54151,24.6935,13.70975045,4.77099,8.44071,-8.38369955,-40.01294,11.169,15.95340045,15.00749,2.88769
17,1.12224045,0.80469,95.904,1.12224045,0.80469,95.904,-22.12009955,7.10859,134.865,20.08310045,2.30399,137.618,-14.25439955,-2.63451,84.4152,19.77230045,0.88639,87.7838,-11.11439955,-3.34661,45.5061,16.12300045,8.35439,49.198,-8.19049955,-35.83521,24.9915,13.73169045,4.10299,8.45842,-8.43959955,-39.1238,11.4525,15.95578045,14.31859,2.89033
17.5,1.13386045,0.82799,95.9579,1.13386045,0.82799,95.9579,-22.11629955,7.10899,134.892,20.08260045,2.36219,137.67,-14.23459955,-2.62521,84.4766,19.77650045,0.76039,87.8357,-11.08459955,-2.55181,45.5941,16.16070045,7.92409,49.1917,-8.13779955,-35.11211,25.2574,13.75351045,3.43109,8.47255,-8.49509955,-38.17873,11.7021,15.96181045,13.62989,2.8949
18,1.14426045,0.85009,96.015,1.14426045,0.85009,96.015,-22.11349955,7.11079,134.92,20.07790045,2.41609,137.728,-14.22129955,-2.61321,84.5479,19.78680045,0.62669,87.885,-11.05539955,-1.76161,45.7009,16.19810045,7.48999,49.1874,-8.08419955,-34.37131,25.4969,13.77498045,2.75499,8.48524,-8.55179955,-37.19181,11.9213,15.97096045,12.94089,2.90113
18.5,1.15301045,0.86929,96.0757,1.15301045,0.86929,96.0757,-22.11169955,7.11509,134.95,20.06790045,2.46179,137.792,-14.21869955,-2.59681,84.6353,19.80620045,0.47689,87.9292,-11.02889955,-0.97871,45.8363,16.23840045,7.04769,49.1872,-8.03509955,-33.59771,25.6927,13.79863045,2.07259,8.49651,-8.61189955,-36.14571,12.0927,15.98798045,12.25169,2.90936
19,1.16040045,0.88689,96.139,1.16040045,0.88689,96.139,-22.10939955,7.12029,134.98,20.05250045,2.50319,137.863,-14.22379955,-2.57671,84.7324,19.83190045,0.31859,87.9693,-11.00339955,-0.20131,45.9892,16.27760045,6.59899,49.1883,-7.98449955,-32.80421,25.8527,13.82102045,1.38469,8.50274,-8.67289955,-35.06301,12.2333,16.00806045,11.56199,2.91678
19.5,1.16688045,0.90349,96.2037,1.16688045,0.90349,96.2037,-22.10749955,7.12769,135.011,20.03380045,2.53979,137.94,-14.23379955,-2.55251,84.8371,19.86320045,0.15379,88.0055,-10.97889955,0.56989,46.155,16.31680045,6.14489,49.1894,-7.93679955,-31.99141,25.9838,13.84257045,0.69239,8.50695,-8.73649955,-33.95471,12.3478,16.03035045,10.87139,2.92317
20,1.17363045,0.91779,96.2701,1.17363045,0.91779,96.2701,-22.10579955,7.13659,135.042,20.01210045,2.56989,138.021,-14.25029955,-2.52381,84.9526,19.90690045,-0.01991,88.0364,-10.95699955,1.33189,46.3389,16.35870045,5.68099,49.1909,-7.89359955,-31.15251,26.0734,13.86614045,-0.00611,8.50881,-8.80409955,-32.81271,12.4259,16.05798045,10.17859,2.92942
20.5,1.17908045,0.93069,96.3367,1.17908045,0.93069,96.3367,-22.10329955,7.14569,135.073,19.98640045,2.59709,138.109,-14.27039955,-2.49091,85.0729,19.95440045,-0.20001,88.0621,-10.93789955,2.08489,46.5337,16.39830045,5.20829,49.19,-7.85659955,-30.29071,26.1267,13.88828045,-0.70911,8.5078,-8.87249955,-31.64851,12.4765,16.08515045,9.48499,2.93198
21,1.18435045,0.94209,96.4022,1.18435045,0.94209,96.4022,-22.10109955,7.15659,135.102,19.95830045,2.61909,138.199,-14.29289955,-2.45421,85.197,20.00630045,-0.38381,88.0832,-10.91919955,2.82789,46.7365,16.43860045,4.72719,49.1865,-7.81739955,-29.41311,26.1442,13.91007045,-1.41481,8.50478,-8.94319955,-30.46711,12.5018,16.11240045,8.78939,2.9328
21.5,1.19008045,0.95139,96.4671,1.19008045,0.95139,96.4671,-22.09889955,7.16719,135.13,19.92840045,2.63669,138.293,-14.31749955,-2.41381,85.3251,20.06660045,-0.57131,88.0993,-10.90339955,3.55809,46.9497,16.48000045,4.23479,49.1803,-7.78199955,-28.51531,26.1229,13.93239045,-2.12451,8.50043,-9.01569955,-29.26551,12.4971,16.14050045,8.09129,2.93213
22,1.19437045,0.95929,96.5294,1.19437045,0.95929,96.5294,-22.09669955,7.17679,135.155,19.89650045,2.65229,138.388,-14.34209955,-2.37011,85.4531,20.12450045,-0.76241,88.1107,-10.89029955,4.27599,47.1676,16.51940045,3.73349,49.1703,-7.75309955,-27.59811,26.0682,13.95348045,-2.83571,8.49684,-9.08709955,-28.05031,12.4672,16.16570045,7.39219,2.92809
22.5,1.19860045,0.96469,96.5881,1.19860045,0.96469,96.5881,-22.09539955,7.18669,135.177,19.86260045,2.66259,138.483,-14.36629955,-2.32401,85.5796,20.18360045,-0.95421,88.1171,-10.87779955,4.97509,47.3909,16.55940045,3.22129,49.155,-7.71329955,-26.67041,25.966,13.97386045,-3.54651,8.49178,-9.15749955,-26.81771,12.406,16.18750045,6.69089,2.92307
23,1.20220045,0.96809,96.6439,1.20220045,0.96809,96.6439,-22.09479955,7.19499,135.197,19.82800045,2.67049,138.577,-14.38989955,-2.27611,85.7047,20.24200045,-1.14711,88.1198,-10.86779955,5.65809,47.6188,16.59920045,2.70019,49.1367,-7.67589955,-25.72861,25.8308,13.99314045,-4.25761,8.488,-9.22579955,-25.57091,12.3178,16.20710045,5.98829,2.91714
23.5,1.20432045,0.96969,96.6954,1.20432045,0.96969,96.6954,-22.09549955,7.20159,135.211,19.79310045,2.67669,138.667,-14.41199955,-2.22651,85.8264,20.29380045,-1.34151,88.119,-10.86059955,6.32449,47.8487,16.63820045,2.17219,49.1154,-7.63889955,-24.77391,25.6612,14.01110045,-4.96731,8.48689,-9.28989955,-24.31121,12.2025,16.22410045,5.28489,2.91104
24,1.20524045,0.96809,96.7417,1.20524045,0.96809,96.7417,-22.09799955,7.20649,135.221,19.75610045,2.67839,138.755,-14.43199955,-2.17661,85.9424,20.34020045,-1.53481,88.114,-10.85409955,6.96289,48.0815,16.67630045,1.63569,49.0889,-7.58819955,-23.81311,25.4421,14.02645045,-5.67401,8.48543,-9.34799955,-23.03091,12.0517,16.23570045,4.58079,2.90531
24.5,1.20446045,0.96429,96.7835,1.20446045,0.96429,96.7835,-22.10259955,7.20939,135.227,19.71960045,2.67839,138.839,-14.45119955,-2.12671,86.0541,20.37890045,-1.72861,88.1063,-10.85029955,7.58039,48.3158,16.71440045,1.09449,49.0613,-7.53599955,-22.84201,25.1889,14.03931045,-6.37801,8.48691,-9.39979955,-21.73501,11.8711,16.24550045,3.87679,2.90097
25,1.20204045,0.95829,96.8205,1.20204045,0.95829,96.8205,-22.10939955,7.20989,135.228,19.68340045,2.67669,138.916,-14.46939955,-2.07751,86.1609,20.40960045,-1.92161,88.0963,-10.84899955,8.17609,48.5506,16.75230045,0.55019,49.0326,-7.47959955,-21.86381,24.9027,14.04995045,-7.07951,8.49067,-9.44469955,-20.42371,11.6632,16.25390045,3.17289,2.89877
25.5,1.19710045,0.94929,96.8525,1.19710045,0.94929,96.8525,-22.11819955,7.20819,135.226,19.64540045,2.67219,138.989,-14.48669955,-2.02941,86.2616,20.43000045,-2.11461,88.0835,-10.84959955,8.74169,48.7858,16.78790045,0.00359,49.0018,-7.41379955,-20.87901,24.5756,14.05601045,-7.77771,8.49434,-9.48079955,-19.09071,11.4236,16.25910045,2.47029,2.89801
26,1.19005045,0.93759,96.8789,1.19005045,0.93759,96.8789,-22.13059955,7.20419,135.218,19.60880045,2.66559,139.054,-14.50429955,-1.98371,86.3566,20.44070045,-2.30671,88.0685,-10.85259955,9.27969,49.0199,16.82450045,-0.54291,48.9729,-7.34179955,-19.88641,24.2109,14.05812045,-8.47231,8.50026,-9.50709955,-17.73761,11.1521,16.26500045,1.76879,2.90065
26.5,1.18100045,0.92359,96.9009,1.18100045,0.92359,96.9009,-22.14509955,7.19719,135.206,19.57280045,2.65789,139.112,-14.52259955,-1.94061,86.4468,20.44380045,-2.49721,88.0519,-10.85819955,9.79179,49.2521,16.86000045,-1.08861,48.9451,-7.26849955,-18.88541,23.8184,14.05646045,-9.16571,8.50654,-9.52559955,-16.36651,10.8581,16.27130045,1.06869,2.9052
27,1.16933045,0.90729,96.9189,1.16933045,0.90729,96.9189,-22.16129955,7.18859,135.192,19.53590045,2.64889,139.166,-14.54139955,-1.89961,86.5322,20.43690045,-2.68871,88.0334,-10.86589955,10.27689,49.4815,16.89340045,-1.63171,48.9185,-7.19269955,-17.87521,23.3964,14.05103045,-9.85691,8.51311,-9.53579955,-14.97641,10.5415,16.27760045,0.37079,2.91077
27.5,1.15582045,0.88809,96.9311,1.15582045,0.88809,96.9311,-22.18089955,7.17739,135.174,19.50000045,2.63729,139.211,-14.56259955,-1.86351,86.6115,20.42350045,-2.87671,88.0126,-10.87549955,10.73039,49.7058,16.92820045,-2.17101,48.8956,-7.10839955,-16.85711,22.9388,14.03975045,-10.54601,8.51818,-9.53559955,-13.56371,10.2006,16.28720045,-0.32561,2.91923
28,1.14043045,0.86689,96.9398,1.14043045,0.86689,96.9398,-22.20149955,7.16239,135.153,19.46570045,2.62609,139.25,-14.58589955,-1.83131,86.6867,20.40420045,-3.06291,87.9902,-10.88769955,11.15679,49.9238,16.96100045,-2.70681,48.8766,-7.03379955,-15.82261,22.4628,14.02479045,-11.23641,8.52269,-9.52899955,-12.13331,9.84762,16.29910045,-1.01971,2.9275
28.5,1.12345045,0.84379,96.9445,1.12345045,0.84379,96.9445,-22.22329955,7.14619,135.131,19.43130045,2.61449,139.283,-14.61009955,-1.80281,86.7574,20.37940045,-3.24881,87.966,-10.90119955,11.55799,50.1344,16.99320045,-3.23851,48.8602,-6.96079955,-14.77591,21.9645,14.00784045,-11.92571,8.5276,-9.51549955,-10.68661,9.48223,16.31360045,-1.71211,2.93569
29,1.10556045,0.81849,96.945,1.10556045,0.81849,96.945,-22.24609955,7.12719,135.107,19.39710045,2.60099,139.31,-14.63769955,-1.77941,86.8228,20.35320045,-3.43001,87.9391,-10.91489955,11.93429,50.3364,17.02540045,-3.76641,48.847,-6.88289955,-13.72031,21.4449,13.98579045,-12.61571,8.52784,-9.49659955,-9.22311,9.11012,16.33050045,-2.40311,2.9432
29.5,1.08677045,0.79159,96.9414,1.08677045,0.79159,96.9414,-22.26849955,7.10389,135.083,19.36580045,2.58959,139.33,-14.66719955,-1.76151,86.8829,20.32440045,-3.60771,87.9101,-10.93049955,12.28159,50.5244,17.05630045,-4.29001,48.8398,-6.82549955,-12.63851,20.9138,13.96221045,-13.30791,8.52882,-9.47259955,-7.74341,8.73791,16.35120045,-3.09231,2.94879
30,1.06786045,0.76329,96.9341,1.06786045,0.76329,96.9341,-22.29059955,7.07869,135.058,19.33460045,2.57849,139.344,-14.69709955,-1.74801,86.9379,20.29550045,-3.78201,87.8786,-10.94609955,12.60819,50.7005,17.08720045,-4.81181,48.8341,-6.77239955,-11.54321,20.3711,13.93787045,-14.00091,8.52924,-9.44559955,-6.25261,8.36682,16.37390045,-3.78111,2.95253
30.5,1.04905045,0.73349,96.9232,1.04905045,0.73349,96.9232,-22.31139955,7.04989,135.033,19.30350045,2.56729,139.353,-14.72879955,-1.73951,86.9871,20.26800045,-3.95131,87.8441,-10.96069955,12.91449,50.8637,17.11700045,-5.33121,48.831,-6.72259955,-10.43431,19.8185,13.91207045,-14.69451,8.52664,-9.41669955,-4.75071,8.00214,16.39750045,-4.46891,2.95365
31,1.03088045,0.70289,96.9079,1.03088045,0.70289,96.9079,-22.33069955,7.01769,135.008,19.27580045,2.55889,139.355,-14.76059955,-1.73641,87.0293,20.24160045,-4.11451,87.807,-10.97499955,13.19699,51.0078,17.14670045,-5.84901,48.8323,-6.69329955,-9.30041,19.2625,13.88800045,-15.38901,8.52712,-9.38569955,-3.23941,7.64845,16.42280045,-5.15651,2.95226
31.5,1.01355045,0.67109,96.8886,1.01355045,0.67109,96.8886,-22.34739955,6.98119,134.983,19.24820045,2.55189,139.35,-14.79189955,-1.73821,87.0643,20.21740045,-4.27191,87.7665,-10.98809955,13.46069,51.1351,17.17610045,-6.36771,48.8343,-6.67209955,-8.15011,18.7052,13.86422045,-16.08481,8.52727,-9.35469955,-1.72091,7.30687,16.44810045,-5.84441,2.94851
32,0.99716045,0.63859,96.8653,0.99716045,0.63859,96.8653,-22.36209955,6.94119,134.959,19.22100045,2.54689,139.341,-14.82179955,-1.74401,87.0916,20.19500045,-4.42341,87.7228,-10.99969955,13.70669,51.2452,17.20430045,-6.88551,48.8379,-6.65999955,-6.98391,18.1467,13.84353045,-16.77871,8.52964,-9.32339955,-0.19711,6.97919,16.47220045,-6.53221,2.9429
32.5,0.98217045,0.60569,96.8376,0.98217045,0.60569,96.8376,-22.37499955,6.89789,134.933,19.19660045,2.54429,139.324,-14.85019955,-1.75401,87.1108,20.17490045,-4.56771,87.6764,-11.00929955,13.93439,51.3361,17.23300045,-7.40451,48.8435,-6.66149955,-5.80021,17.5909,13.82499045,-17.47151,8.536,-9.29149955,1.33049,6.66658,16.49480045,-7.22081,2.93629
33,0.96831045,0.57189,96.8055,0.96831045,0.57189,96.8055,-22.38439955,6.84919,134.909,19.17270045,2.54489,139.3,-14.87679955,-1.76791,87.1212,20.15590045,-4.70571,87.6265,-11.01719955,14.14429,51.4073,17.26050045,-7.92481,48.8497,-6.67359955,-4.59981,17.0412,13.80998045,-18.16331,8.54618,-9.26049955,2.86119,6.37019,16.51580045,-7.90961,2.92943
33.5,0.95557045,0.53799,96.7687,0.95557045,0.53799,96.7687,-22.39219955,6.79719,134.884,19.14900045,2.54819,139.269,-14.89959955,-1.78481,87.1215,20.13760045,-4.83681,87.5736,-11.02349955,14.33609,51.4584,17.28740045,-8.44431,48.8561,-6.69269955,-3.38701,16.4974,13.79947045,-18.84971,8.56276,-9.22809955,4.39279,6.09106,16.53310045,-8.59911,2.92316
34,0.94380045,0.50369,96.7277,0.94380045,0.50369,96.7277,-22.39879955,6.74169,134.858,19.12730045,2.55349,139.232,-14.92049955,-1.80411,87.1131,20.11990045,-4.96111,87.5179,-11.02779955,14.51159,51.4916,17.31430045,-8.96451,48.8638,-6.72009955,-2.16291,15.961,13.78964045,-19.53361,8.58355,-9.19509955,5.92479,5.8272,16.54750045,-9.28871,2.91863
34.5,0.93289045,0.46919,96.6829,0.93289045,0.46919,96.6829,-22.40359955,6.68149,134.831,19.10700045,2.56289,139.187,-14.93939955,-1.82551,87.0972,20.10160045,-5.08041,87.46,-11.03129955,14.66999,51.5074,17.33980045,-9.48341,48.8728,-6.75559955,-0.92681,15.4339,13.78668045,-20.21301,8.6132,-9.16129955,7.45749,5.57694,16.55990045,-9.97801,2.91621
35,0.92226045,0.43469,96.6327,0.92226045,0.43469,96.6327,-22.40829955,6.61799,134.802,19.08550045,2.57499,139.135,-14.95409955,-1.84841,87.0696,20.08170045,-5.19251,87.399,-11.03349955,14.80679,51.5015,17.36420045,-9.99811,48.8812,-6.79079955,0.31409,14.9212,13.78504045,-20.88531,8.64981,-9.12329955,8.98629,5.34766,16.56770045,-10.66771,2.9172
35.5,0.91164045,0.39999,96.579,0.91164045,0.39999,96.579,-22.41349955,6.55149,134.771,19.06600045,2.58889,139.076,-14.96829955,-1.87191,87.0346,20.06060045,-5.29931,87.3361,-11.03519955,14.92609,51.4801,17.38800045,-10.50901,48.8921,-6.83089955,1.56139,14.4185,13.78420045,-21.55301,8.69229,-9.08359955,10.51359,5.13285,16.57320045,-11.35581,2.92186
36,0.90110045,0.36549,96.5227,0.90110045,0.36549,96.5227,-22.41959955,6.48199,134.739,19.04810045,2.60639,139.011,-14.98139955,-1.89591,86.9947,20.03780045,-5.40261,87.2724,-11.03709955,15.02899,51.4456,17.41100045,-11.01431,48.9049,-6.87459955,2.81419,13.9278,13.78878045,-22.21571,8.74392,-9.04039955,12.03919,4.93024,16.57750045,-12.04331,2.92905
36.5,0.88955045,0.33089,96.462,0.88955045,0.33089,96.462,-22.42719955,6.40929,134.704,19.02780045,2.62619,138.939,-14.99269955,-1.91961,86.9449,20.01240045,-5.49951,87.2061,-11.03929955,15.10679,51.3913,17.43180045,-11.50871,48.918,-6.91179955,4.06209,13.4609,13.79007045,-22.87241,8.79989,-8.99089955,13.55429,4.75412,16.57920045,-12.72931,2.94025
37,0.87701045,0.29679,96.399,0.87701045,0.29679,96.399,-22.43859955,6.33549,134.666,19.00950045,2.64749,138.862,-15.00589955,-1.94251,86.8907,19.98590045,-5.59261,87.1395,-11.04269955,15.16449,51.3239,17.45180045,-11.99171,48.9347,-6.95069955,5.31119,13.0062,13.79388045,-23.52251,8.86405,-8.93849955,15.06479,4.59553,16.57990045,-13.41261,2.95399
37.5,0.86368045,0.26299,96.3344,0.86368045,0.26299,96.3344,-22.45259955,6.25959,134.626,18.99180045,2.67169,138.781,-15.02009955,-1.96471,86.8334,19.95810045,-5.68201,87.0725,-11.04679955,15.20279,51.2448,17.47090045,-12.46291,48.9539,-6.98799955,6.55689,12.5711,13.79798045,-24.16921,8.93361,-8.88009955,16.56649,4.45672,16.58070045,-14.09451,2.96891
38,0.84863045,0.22929,96.2679,0.84863045,0.22929,96.2679,-22.46959955,6.18159,134.584,18.97240045,2.69769,138.696,-15.03579955,-1.98551,86.7716,19.92900045,-5.76631,87.0045,-11.05309955,15.21759,51.1515,17.48770045,-12.91711,48.975,-7.01899955,7.79009,12.1627,13.79858045,-24.81241,9.00605,-8.81669955,18.04969,4.34811,16.58230045,-14.77361,2.98482
38.5,0.83220045,0.19639,96.2006,0.83220045,0.19639,96.2006,-22.49169955,6.10459,134.54,18.95370045,2.72439,138.608,-15.05449955,-2.00431,86.7085,19.90020045,-5.84751,86.937,-11.06079955,15.21369,51.0484,17.50380045,-13.35571,48.9986,-7.04889955,9.01709,11.7699,13.80089045,-25.45011,9.08436,-8.75039955,19.52249,4.26276,16.58370045,-15.45081,2.99935
39,0.81443045,0.16399,96.1333,0.81443045,0.16399,96.1333,-22.51729955,6.02589,134.494,18.93520045,2.75389,138.519,-15.07749955,-2.02181,86.6445,19.87280045,-5.92321,86.8695,-11.06979955,15.18629,50.9335,17.51840045,-13.77381,49.0258,-7.07419955,10.22629,11.4069,13.79989045,-26.08651,9.16491,-8.67829955,20.96909,4.21168,16.58710045,-16.12531,3.01208
39.5,0.79512045,0.13219,96.0662,0.79512045,0.13219,96.0662,-22.54629955,5.94699,134.447,18.91530045,2.78469,138.428,-15.10369955,-2.03741,86.5804,19.84590045,-5.99351,86.8025,-11.08089955,15.13899,50.8084,17.53130045,-14.17231,49.0549,-7.09499955,11.41489,11.0699,13.79882045,-26.72031,9.24897,-8.60429955,22.38759,4.19403,16.59220045,-16.79791,3.02119
40,0.77442045,0.10149,95.9995,0.77442045,0.10149,95.9995,-22.57989955,5.86989,134.399,18.89460045,2.81579,138.339,-15.13249955,-2.05021,86.5161,19.82100045,-6.06001,86.7359,-11.09339955,15.07549,50.6756,17.54390045,-14.55381,49.0849,-7.11539955,12.58879,10.7533,13.79687045,-27.35111,9.33551,-8.52819955,23.78459,4.20462,16.59760045,-17.46951,3.02676
40.5,0.75284045,0.07129,95.9346,0.75284045,0.07129,95.9346,-22.61639955,5.79179,134.351,18.87450045,2.84939,138.25,-15.16729955,-2.06101,86.4537,19.80040045,-6.11811,86.6699,-11.10669955,14.99009,50.5323,17.55470045,-14.90891,49.1183,-7.13149955,13.72159,10.4713,13.79331045,-27.98101,9.4245,-8.45119955,25.12629,4.25877,16.60560045,-18.13881,3.02691
41,0.73022045,0.04229,95.8713,0.73022045,0.04229,95.8713,-22.65509955,5.71519,134.304,18.85260045,2.88419,138.163,-15.20469955,-2.06921,86.393,19.78090045,-6.16941,86.6052,-11.12079955,14.88879,50.3813,17.56420045,-15.24521,49.1521,-7.14469955,14.82419,10.214,13.79310045,-28.60791,9.51846,-8.37489955,26.42909,4.34657,16.61440045,-18.80821,3.02105
41.5,0.70651045,0.01419,95.8089,0.70651045,0.01419,95.8089,-22.69649955,5.64049,134.256,18.82830045,2.91929,138.078,-15.24309955,-2.07411,86.3317,19.76400045,-6.21591,86.5403,-11.13619955,14.77579,50.2242,17.57340045,-15.56611,49.1853,-7.15929955,15.90029,9.97835,13.78940045,-29.23361,9.61281,-8.29869955,27.69489,4.45939,16.62290045,-19.47761,3.01237
42,0.68282045,-0.01301,95.7496,0.68282045,-0.01301,95.7496,-22.73939955,5.56659,134.21,18.80550045,2.95639,137.997,-15.28659955,-2.07531,86.2737,19.75160045,-6.24961,86.477,-11.15139955,14.64529,50.0588,17.58130045,-15.85771,49.2203,-7.17159955,16.89929,9.77549,13.79161045,-29.85451,9.71626,-8.22819955,28.86309,4.61185,16.63270045,-20.14681,2.99743
42.5,0.65853045,-0.03901,95.6921,0.65853045,-0.03901,95.6921,-22.78189955,5.49449,134.165,18.77980045,2.99479,137.918,-15.32999955,-2.07271,86.2166,19.73910045,-6.27611,86.4142,-11.16649955,14.50469,49.8882,17.58740045,-16.13461,49.2543,-7.18379955,17.85939,9.59547,13.79578045,-30.47281,9.82415,-8.15949955,29.98229,4.78801,16.64220045,-20.81731,2.97958
43,0.63368045,-0.06421,95.6359,0.63368045,-0.06421,95.6359,-22.82499955,5.42429,134.122,18.75170045,3.03369,137.843,-15.37309955,-2.06611,86.1589,19.72800045,-6.29571,86.3518,-11.18239955,14.35719,49.7138,17.59290045,-16.39751,49.287,-7.19689955,18.76979,9.43233,13.79914045,-31.08811,9.93618,-8.09459955,31.03849,4.97653,16.65060045,-21.48881,2.96106
43.5,0.60903045,-0.08821,95.5826,0.60903045,-0.08821,95.5826,-22.86819955,5.35729,134.081,18.72430045,3.07349,137.771,-15.41739955,-2.05311,86.1031,19.71740045,-6.30201,86.2911,-11.19769955,14.20079,49.5355,17.59720045,-16.63601,49.3193,-7.20959955,19.58019,9.29024,13.81251045,-31.69341,10.0633,-8.03809955,31.97429,5.17786,16.65790045,-22.16191,2.942
44,0.58409045,-0.11131,95.531,0.58409045,-0.11131,95.531,-22.90889955,5.29159,134.043,18.69380045,3.11479,137.701,-15.45939955,-2.03541,86.0473,19.70550045,-6.30021,86.2303,-11.21329955,14.03939,49.3552,17.59860045,-16.86281,49.3506,-7.22389955,20.33719,9.16729,13.82491045,-32.29631,10.1952,-7.98419955,32.84429,5.38506,16.66460045,-22.83611,2.92516
44.5,0.55855045,-0.13361,95.4809,0.55855045,-0.13361,95.4809,-22.94929955,5.22909,134.006,18.66110045,3.15619,137.634,-15.49959955,-2.01141,85.9915,19.69120045,-6.28951,86.171,-11.22949955,13.87589,49.1748,17.59860045,-17.07541,49.3804,-7.23769955,21.01199,9.05272,13.84135045,-32.89111,10.339,-7.93709955,33.61749,5.58069,16.66930045,-23.51161,2.91173
45,0.53266045,-0.15461,95.433,0.53266045,-0.15461,95.433,-22.98889955,5.17079,133.971,18.62780045,3.19779,137.57,-15.53779955,-1.97831,85.9358,19.67340045,-6.26771,86.113,-11.24669955,13.71049,48.9956,17.59620045,-17.26861,49.4093,-7.25259955,21.57909,8.94922,13.86447045,-33.47401,10.4985,-7.89679955,34.26489,5.75749,16.67290045,-24.18811,2.90568
45.5,0.50647045,-0.17511,95.3862,0.50647045,-0.17511,95.3862,-23.02569955,5.11329,133.939,18.59280045,3.24029,137.506,-15.57329955,-1.94051,85.8805,19.65200045,-6.23811,86.0552,-11.26429955,13.54609,48.8188,17.59010045,-17.45321,49.4379,-7.26679955,22.08349,8.85387,13.88606045,-34.05281,10.6645,-7.85939955,34.83919,5.91826,16.67570045,-24.86431,2.90463
46,0.47862045,-0.19431,95.3417,0.47862045,-0.19431,95.3417,-23.06279955,5.06139,133.908,18.55440045,3.28219,137.445,-15.60599955,-1.89251,85.8266,19.62390045,-6.19851,86.0003,-11.28379955,13.38349,48.6476,17.58110045,-17.62041,49.4654,-7.27929955,22.47409,8.75958,13.91287045,-34.61821,10.8488,-7.82919955,35.28409,6.03622,16.67670045,-25.54051,2.91204
46.5,0.44986045,-0.21211,95.2986,0.44986045,-0.21211,95.2986,-23.09969955,5.01319,133.879,18.51560045,3.32399,137.384,-15.63569955,-1.83451,85.7729,19.59150045,-6.15031,85.9466,-11.30689955,13.22479,48.4826,17.56800045,-17.77051,49.493,-7.29319955,22.75969,8.66873,13.93955045,-35.17231,11.0458,-7.80229955,35.60809,6.11004,16.67830045,-26.21521,2.93096
47,0.42052045,-0.22951,95.2567,0.42052045,-0.22951,95.2567,-23.13489955,4.96589,133.852,18.47640045,3.36589,137.323,-15.66449955,-1.77281,85.7216,19.55390045,-6.09591,85.8939,-11.32969955,13.07149,48.3242,17.55110045,-17.91241,49.521,-7.30269955,22.98609,8.57656,13.96677045,-35.72001,11.2503,-7.77839955,35.86659,6.15694,16.67950045,-26.88791,2.9536
47.5,0.38781045,-0.24431,95.2184,0.38781045,-0.24431,95.2184,-23.17259955,4.92619,133.827,18.43230045,3.40669,137.264,-15.69079955,-1.69651,85.6749,19.50770045,-6.03021,85.8461,-11.35759955,12.92469,48.1797,17.52840045,-18.02811,49.549,-7.30949955,23.06829,8.48175,13.99343045,-36.25011,11.4746,-7.75889955,35.96289,6.1265,16.68090045,-27.55681,2.9879
48,0.35409045,-0.25811,95.1811,0.35409045,-0.25811,95.1811,-23.21169955,4.88889,133.803,18.38870045,3.44709,137.204,-15.71599955,-1.61371,85.63,19.45880045,-5.95891,85.7995,-11.38879955,12.78389,48.0429,17.50220045,-18.13001,49.577,-7.31479955,23.07979,8.3847,14.01690045,-36.77191,11.7061,-7.74019955,35.97849,6.05611,16.68300045,-28.22271,3.02823
48.5,0.31931045,-0.27051,95.1461,0.31931045,-0.27051,95.1461,-23.25109955,4.85319,133.781,18.34530045,3.48749,137.145,-15.74239955,-1.52761,85.5905,19.40530045,-5.88181,85.7552,-11.41969955,12.65199,47.9171,17.47200045,-18.21821,49.6056,-7.31479955,23.03199,8.28423,14.04315045,-37.28311,11.9458,-7.72449955,35.92949,5.95499,16.68600045,-28.88501,3.07047
49,0.28017045,-0.27871,95.1168,0.28017045,-0.27871,95.1168,-23.29549955,4.82509,133.762,18.29660045,3.52749,137.089,-15.76909955,-1.42741,85.5615,19.34610045,-5.79201,85.7177,-11.45719955,12.53109,47.813,17.43420045,-18.26811,49.6335,-7.30909955,22.84139,8.18236,14.06007045,-37.77471,12.1999,-7.70929955,35.71929,5.76831,16.69040045,-29.53941,3.11828
49.5,0.24030045,-0.28581,95.0883,0.24030045,-0.28581,95.0883,-23.34249955,4.79859,133.744,18.24930045,3.56679,137.032,-15.79689955,-1.32471,85.5354,19.28570045,-5.69841,85.6816,-11.49579955,12.41679,47.7161,17.39470045,-18.30441,49.6603,-7.29919955,22.60909,8.07682,14.07689045,-38.2578,12.4583,-7.69479955,35.46169,5.55827,16.69490045,-30.19101,3.16598
50,0.19870045,-0.28971,95.0643,0.19870045,-0.28971,95.0643,-23.39219955,4.77479,133.728,18.20120045,3.60689,136.978,-15.82769955,-1.21961,85.5184,19.22330045,-5.59741,85.6493,-11.53459955,12.31259,47.6338,17.35160045,-18.31571,49.6855,-7.28519955,22.32169,7.97333,14.09500045,-38.72495,12.7233,-7.68199955,35.14239,5.32406,16.70110045,-30.83761,3.21229
50.5,0.15410045,-0.28861,95.0468,0.15410045,-0.28861,95.0468,-23.44729955,4.75579,133.717,18.15020045,3.64799,136.929,-15.86249955,-1.10841,85.5153,19.16120045,-5.48421,85.6236,-11.57609955,12.22129,47.5734,17.30270045,-18.28371,49.7063,-7.26209955,21.93789,7.8725,14.10321045,-39.17102,12.9948,-7.66889955,34.71379,5.04153,16.70640045,-31.47661,3.25331
51,0.10871045,-0.28541,95.0312,0.10871045,-0.28541,95.0312,-23.50619955,4.73879,133.707,18.09990045,3.68899,136.882,-15.89929955,-0.99711,85.5166,19.09880045,-5.36701,85.6,-11.61759955,12.13679,47.5211,17.25410045,-18.23191,49.7235,-7.23449955,21.52419,7.7716,14.11599045,-39.60397,13.271,-7.65689955,34.25049,4.74915,16.71120045,-32.11361,3.29167
51.5,0.06200045,-0.27701,95.0219,0.06200045,-0.27701,95.0219,-23.56859955,4.72479,133.702,18.04870045,3.73249,136.84,-15.94039955,-0.88771,85.5298,19.03810045,-5.23991,85.5809,-11.65749955,12.06189,47.4843,17.20360045,-18.14111,49.7337,-7.20299955,21.07119,7.68096,14.12832045,-40.0122,13.5511,-7.64599955,33.74089,4.45648,16.71580045,-32.74571,3.32541
52,0.01393045,-0.26341,95.019,0.01393045,-0.26341,95.019,-23.63469955,4.71359,133.703,17.99630045,3.77789,136.805,-15.98659955,-0.77991,85.556,18.97930045,-5.10191,85.5667,-11.69469955,11.99779,47.4649,17.15110045,-18.00631,49.7347,-7.16139955,20.56599,7.59712,14.13771045,-40.3944,13.8354,-7.63629955,33.17269,4.158,16.71640045,-33.37311,3.35148
52.5,-0.03455955,-0.24691,95.0188,-0.03455955,-0.24691,95.0188,-23.70489955,4.70469,133.704,17.94350045,3.82449,136.774,-16.03439955,-0.67521,85.587,18.92250045,-4.96011,85.5548,-11.73159955,11.93839,47.4526,17.10100045,-17.84651,49.7288,-7.11779955,20.04569,7.51957,14.15415045,-40.75832,14.1246,-7.62759955,32.58539,3.8668,16.71540045,-33.99981,3.3761
53,-0.08305955,-0.22311,95.0261,-0.08305955,-0.22311,95.0261,-23.77719955,4.69919,133.714,17.89140045,3.87539,136.752,-16.08719955,-0.57971,85.6311,18.86750045,-4.80631,85.5466,-11.76189955,11.88679,47.4551,17.05270045,-17.62931,49.7063,-7.06829955,19.50209,7.45905,14.17368045,-41.07817,14.4195,-7.62139955,31.97109,3.6094,16.70990045,-34.62201,3.40077
53.5,-0.13169955,-0.19511,95.0382,-0.13169955,-0.19511,95.0382,-23.85109955,4.69539,133.729,17.83880045,3.92819,136.737,-16.14309955,-0.49001,85.6835,18.81360045,-4.64531,85.5405,-11.78789955,11.84109,47.468,17.00560045,-17.37531,49.6727,-7.01289955,18.93869,7.40728,14.19742045,-41.36983,14.7196,-7.61739955,31.33519,3.37001,16.69980045,-35.24211,3.42488
54,-0.18026955,-0.16431,95.0529,-0.18026955,-0.16431,95.0529,-23.92729955,4.69399,133.745,17.78530045,3.98299,136.727,-16.19949955,-0.40581,85.7391,18.76190045,-4.48191,85.5357,-11.81269955,11.79499,47.4844,16.96220045,-17.09571,49.6295,-6.95749955,18.37249,7.36472,14.22639045,-41.63957,15.0245,-7.61349955,30.69539,3.15005,16.68660045,-35.86101,3.45377
54.5,-0.22711955,-0.12491,95.0751,-0.22711955,-0.12491,95.0751,-24.00249955,4.69769,133.771,17.73490045,4.04209,136.728,-16.25929955,-0.33911,85.8056,18.70800045,-4.30871,85.5316,-11.82629955,11.75049,47.5125,16.92550045,-16.73881,49.5587,-6.89659955,17.79629,7.34263,14.26815045,-41.83394,15.3439,-7.61469955,30.04789,2.99455,16.66590045,-36.47181,3.50431
55,-0.27386955,-0.08301,95.0997,-0.27386955,-0.08301,95.0997,-24.07809955,4.70259,133.8,17.68390045,4.10299,136.734,-16.31999955,-0.27811,85.8757,18.65430045,-4.13271,85.5276,-11.83749955,11.70679,47.545,16.89090045,-16.35921,49.4794,-6.83539955,17.21629,7.328,14.31430045,-42.00613,15.6685,-7.61759955,29.39689,2.85723,16.64210045,-37.08051,3.56174
55.5,-0.31973955,-0.03871,95.1264,-0.31973955,-0.03871,95.1264,-24.15269955,4.71099,133.832,17.63350045,4.16469,136.746,-16.37999955,-0.22551,85.9468,18.59980045,-3.95711,85.5229,-11.84589955,11.65579,47.5774,16.86080045,-15.94721,49.3862,-6.77409955,16.63719,7.3214,14.36329045,-42.14337,16.0011,-7.62029955,28.75039,2.74694,16.61410045,-37.68191,3.63888
56,-0.36338955,0.01199,95.1574,-0.36338955,0.01199,95.1574,-24.22389955,4.72639,133.872,17.58720045,4.22759,136.768,-16.43989955,-0.19211,86.0223,18.53810045,-3.78121,85.5144,-11.84499955,11.59489,47.6138,16.83960045,-15.46111,49.2648,-6.71419955,16.05609,7.33099,14.43075045,-42.18941,16.3562,-7.62789955,28.10879,2.69786,16.58240045,-38.26299,3.76636
56.5,-0.40696955,0.06399,95.1898,-0.40696955,0.06399,95.1898,-24.29429955,4.74269,133.914,17.54080045,4.29189,136.792,-16.49979955,-0.16351,86.0991,18.47580045,-3.60511,85.5051,-11.84309955,11.53129,47.6516,16.81970045,-14.96021,49.1373,-6.65659955,15.47529,7.34569,14.49755045,-42.2174,16.7161,-7.63639955,27.46949,2.66144,16.54910045,-38.83831,3.90591
57,-0.44897955,0.11679,95.2228,-0.44897955,0.11679,95.2228,-24.36029955,4.76509,133.958,17.49740045,4.35239,136.822,-16.55749955,-0.14521,86.1741,18.40850045,-3.43741,85.492,-11.83889955,11.44949,47.6855,16.80410045,-14.41951,48.9946,-6.60119955,14.89199,7.36342,14.56590045,-42.18985,17.0903,-7.64439955,26.83509,2.6475,16.51440045,-39.38663,4.09061
57.5,-0.48947955,0.17239,95.2567,-0.48947955,0.17239,95.2567,-24.42329955,4.79429,134.005,17.45840045,4.41059,136.856,-16.61329955,-0.14101,86.2484,18.33390045,-3.27741,85.4734,-11.83159955,11.35079,47.7172,16.79530045,-13.82741,48.8337,-6.55439955,14.30789,7.3898,14.64577045,-42.08455,17.4855,-7.65539955,26.20639,2.66642,16.48310045,-39.90058,4.33352
58,-0.52981955,0.22799,95.2913,-0.52981955,0.22799,95.2913,-24.48339955,4.82499,134.054,17.42050045,4.46789,136.893,-16.66909955,-0.14101,86.3228,18.25670045,-3.12121,85.4532,-11.82379955,11.24379,47.7478,16.78630045,-13.22101,48.6683,-6.51009955,13.72199,7.41716,14.71996045,-41.95682,17.8864,-7.66619955,25.57959,2.69208,16.45260045,-40.39715,4.5979
58.5,-0.56848955,0.28149,95.325,-0.56848955,0.28149,95.325,-24.53819955,4.86369,134.104,17.38740045,4.51479,136.931,-16.72149955,-0.15041,86.3935,18.17530045,-2.98281,85.4275,-11.81799955,11.10839,47.7716,16.77880045,-12.57791,48.4948,-6.47469955,13.12749,7.44269,14.79142045,-41.76199,18.3051,-7.67629955,24.95159,2.72215,16.42820045,-40.83236,4.92477
59,-0.60642955,0.33489,95.358,-0.60642955,0.33489,95.358,-24.59049955,4.90759,134.153,17.35840045,4.55719,136.97,-16.77239955,-0.16771,86.462,18.08850045,-2.85561,85.3975,-11.81289955,10.95399,47.7902,16.77490045,-11.90451,48.3143,-6.44909955,12.53039,7.47056,14.86393045,-41.5115,18.7379,-7.68699955,24.32509,2.76113,16.41190045,-41.22234,5.30071
59.5,-0.64398955,0.38679,95.3914,-0.64398955,0.38679,95.3914,-24.63879955,4.95359,134.204,17.33180045,4.59459,137.011,-16.82359955,-0.18761,86.5302,17.99950045,-2.73681,85.3657,-11.80849955,10.78689,47.8066,16.76820045,-11.21951,48.1342,-6.42679955,11.92759,7.49517,14.92685045,-41.23582,19.1763,-7.69709955,23.69609,2.79799,16.40090045,-41.57694,5.70253
60,-0.68006955,0.43309,95.4234,-0.68006955,0.43309,95.4234,-24.68249955,5.00759,134.252,17.31090045,4.61459,137.051,-16.87139955,-0.21531,86.5946,17.91160045,-2.64341,85.3302,-11.81099955,10.58149,47.8134,16.75880045,-10.50681,47.9597,-6.42089955,11.31199,7.51592,14.97701045,-40.89001,19.6293,-7.70609955,23.05789,2.8212,16.40520045,-41.81936,6.16759
60.5,-0.71564955,0.47779,95.4548,-0.71564955,0.47779,95.4548,-24.72399955,5.06419,134.3,17.29270045,4.62939,137.091,-16.91889955,-0.24561,86.6576,17.82210045,-2.55991,85.2931,-11.81469955,10.36129,47.816,16.74920045,-9.78141,47.787,-6.41989955,10.69189,7.53453,15.02228045,-40.51401,20.088,-7.71409955,22.41729,2.84115,16.41770045,-42.01858,6.66006
61,-0.75037955,0.51929,95.4868,-0.75037955,0.51929,95.4868,-24.76229955,5.12299,134.347,17.27810045,4.63479,137.13,-16.96659955,-0.27721,86.7205,17.73460045,-2.48781,85.2563,-11.82089955,10.12559,47.8156,16.73550045,-9.04891,47.6228,-6.42459955,10.06509,7.5497,15.05726045,-40.11121,20.5495,-7.72229955,21.76959,2.85339,16.44030045,-42.1566,7.17257
61.5,-0.78374955,0.55299,95.5191,-0.78374955,0.55299,95.5191,-24.79669955,5.18629,134.392,17.26770045,4.61959,137.17,-17.01199955,-0.31481,86.7817,17.65480045,-2.44081,85.2215,-11.83409955,9.85039,47.8063,16.71460045,-8.30371,47.4804,-6.44609955,9.42549,7.5615,15.06883045,-39.65183,21.0134,-7.72919955,21.10789,2.84634,16.48260045,-42.14379,7.72104
62,-0.81635955,0.58469,95.5515,-0.81635955,0.58469,95.5515,-24.82919955,5.25079,134.436,17.25910045,4.59899,137.208,-17.05729955,-0.35231,86.8422,17.57660045,-2.40131,85.1876,-11.84809955,9.56539,47.7946,16.69140045,-7.55471,47.3436,-6.46819955,8.78149,7.56999,15.07688045,-39.17679,21.4782,-7.73499955,20.44249,2.83449,16.53100045,-42.09506,8.27998
62.5,-0.84727955,0.61139,95.5861,-0.84727955,0.61139,95.5861,-24.85959955,5.31599,134.479,17.25370045,4.56459,137.248,-17.10209955,-0.39251,86.9035,17.50760045,-2.37451,85.1595,-11.86469955,9.26069,47.78,16.66270045,-6.80491,47.2293,-6.49789955,8.13149,7.57814,15.07255045,-38.67169,21.9374,-7.74189955,19.76739,2.81595,16.59350045,-41.93917,8.8393
63,-0.87670955,0.63139,95.623,-0.87670955,0.63139,95.623,-24.88659955,5.38119,134.52,17.24990045,4.51419,137.289,-17.14549955,-0.43691,86.9646,17.44820045,-2.36251,85.1388,-11.88369955,8.92959,47.7607,16.62620045,-6.05531,47.1418,-6.53469955,7.47359,7.58432,15.04797045,-38.13521,22.3865,-7.74799955,19.08169,2.78771,16.66980045,-41.65254,9.39611
63.5,-0.90495955,0.64909,95.6609,-0.90495955,0.64909,95.6609,-24.91239955,5.44709,134.561,17.24720045,4.45679,137.33,-17.18789955,-0.48091,87.0254,17.39370045,-2.35731,85.1216,-11.90339955,8.58989,47.7401,16.58660045,-5.30581,47.064,-6.57209955,6.81249,7.58919,15.02199045,-37.58611,22.8327,-7.75389955,18.39169,2.75669,16.75160045,-41.32398,9.95237
64,-0.93051955,0.66099,95.7034,-0.93051955,0.66099,95.7034,-24.93589955,5.51049,134.602,17.24560045,4.38519,137.375,-17.22869955,-0.53131,87.087,17.35230045,-2.36041,85.118,-11.92159955,8.23099,47.7186,16.54150045,-4.56311,47.0223,-6.61139955,6.14789,7.59659,14.98599045,-37.00731,23.2577,-7.76129955,17.69489,2.72892,16.84540045,-40.85492,10.4736
64.5,-0.95454955,0.66839,95.7491,-0.95454955,0.66839,95.7491,-24.95669955,5.57249,134.643,17.24380045,4.30259,137.422,-17.26759955,-0.58521,87.1484,17.31910045,-2.37021,85.1239,-11.93909955,7.85749,47.6961,16.48970045,-3.82491,47.0039,-6.65049955,5.47929,7.60326,14.93894045,-36.41141,23.6673,-7.76849955,16.99249,2.70084,16.94580045,-40.29325,10.9732
65,-0.97696955,0.67349,95.7969,-0.97696955,0.67349,95.7969,-24.97699955,5.63449,134.683,17.24210045,4.21339,137.471,-17.30419955,-0.64021,87.2094,17.29240045,-2.38411,85.1363,-11.95589955,7.47689,47.6736,16.43610045,-3.09021,46.9996,-6.68979955,4.80999,7.61189,14.89395045,-35.80351,24.0673,-7.77629955,16.28799,2.67498,17.04950045,-39.68427,11.4577
65.5,-0.99608955,0.67349,95.8507,-0.99608955,0.67349,95.8507,-24.99379955,5.69169,134.725,17.23970045,4.11279,137.527,-17.33749955,-0.70501,87.269,17.27560045,-2.39991,85.1684,-11.96579955,7.08119,47.653,16.37820045,-2.36641,47.0375,-6.71979955,4.13819,7.62225,14.84637045,-35.16701,24.4271,-7.78439955,15.58229,2.6617,17.15790045,-38.93563,11.8758
66,-1.01414955,0.67109,95.9073,-1.01414955,0.67109,95.9073,-25.00899955,5.74819,134.768,17.23570045,4.00529,137.586,-17.36849955,-0.77301,87.3279,17.26400045,-2.41751,85.2088,-11.97459955,6.67879,47.6332,16.31590045,-1.64721,47.0919,-6.74809955,3.46529,7.63373,14.79605045,-34.51971,24.7719,-7.79319955,14.87479,2.6524,17.26840045,-38.13197,12.27
66.5,-1.03032955,0.66679,95.9666,-1.03032955,0.66679,95.9666,-25.02349955,5.80419,134.811,17.23100045,3.89279,137.648,-17.39559955,-0.84491,87.3852,17.25630045,-2.43571,85.2588,-11.97989955,6.27019,47.6149,16.25380045,-0.93431,47.165,-6.77229955,2.79209,7.64766,14.75080045,-33.85841,25.0943,-7.80199955,14.16869,2.64923,17.37740045,-37.27751,12.6313
67,-1.04318955,0.65879,96.0306,-1.04318955,0.65879,96.0306,-25.03419955,5.85669,134.855,17.22540045,3.77259,137.716,-17.41819955,-0.92731,87.4377,17.25360045,-2.45231,85.3281,-11.97769955,5.85119,47.6003,16.18880045,-0.23271,47.275,-6.78069955,2.11539,7.66066,14.71326045,-33.16781,25.3631,-7.80979955,13.46539,2.65793,17.48390045,-36.31901,12.9175
67.5,-1.05588955,0.64979,96.0969,-1.05588955,0.64979,96.0969,-25.04409955,5.90959,134.901,17.21750045,3.64809,137.788,-17.43849955,-1.01301,87.4895,17.25130045,-2.46811,85.4042,-11.97409955,5.42919,47.5867,16.12250045,0.46509,47.3968,-6.78839955,1.43949,7.67643,14.67581045,-32.46931,25.6171,-7.81829955,12.76239,2.67141,17.59070045,-35.32901,13.1825
68,-1.06648955,0.63919,96.1648,-1.06648955,0.63919,96.1648,-25.05209955,5.96259,134.946,17.20940045,3.52039,137.863,-17.45399955,-1.10501,87.5365,17.24910045,-2.48211,85.4907,-11.96599955,5.00039,47.5757,16.05716045,1.15349,47.5391,-6.78609955,0.76039,7.69102,14.64626045,-31.75101,25.8278,-7.82479955,12.06279,2.68845,17.68980045,-34.29271,13.3978
68.5,-1.07515955,0.62649,96.2344,-1.07515955,0.62649,96.2344,-25.05759955,6.01559,134.993,17.20050045,3.38709,137.942,-17.46559955,-1.20421,87.5777,17.24630045,-2.49451,85.59,-11.95399955,4.56499,47.5676,15.99048045,1.83289,47.7049,-6.76979955,0.07669,7.70351,14.62819045,-31.00711,25.9862,-7.82959955,11.36579,2.70983,17.78350045,-33.20071,13.5543
69,-1.08399955,0.61339,96.3054,-1.08399955,0.61339,96.3054,-25.06249955,6.06969,135.04,17.19020045,3.25209,138.024,-17.47539955,-1.30731,87.6176,17.24010045,-2.50471,85.6946,-11.94009955,4.12689,47.5604,15.92543045,2.50779,47.8808,-6.75249955,-0.60641,7.71792,14.61027045,-30.25531,26.1248,-7.83389955,10.67029,2.73374,17.87540045,-32.08811,13.6886
69.5,-1.09116955,0.59869,96.375,-1.09116955,0.59869,96.375,-25.06479955,6.12639,135.086,17.18060045,3.11299,138.107,-17.48079955,-1.41571,87.6498,17.23120045,-2.51331,85.8065,-11.92499955,3.68049,47.5548,15.86059045,3.16869,48.0736,-6.72319955,-1.29661,7.72751,14.60048045,-29.47701,26.1968,-7.83469955,9.97609,2.75303,17.95590045,-30.94251,13.765
70,-1.09773955,0.58289,96.4441,-1.09773955,0.58289,96.4441,-25.06599955,6.18499,135.132,17.17040045,2.96989,138.191,-17.48389955,-1.52781,87.6774,17.22000045,-2.52111,85.924,-11.90939955,3.22919,47.5505,15.79604045,3.82189,48.2779,-6.68729955,-1.99031,7.73638,14.59857045,-28.68001,26.2272,-7.83389955,9.28259,2.7707,18.03110045,-29.77341,13.804
70.5,-1.10421955,0.56679,96.5127,-1.10421955,0.56679,96.5127,-25.06629955,6.24529,135.178,17.16070045,2.82659,138.277,-17.48659955,-1.64301,87.7029,17.20500045,-2.52711,86.0441,-11.89259955,2.77469,47.5463,15.73408045,4.46829,48.4891,-6.64809955,-2.68611,7.74362,14.59674045,-27.87391,26.2312,-7.83089955,8.58959,2.78639,18.10230045,-28.59151,13.8199
71,-1.11001955,0.54859,96.5764,-1.11001955,0.54859,96.5764,-25.06459955,6.31039,135.222,17.15190045,2.67589,138.36,-17.48619955,-1.76001,87.7197,17.18760045,-2.53231,86.1659,-11.87999955,2.30989,47.5416,15.67247045,5.09339,48.7101,-6.60229955,-3.38941,7.74752,14.59794045,-27.03781,26.1517,-7.82509955,7.89379,2.79163,18.16060045,-27.38721,13.7757
71.5,-1.11554955,0.52989,96.6386,-1.11554955,0.52989,96.6386,-25.06229955,6.37739,135.264,17.14300045,2.52319,138.442,-17.48499955,-1.87821,87.734,17.16930045,-2.53741,86.2886,-11.86799955,1.84149,47.537,15.61219045,5.71099,48.9354,-6.55479955,-4.09491,7.75117,14.60249045,-26.19001,26.0438,-7.81759955,7.19759,2.79361,18.21460045,-26.17311,13.7101
72,-1.12073955,0.51019,96.6981,-1.12073955,0.51019,96.6981,-25.05889955,6.44629,135.306,17.13570045,2.36899,138.523,-17.48469955,-1.99731,87.7451,17.14980045,-2.54181,86.4106,-11.85729955,1.36839,47.5309,15.55428045,6.31589,49.163,-6.50369955,-4.80451,7.75185,14.60567045,-25.33041,25.8998,-7.80789955,6.49919,2.7906,18.26240045,-24.94891,13.6174
72.5,-1.12550955,0.48829,96.7506,-1.12550955,0.48829,96.7506,-25.05449955,6.51959,135.344,17.12800045,2.20649,138.599,-17.48279955,-2.11491,87.7494,17.13320045,-2.54501,86.5288,-11.85309955,0.88569,47.5227,15.49906045,6.89169,49.3922,-6.45349955,-5.51811,7.75356,14.60708045,-24.44161,25.6748,-7.79709955,5.79609,2.77986,18.29840045,-23.70431,13.4696
73,-1.12969955,0.46579,96.8015,-1.12969955,0.46579,96.8015,-25.04949955,6.59379,135.382,17.12130045,2.04329,138.674,-17.48109955,-2.23241,87.7523,17.11800045,-2.54901,86.6459,-11.84969955,0.39999,47.5141,15.44506045,7.45979,49.6222,-6.40249955,-6.23361,7.75426,14.60887045,-23.54601,25.4316,-7.78509955,5.09179,2.76634,18.32980045,-22.45411,13.3087
73.5,-1.13333955,0.44139,96.8474,-1.13333955,0.44139,96.8474,-25.04349955,6.66879,135.417,17.11460045,1.87599,138.744,-17.48079955,-2.34811,87.7513,17.10650045,-2.55281,86.7592,-11.84969955,-0.09081,47.503,15.39476045,8.00509,49.8488,-6.35019955,-6.95181,7.75501,14.60841045,-22.63451,25.1441,-7.77249955,4.38379,2.75082,18.35390045,-21.18881,13.1145
74,-1.13586955,0.41489,96.8866,-1.13586955,0.41489,96.8866,-25.03659955,6.74499,135.448,17.10630045,1.70259,138.809,-17.47949955,-2.46091,87.7459,17.10360045,-2.55471,86.8661,-11.85459955,-0.58861,47.4892,15.34997045,8.51639,50.071,-6.30299955,-7.66971,7.75951,14.60402045,-21.69731,24.7939,-7.76039955,3.67249,2.73426,18.36840045,-19.90031,12.8757
74.5,-1.13742955,0.38759,96.9243,-1.13742955,0.38759,96.9243,-25.02939955,6.82139,135.479,17.09940045,1.52879,138.872,-17.47859955,-2.57301,87.7395,17.10470045,-2.55811,86.9715,-11.86039955,-1.08901,47.4752,15.30573045,9.01999,50.2923,-6.25399955,-8.39001,7.76259,14.59973045,-20.75561,24.4319,-7.74799955,2.95979,2.7168,18.37740045,-18.60701,12.6271
75,-1.13793955,0.35719,96.9554,-1.13793955,0.35719,96.9554,-25.02089955,6.89509,135.506,17.08860045,1.34989,138.928,-17.47819955,-2.68171,87.7285,17.11440045,-2.56171,87.0703,-11.86899955,-1.59341,47.459,15.26975045,9.48619,50.504,-6.20719955,-9.10821,7.77122,14.59466045,-19.79081,24.023,-7.73739955,2.24509,2.70495,18.37980045,-17.28641,12.34
75.5,-1.13662955,0.32509,96.9818,-1.13662955,0.32509,96.9818,-25.01159955,6.96729,135.53,17.07670045,1.16909,138.981,-17.47709955,-2.78851,87.715,17.13360045,-2.56391,87.1639,-11.87929955,-2.10121,47.4413,15.24018045,9.92369,50.7099,-6.16249955,-9.82511,7.78152,14.58767045,-18.80781,23.5798,-7.72799955,1.52979,2.69654,18.37590045,-15.94611,12.0257
76,-1.13427955,0.29139,97.006,-1.13427955,0.29139,97.006,-25.00179955,7.03819,135.553,17.06390045,0.98689,139.031,-17.47569955,-2.89391,87.6997,17.15930045,-2.56861,87.2552,-11.89059955,-2.61121,47.4239,15.21230045,10.34739,50.9116,-6.11769955,-10.54261,7.79343,14.58167045,-17.81671,23.1233,-7.71989955,0.81379,2.6907,18.36620045,-14.59611,11.6988
76.5,-1.12980955,0.25439,97.0239,-1.12980955,0.25439,97.0239,-24.99069955,7.10289,135.572,17.04590045,0.80349,139.074,-17.47289955,-2.99691,87.6798,17.19500045,-2.57481,87.3393,-11.90129955,-3.12251,47.4064,15.19636045,10.72739,51.1009,-6.07409955,-11.25561,7.81081,14.57973045,-16.79881,22.634,-7.71429955,0.10009,2.69414,18.35350045,-13.21441,11.3433
77,-1.12385955,0.21599,97.0389,-1.12385955,0.21599,97.0389,-24.97899955,7.16539,135.589,17.02750045,0.62039,139.114,-17.46969955,-3.09921,87.6579,17.23640045,-2.58141,87.4203,-11.91199955,-3.63521,47.3885,15.18609045,11.08719,51.2848,-6.02909955,-11.96801,7.82763,14.57844045,-15.76881,22.1292,-7.70949955,-0.61281,2.70118,18.33800045,-11.81941,10.9744
77.5,-1.11688955,0.17539,97.0509,-1.11688955,0.17539,97.0509,-24.96669955,7.22429,135.604,17.00550045,0.43669,139.151,-17.46479955,-3.20041,87.6333,17.28460045,-2.59181,87.4977,-11.92299955,-4.14831,47.3724,15.17975045,11.42679,51.4614,-5.98639955,-12.67811,7.84948,14.57994045,-14.72591,21.613,-7.70739955,-1.32421,2.71302,18.31950045,-10.41111,10.5957
78,-1.10732955,0.13109,97.0567,-1.10732955,0.13109,97.0567,-24.95269955,7.27499,135.614,16.97960045,0.25689,139.181,-17.45789955,-3.30111,87.6032,17.33920045,-2.60791,87.5675,-11.93059955,-4.66121,47.3586,15.18680045,11.72069,51.6229,-5.94119955,-13.38461,7.8723,14.59087045,-13.65391,21.0789,-7.70649955,-2.03071,2.73091,18.30320045,-8.97481,10.2049
78.5,-1.09712955,0.08589,97.061,-1.09712955,0.08589,97.061,-24.93869955,7.32419,135.623,16.95360045,0.07789,139.21,-17.45069955,-3.40171,87.5718,17.39520045,-2.62561,87.6357,-11.93799955,-5.17451,47.3453,15.19723045,12.00399,51.7807,-5.89389955,-14.09101,7.89432,14.60304045,-12.57561,20.5401,-7.70609955,-2.73631,2.75051,18.28670045,-7.53271,9.81042
79,-1.08590955,0.03819,97.0613,-1.08590955,0.03819,97.0613,-24.92389955,7.36779,135.628,16.92400045,-0.09831,139.234,-17.44089955,-3.50241,87.5368,17.45480045,-2.64911,87.6981,-11.94429955,-5.68591,47.335,15.21359045,12.26169,51.9279,-5.85049955,-14.79351,7.92155,14.62008045,-11.47951,19.9948,-7.70769955,-3.43851,2.77202,18.27410045,-6.07861,9.41779
79.5,-1.07319955,-0.01351,97.0555,-1.07319955,-0.01351,97.0555,-24.90759955,7.40379,135.629,16.89350045,-0.26761,139.251,-17.42989955,-3.60371,87.496,17.51240045,-2.68381,87.7519,-11.94809955,-6.19711,47.3291,15.24011045,12.47959,52.0581,-5.80299955,-15.49431,7.94638,14.64813045,-10.35811,19.4444,-7.70879955,-4.13671,2.79251,18.26860045,-4.60821,9.03239
80,-1.06029955,-0.06561,97.0485,-1.06029955,-0.06561,97.0485,-24.89139955,7.43859,135.628,16.86330045,-0.43561,139.267,-17.41839955,-3.70521,87.4541,17.56960045,-2.72001,87.8043,-11.95169955,-6.70771,47.3237,15.26848045,12.69119,52.1853,-5.75529955,-16.19451,7.9716,14.67703045,-9.23261,18.8935,-7.71009955,-4.83421,2.81287,18.26520045,-3.13631,8.64942
80.5,-1.04675955,-0.12031,97.0363,-1.04675955,-0.12031,97.0363,-24.87419955,7.46749,135.621,16.83270045,-0.59691,139.276,-17.40539955,-3.80751,87.4084,17.62480045,-2.76471,87.8478,-11.95439955,-7.21521,47.3221,15.30140045,12.87429,52.2974,-5.71199955,-16.89161,7.99939,14.71084045,-8.08811,18.3414,-7.71139955,-5.52911,2.82892,18.27160045,-1.65851,8.28386
81,-1.03337955,-0.17811,97.0184,-1.03337955,-0.17811,97.0184,-24.85669955,7.49069,135.61,16.80460045,-0.75071,139.278,-17.39189955,-3.91031,87.3578,17.67130045,-2.82171,87.882,-11.95709955,-7.72221,47.3253,15.33863045,13.02819,52.3927,-5.66789955,-17.58711,8.02655,14.75211045,-6.92631,17.7934,-7.71109955,-6.22281,2.83928,18.28760045,-0.17671,7.93986
81.5,-1.01978955,-0.23621,96.999,-1.01978955,-0.23621,96.999,-24.83889955,7.51249,135.598,16.77760045,-0.90231,139.278,-17.37839955,-4.01341,87.3064,17.71670045,-2.87941,87.9138,-11.95989955,-8.22781,47.3287,15.37682045,13.17469,52.4834,-5.62509955,-18.28151,8.05452,14.79385045,-5.76011,17.2467,-7.71039955,-6.91621,2.84785,18.30770045,1.30439,7.60381
82,-1.00653955,-0.29641,96.9727,-1.00653955,-0.29641,96.9727,-24.82059955,7.52839,135.579,16.75500045,-1.04391,139.269,-17.36509955,-4.11681,87.2512,17.75440045,-2.94731,87.9326,-11.96379955,-8.72911,47.336,15.41542045,13.29059,52.5526,-5.58929955,-18.97271,8.08523,14.83809045,-4.57671,16.7062,-7.70819955,-7.61011,2.8485,18.33910045,2.78519,7.3008
82.5,-0.99413955,-0.35841,96.9424,-0.99413955,-0.35841,96.9424,-24.80199955,7.54049,135.556,16.73550045,-1.17981,139.254,-17.35179955,-4.22001,87.1932,17.78400045,-3.02251,87.9433,-11.96939955,-9.22951,47.3467,15.45313045,13.38809,52.6078,-5.55729955,-19.66161,8.11911,14.88517045,-3.38441,16.1739,-7.70469955,-8.30471,2.84421,18.37730045,4.26399,7.02113
83,-0.98158955,-0.42031,96.9096,-0.98158955,-0.42031,96.9096,-24.78319955,7.55069,135.532,16.71960045,-1.31151,139.235,-17.33929955,-4.32301,87.1343,17.81080045,-3.09761,87.9495,-11.97569955,-9.72711,47.3575,15.49090045,13.47359,52.6542,-5.52749955,-20.34901,8.15402,14.93143045,-2.18731,15.6463,-7.70009955,-8.99971,2.83754,18.41950045,5.74069,6.75675
83.5,-0.97000955,-0.48331,96.8694,-0.97000955,-0.48331,96.8694,-24.76429955,7.55439,135.501,16.71120045,-1.43161,139.205,-17.32809955,-4.42491,87.0723,17.82870045,-3.17891,87.9402,-11.98549955,-10.21801,47.3715,15.52433045,13.52679,52.6729,-5.50909955,-21.03101,8.19695,14.97759045,-0.97641,15.1376,-7.69389955,-9.69751,2.82567,18.46800045,7.21399,6.53798
84,-0.95901955,-0.54671,96.8269,-0.95901955,-0.54671,96.8269,-24.74519955,7.55569,135.469,16.70510045,-1.54811,139.172,-17.31679955,-4.52621,87.0093,17.84230045,-3.26161,87.9254,-11.99689955,-10.70741,47.3873,15.55531045,13.56879,52.6815,-5.49519955,-21.71091,8.24442,15.02358045,0.23789,14.6372,-7.68729955,-10.39601,2.81213,18.51860045,8.68469,6.33619
84.5,-0.94818955,-0.60941,96.7815,-0.94818955,-0.60941,96.7815,-24.72569955,7.55399,135.435,16.70410045,-1.65831,139.133,-17.30709955,-4.62611,86.9454,17.85210045,-3.34181,87.9044,-12.00979955,-11.19181,47.4033,15.58517045,13.59409,52.6763,-5.48559955,-22.38721,8.29493,15.06784045,1.45599,14.1501,-7.67939955,-11.09561,2.79819,18.56830045,10.15299,6.15782
85,-0.93780955,-0.67121,96.7297,-0.93780955,-0.67121,96.7297,-24.70639955,7.54459,135.395,16.71130045,-1.75621,139.084,-17.29799955,-4.72331,86.8794,17.85700045,-3.41801,87.869,-12.02659955,-11.66531,47.4215,15.60892045,13.58529,52.6398,-5.48859955,-23.05681,8.35966,15.10978045,2.68319,13.698,-7.67139955,-11.79681,2.78635,18.61320045,11.61699,6.03224
85.5,-0.92773955,-0.73261,96.6771,-0.92773955,-0.73261,96.6771,-24.68659955,7.53339,135.355,16.71920045,-1.85151,139.032,-17.28909955,-4.81951,86.8132,17.86060045,-3.49211,87.8309,-12.04389955,-12.13671,47.4406,15.63127045,13.56939,52.5967,-5.49479955,-23.72441,8.42805,15.15056045,3.91029,13.2545,-7.66359955,-12.49811,2.77532,18.65600045,13.07879,5.91767
86,-0.91772955,-0.79241,96.6222,-0.91772955,-0.79241,96.6222,-24.66659955,7.51829,135.314,16.73190045,-1.93951,138.975,-17.28109955,-4.91301,86.7458,17.86140045,-3.56011,87.7868,-12.06309955,-12.60021,47.4601,15.65245045,13.53449,52.5371,-5.50629955,-24.38651,8.50218,15.19081045,5.13889,12.8371,-7.65499955,-13.19931,2.7672,18.68920045,14.53759,5.83346
86.5,-0.90704955,-0.84931,96.5638,-0.90704955,-0.84931,96.5638,-24.64629955,7.49479,135.27,16.75000045,-2.01491,138.91,-17.27279955,-5.00271,86.6776,17.86410045,-3.61421,87.7333,-12.08339955,-13.04851,47.4813,15.67009045,13.46819,52.4494,-5.52649955,-25.04281,8.59169,15.22735045,6.36869,12.4663,-7.64799955,-13.89901,2.76667,18.70660045,15.98819,5.80075
87,-0.89672955,-0.90551,96.5054,-0.89672955,-0.90551,96.5054,-24.62569955,7.46989,135.226,16.76730045,-2.08821,138.845,-17.26449955,-5.09101,86.6091,17.86570045,-3.66531,87.679,-12.10369955,-13.49441,47.5032,15.68822045,13.39759,52.3576,-5.54809955,-25.69681,8.6831,15.26347045,7.59509,12.1061,-7.64119955,-14.59791,2.76713,18.71920045,17.43499,5.77686
87.5,-0.88574955,-0.95871,96.446,-0.88574955,-0.95871,96.446,-24.60499955,7.43979,135.183,16.78860045,-2.15181,138.775,-17.25569955,-5.17491,86.5392,17.86790045,-3.70461,87.6203,-12.12499955,-13.92701,47.5263,15.70664045,13.30529,52.2479,-5.57449955,-26.34461,8.78332,15.29897045,8.81579,11.7902,-7.63479955,-15.29411,2.77319,18.71150045,18.87079,5.79424
88,-0.87341955,-1.00831,96.3863,-0.87341955,-1.00831,96.3863,-24.58299955,7.40329,135.139,16.81140045,-2.20511,138.701,-17.24629955,-5.25481,86.469,17.87470045,-3.72831,87.5588,-12.14439955,-14.34401,47.5507,15.72698045,13.19229,52.1207,-5.60269955,-26.98901,8.89237,15.33125045,10.02689,11.5185,-7.63039955,-15.98671,2.78565,18.68500045,20.29009,5.85245
88.5,-0.86140955,-1.05701,96.3269,-0.86140955,-1.05701,96.3269,-24.56139955,7.36569,135.095,16.83270045,-2.25541,138.627,-17.23629955,-5.33261,86.3982,17.88120045,-3.74931,87.497,-12.16339955,-14.75731,47.576,15.74834045,13.07629,51.9907,-5.63199955,-27.63041,9.00285,15.36398045,11.22859,11.2632,-7.62609955,-16.67791,2.79803,18.65130045,21.69849,5.92198
89,-0.84798955,-1.10131,96.269,-0.84798955,-1.10131,96.269,-24.53849955,7.32279,135.053,16.85600045,-2.29381,138.551,-17.22499955,-5.40411,86.3264,17.89070045,-3.75411,87.4345,-12.18119955,-15.15171,47.6037,15.77426045,12.94239,51.847,-5.66219955,-28.26691,9.12065,15.39277045,12.40559,11.0648,-7.62329955,-17.36411,2.81411,18.59090045,23.07259,6.03988
89.5,-0.83347955,-1.14281,96.2122,-0.83347955,-1.14281,96.2122,-24.51489955,7.27669,135.012,16.87920045,-2.32441,138.474,-17.21329955,-5.47181,86.2543,17.90330045,-3.74871,87.3727,-12.19589955,-15.53331,47.6324,15.80455045,12.79979,51.6966,-5.69089955,-28.90121,9.24073,15.41864045,13.56199,10.899,-7.62139955,-18.04751,2.83154,18.51620045,24.41979,6.18516
90,-0.81881955,-1.18331,96.1557,-0.81881955,-1.18331,96.1557,-24.49169955,7.23029,134.971,16.90140045,-2.35201,138.396,-17.20039955,-5.53711,86.1817,17.91770045,-3.74131,87.3108,-12.21039955,-15.91011,47.6616,15.83530045,12.65699,51.5457,-5.72049955,-29.53311,9.3617,15.44427045,14.70159,10.7491,-7.61999955,-18.72951,2.84802,18.43540045,25.74639,6.3405
90.5,-0.80253955,-1.21871,96.1028,-0.80253955,-1.21871,96.1028,-24.46589955,7.18079,134.932,16.92470045,-2.36541,138.321,-17.18649955,-5.59341,86.1084,17.93410045,-3.71881,87.2506,-12.22119955,-16.26371,47.6946,15.87412045,12.50739,51.3899,-5.74769955,-30.16091,9.48467,15.45968045,15.77879,10.6586,-7.61959955,-19.40751,2.86143,18.32890045,26.99429,6.54345
91,-0.78550955,-1.25241,96.0507,-0.78550955,-1.25241,96.0507,-24.43999955,7.13109,134.894,16.94840045,-2.37381,138.244,-17.17189955,-5.64651,86.035,17.95260045,-3.69241,87.1912,-12.22999955,-16.60831,47.7277,15.91538045,12.35829,51.2345,-5.77409955,-30.78651,9.60727,15.47159045,16.82719,10.5847,-7.61949955,-20.08461,2.87323,18.21560045,28.20689,6.75833
91.5,-0.76795955,-1.28501,95.9991,-0.76795955,-1.28501,95.9991,-24.41369955,7.08189,134.856,16.97240045,-2.37891,138.168,-17.15639955,-5.69661,85.9614,17.97310045,-3.66411,87.132,-12.23799955,-16.94681,47.7613,15.95653045,12.21289,51.081,-5.80059955,-31.41071,9.73012,15.47994045,17.84599,10.524,-7.62029955,-20.76141,2.88345,18.09910045,29.38279,6.97958
92,-0.74907955,-1.31321,95.9508,-0.74907955,-1.31321,95.9508,-24.38479955,7.03359,134.821,16.99910045,-2.36971,138.095,-17.14019955,-5.73591,85.8878,17.99380045,-3.62721,87.0733,-12.24219955,-17.26211,47.7977,16.00327045,12.07629,50.9326,-5.82739955,-32.02821,9.85167,15.47216045,18.76149,10.5034,-7.62079955,-21.43831,2.88574,17.96740045,30.43459,7.22697
92.5,-0.72939955,-1.34041,95.9025,-0.72939955,-1.34041,95.9025,-24.35559955,6.98689,134.785,17.02800045,-2.35761,138.02,-17.12289955,-5.77261,85.8141,18.01660045,-3.58911,87.0145,-12.24559955,-17.57121,47.8338,16.04856045,11.94499,50.7873,-5.85439955,-32.64381,9.97375,15.45863045,19.64209,10.4863,-7.62189955,-22.11601,2.88758,17.83450045,31.44449,7.47206
93,-0.70898955,-1.36631,95.8547,-0.70898955,-1.36631,95.8547,-24.32509955,6.94159,134.749,17.05850045,-2.34141,137.945,-17.10499955,-5.80491,85.7407,18.04100045,-3.54901,86.9551,-12.24729955,-17.87221,47.8702,16.09223045,11.82339,50.6464,-5.88199955,-33.25701,10.0957,15.43775045,20.46929,10.477,-7.62379955,-22.79501,2.88764,17.70250045,32.39079,7.71432
93.5,-0.68742955,-1.38871,95.808,-0.68742955,-1.38871,95.808,-24.29259955,6.89999,134.714,17.09540045,-2.31271,137.872,-17.08529955,-5.82631,85.6676,18.06470045,-3.50461,86.8929,-12.24709955,-18.15291,47.9077,16.13330045,11.72169,50.5159,-5.91499955,-33.86001,10.2194,15.39787045,21.16669,10.4799,-7.62469955,-23.47771,2.88228,17.56710045,33.18509,7.94651
94,-0.66490955,-1.41031,95.7608,-0.66490955,-1.41031,95.7608,-24.25889955,6.86049,134.68,17.13550045,-2.28261,137.796,-17.06429955,-5.84561,85.5946,18.09040045,-3.45821,86.83,-12.24589955,-18.42871,47.9446,16.17010045,11.62729,50.3885,-5.94819955,-34.46111,10.3459,15.34995045,21.82689,10.4768,-7.62669955,-24.16121,2.87968,17.43300045,33.93599,8.16484
94.5,-0.64126955,-1.43001,95.7131,-0.64126955,-1.43001,95.7131,-24.22369955,6.82369,134.644,17.17990045,-2.24621,137.72,-17.04159955,-5.85821,85.5221,18.11750045,-3.40811,86.7646,-12.24259955,-18.69281,47.981,16.20030045,11.55099,50.2682,-5.98479955,-35.05561,10.4748,15.29166045,22.39509,10.4711,-7.62919955,-24.84761,2.87768,17.30470045,34.57979,8.35678
95,-0.61609955,-1.44691,95.6645,-0.61609955,-1.44691,95.6645,-24.18629955,6.79049,134.608,17.23230045,-2.20131,137.642,-17.01519955,-5.86181,85.4501,18.14580045,-3.35201,86.695,-12.23809955,-18.94071,48.017,16.21960045,11.49669,50.1571,-6.02779955,-35.63891,10.6121,15.21662045,22.83769,10.4556,-7.63129955,-25.53671,2.87849,17.17940045,35.07879,8.50618
95.5,-0.59037955,-1.46301,95.6156,-0.59037955,-1.46301,95.6156,-24.14769955,6.75859,134.572,17.28680045,-2.15541,137.563,-16.98799955,-5.86411,85.3779,18.17400045,-3.29311,86.6249,-12.23249955,-19.18511,48.0531,16.23580045,11.44749,50.0474,-6.07059955,-36.22041,10.7523,15.13625045,23.25559,10.4335,-7.63369955,-26.22571,2.88187,17.05460045,35.54989,8.6414
96,-0.56248955,-1.47561,95.5646,-0.56248955,-1.47561,95.5646,-24.10739955,6.73009,134.535,17.34880045,-2.10151,137.48,-16.95529955,-5.85691,85.3067,18.20560045,-3.22321,86.5513,-12.22349955,-19.41171,48.0873,16.23610045,11.42539,49.9463,-6.11829955,-36.78901,10.9034,15.04425045,23.53609,10.3935,-7.63679955,-26.91581,2.89317,16.93910045,35.86239,8.70917
96.5,-0.53288955,-1.48541,95.5126,-0.53288955,-1.48541,95.5126,-24.06449955,6.70339,134.498,17.41680045,-2.04211,137.395,-16.91809955,-5.84341,85.2356,18.23870045,-3.14341,86.4755,-12.21249955,-19.62471,48.1213,16.22440045,11.42049,49.8504,-6.16869955,-37.34791,11.0658,14.94286045,23.72249,10.3384,-7.63959955,-27.60451,2.9109,16.82600045,36.06699,8.72454
97,-0.50306955,-1.49441,95.4606,-0.50306955,-1.49441,95.4606,-24.02089955,6.67729,134.461,17.48580045,-1.98181,137.309,-16.88009955,-5.82871,85.1645,18.27070045,-3.06061,86.3997,-12.20059955,-19.83481,48.1553,16.21080045,11.41879,49.7552,-6.21859955,-37.90501,11.2303,14.83953045,23.89349,10.2789,-7.64209955,-28.29241,2.9297,16.71290045,36.25429,8.72862
97.5,-0.46992955,-1.49721,95.4064,-0.46992955,-1.49721,95.4064,-23.97519955,6.65349,134.423,17.56240045,-1.91251,137.217,-16.83229955,-5.80271,85.0947,18.30790045,-2.95471,86.3239,-12.18259955,-20.01871,48.1874,16.17500045,11.44829,49.6685,-6.26939955,-38.44384,11.4159,14.72938045,23.90699,10.1932,-7.64479955,-28.97431,2.96171,16.60730045,36.25829,8.62956
98,-0.43542955,-1.49681,95.3526,-0.43542955,-1.49681,95.3526,-23.92709955,6.63019,134.386,17.64120045,-1.83941,137.125,-16.78069955,-5.77221,85.0252,18.34480045,-2.83801,86.2495,-12.16169955,-20.18971,48.2196,16.13230045,11.48839,49.5844,-6.31809955,-38.97508,11.6098,14.61933045,23.86649,10.0996,-7.64619955,-29.65181,2.99564,16.50190045,36.19989,8.49066
98.5,-0.40063955,-1.49511,95.299,-0.40063955,-1.49511,95.299,-23.87889955,6.60719,134.35,17.72070045,-1.76501,137.032,-16.72769955,-5.73981,84.9561,18.38120045,-2.71651,86.1762,-12.13959955,-20.35591,48.2517,16.08726045,11.53189,49.5012,-6.36509955,-39.50349,11.8067,14.50891045,23.80789,10.0015,-7.64679955,-30.32741,3.03012,16.39640045,36.12029,8.33713
99,-0.36237955,-1.48431,95.2468,-0.36237955,-1.48431,95.2468,-23.82759955,6.58529,134.315,17.80310045,-1.68221,136.936,-16.66349955,-5.69531,84.8897,18.42090045,-2.56421,86.1117,-12.10889955,-20.48601,48.2826,16.02413045,11.60439,49.4276,-6.40569955,-40.0101,12.0275,14.40275045,23.61689,9.88594,-7.64599955,-30.98961,3.07132,16.29440045,35.88259,8.0828
99.5,-0.32331955,-1.47081,95.1962,-0.32331955,-1.47081,95.1962,-23.77529955,6.56369,134.282,17.88530045,-1.59681,136.842,-16.59749955,-5.64731,84.8243,18.46010045,-2.40521,86.0508,-12.07599955,-20.60451,48.3128,15.95989045,11.68139,49.3557,-6.44239955,-40.51096,12.2509,14.30255045,23.40399,9.77111,-7.64349955,-31.64851,3.10892,16.19300045,35.61859,7.81155
,,,,,,,,,,,,,,,,,,,,,,,,,,,,,,,,,,,,
,-6.09780045,47.95481,,,,,,,,,,,,,,,,,,,,,,,,,,,,,,,,,,
