[Gait],,,,,,,,,,,,,,,,,,,,,,,,,,,,,,,,,,,,
Aoki,周期,歩行率,立脚,%,遊脚,%,両足支持,%,ストライド,ステップ,歩隔,,,,,,,,,,,,,,,,,,,,,,,,,
a,1.027,116.89,0.668,65.06,0.359,34.94,0.152,14.79,113.94,56.42,21.15,,,,,,,,,,,,,,,,,,,,,,,,,
SD,0.017,,0.009,0.75,0.012,0.75,0.004,0.42,1.63,1.35,0.84,,,,,,,,,,,,,,,,,,,,,,,,,
CV,1.652,,1.345,1.15,3.336,2.14,2.707,2.86,1.43,2.39,3.95,,,,,,,,,,,,,,,,,,,,,,,,,
a,1.027,116.85,0.656,63.84,0.371,36.16,0.145,14.11,113.97,57.55,21.1,,,,,,,,,,,,,,,,,,,,,,,,,
SD,0.01,,0.013,0.76,0.006,0.76,0.005,0.45,1.43,1.08,0.94,,,,,,,,,,,,,,,,,,,,,,,,,
CV,0.98,,1.936,1.19,1.741,2.09,3.437,3.21,1.26,1.88,4.47,,,,,,,,,,,,,,,,,,,,,,,,,
[Data],,,,,,,,,,,,,,,,,,,,,,,,,,,,,,,,,,,,
Cycle(%),重心_LC[x](cm),重心_LC[y](cm),重心_LC[z](cm),重心_RC[x](cm),重心_RC[y](cm),重心_RC[z](cm),左肩峰[x](cm),左肩峰[y](cm),左肩峰[z](cm),右肩峰[x](cm),右肩峰[y](cm),右肩峰[z](cm),左大転子[x](cm),左大転子[y](cm),左大転子[z](cm),右大転子[x](cm),右大転子[y](cm),右大転子[z](cm),左外側上顆[x](cm),左外側上顆[y](cm),左外側上顆[z](cm),右外側上顆[x](cm),右外側上顆[y](cm),右外側上顆[z](cm),左外果[x](cm),左外果[y](cm),左外果[z](cm),右外果[x](cm),右外果[y](cm),右外果[z](cm),左第５中足骨頭[x](cm),左第５中足骨頭[y](cm),左第５中足骨頭[z](cm),右第５中足骨頭[x](cm),右第５中足骨頭[y](cm),右第５中足骨頭[z](cm)
0,0.599304,-0.448177,103.413078,-0.610173,0.022835,103.671036,-21.036674,-1.814068,148.261169,21.173807,-0.071968,148.229828,-18.097858,-0.698868,92.259171,17.658621,0.393562,90.917015,-14.048706,14.355091,54.404026,14.372601,15.380581,53.75856,-10.276086,24.758015,9.856652,10.400383,24.689159,9.756773,-13.341559,36.651569,6.90801,13.328906,36.712078,6.205984
0.5,0.555006,-0.445816,103.3256,-0.561868,0.003929,103.608711,-21.121239,-1.781944,148.14975,21.251877,-0.061722,148.135529,-18.12212,-0.59037,92.176239,17.702318,0.458664,90.852364,-14.048823,14.381935,54.304325,14.387346,15.341019,53.660496,-10.218628,24.433331,9.737144,10.362906,24.388279,9.655334,-13.298926,36.271938,6.626921,13.295004,36.358448,5.972468
1,0.510068,-0.442818,103.239273,-0.511579,-0.013451,103.549316,-21.20653,-1.749702,148.038773,21.333136,-0.052689,148.042053,-18.146126,-0.480659,92.096397,17.74662,0.528545,90.793648,-14.051366,14.409073,54.207073,14.404528,15.295204,53.565468,-10.165454,24.09631,9.619823,10.331084,24.060192,9.557944,-13.260822,35.877827,6.342589,13.268881,35.97578,5.737377
1.5,0.463122,-0.437588,103.157234,-0.459755,-0.029373,103.492859,-21.293655,-1.716587,147.929672,21.415966,-0.044727,147.950348,-18.170876,-0.368721,92.025833,17.791231,0.602226,90.7407,-14.062466,14.435909,54.11763,14.423622,15.245857,53.474304,-10.124302,23.727947,9.510456,10.304275,23.700245,9.463917,-13.236504,35.446957,6.055504,13.248878,35.557491,5.496215
2,0.413695,-0.428833,103.082054,-0.406372,-0.043571,103.439598,-21.381744,-1.68166,147.82402,21.499815,-0.038197,147.861511,-18.197134,-0.255798,91.969658,17.835661,0.681156,90.694191,-14.085833,14.460289,54.039162,14.444378,15.193001,53.387409,-10.09807,23.328182,9.413971,10.283488,23.304852,9.373832,-13.227424,34.980679,5.774142,13.234841,35.09914,5.247767
2.5,0.363269,-0.418743,103.009682,-0.351324,-0.055084,103.392044,-21.470045,-1.646305,147.719833,21.586649,-0.032833,147.775574,-18.223993,-0.14278,91.919342,17.878183,0.762287,90.658287,-14.114261,14.483818,53.965229,14.469865,15.135452,53.308296,-10.078109,22.918102,9.322742,10.269608,22.891499,9.292614,-13.223932,34.503109,5.496666,13.226919,34.624271,5.010805
3,0.310354,-0.405849,102.944473,-0.295107,-0.064392,103.349564,-21.560013,-1.610218,147.619858,21.674707,-0.028126,147.69281,-18.25325,-0.03154,91.881409,17.920027,0.843403,90.631287,-14.154502,14.505985,53.90266,14.499454,15.07526,53.236649,-10.070196,22.491711,9.24251,10.260606,22.462383,9.218398,-13.231578,34.008991,5.233881,13.223601,34.134472,4.783843
3.5,0.25436,-0.388412,102.890427,-0.237549,-0.070858,103.313995,-21.650703,-1.57201,147.526932,21.763525,-0.025143,147.615631,-18.286005,0.075935,91.862,17.958986,0.926304,90.615822,-14.209206,14.525471,53.85598,14.534593,15.012089,53.17448,-10.077237,22.046978,9.178501,10.259136,22.009121,9.153133,-13.251674,33.497433,4.996234,13.227499,33.620335,4.567303
4,0.196741,-0.368622,102.842194,-0.179112,-0.074436,103.285553,-21.741283,-1.533169,147.438095,21.853611,-0.022923,147.543686,-18.321045,0.181168,91.852348,17.994762,1.007313,90.612564,-14.271702,14.543629,53.817532,14.575192,14.947124,53.122417,-10.092429,21.594265,9.123313,10.262815,21.546535,9.097785,-13.277953,32.978848,4.773616,13.234094,33.099865,4.3696
4.5,0.137367,-0.346546,102.800926,-0.120244,-0.07571,103.263489,-21.832932,-1.49395,147.354309,21.944296,-0.020947,147.476715,-18.358612,0.283123,91.852951,18.029055,1.085197,90.619469,-14.342754,14.558414,53.788315,14.619677,14.879894,53.079136,-10.11409,21.134609,9.076286,10.269759,21.076672,9.050044,-13.309419,32.456074,4.570245,13.242478,32.575253,4.189157
5,0.074975,-0.319374,102.774185,-0.060391,-0.073364,103.251564,-21.924463,-1.452114,147.28157,22.035784,-0.020275,147.418442,-18.40086,0.37722,91.873878,18.059397,1.160328,90.641838,-14.426969,14.567081,53.777206,14.671938,14.809803,53.049057,-10.147388,20.661716,9.045357,10.283336,20.592907,9.013989,-13.348888,31.924717,4.404159,13.256782,32.040066,4.033949
5.5,0.01057,-0.288773,102.757057,-0.000424,-0.068333,103.247795,-22.015972,-1.409492,147.217316,22.12702,-0.020241,147.367706,-18.447111,0.466339,91.908081,18.086716,1.230064,90.676559,-14.519384,14.571915,53.777592,14.729354,14.738171,53.029526,-10.188148,20.181149,9.024961,10.2998,20.102589,8.986894,-13.393117,31.389149,4.264515,13.272407,31.501942,3.900978
6,-0.05449,-0.256748,102.744934,0.059234,-0.061333,103.250755,-22.107565,-1.366508,147.157532,22.217827,-0.019691,147.324005,-18.494869,0.552681,91.948387,18.112312,1.29443,90.720711,-14.615295,14.572075,53.782864,14.789644,14.662891,53.017712,-10.230631,19.696888,9.008666,10.31757,19.608257,8.96582,-13.438452,30.852428,4.138958,13.287263,30.962894,3.78506
6.5,-0.121097,-0.22073,102.746155,0.119203,-0.051407,103.263611,-22.197983,-1.321152,147.110077,22.308891,-0.019539,147.290146,-18.546583,0.630302,92.00441,18.135647,1.3522,90.778465,-14.717113,14.559147,53.800892,14.855494,14.583431,53.017277,-10.276968,19.201828,9.002972,10.338112,19.106716,8.95415,-13.485125,30.311192,4.048051,13.303988,30.420834,3.695807
7,-0.188964,-0.181,102.759605,0.178688,-0.039116,103.28553,-22.287958,-1.274555,147.075684,22.399117,-0.01997,147.266052,-18.602053,0.700657,92.073807,18.157225,1.402225,90.848007,-14.822542,14.534298,53.829464,14.925587,14.499142,53.02626,-10.326097,18.696453,9.005775,10.359509,18.598846,8.94973,-13.532499,29.765079,3.988025,13.321993,29.876316,3.63025
7.5,-0.256892,-0.140289,102.776764,0.237281,-0.025574,103.313667,-22.377407,-1.227459,147.045486,22.487682,-0.018803,147.250488,-18.658461,0.768719,92.146767,18.178381,1.444653,90.924477,-14.928366,14.503746,53.860302,14.99711,14.407368,53.040287,-10.374865,18.187725,9.010517,10.380207,18.086666,8.948697,-13.579497,29.217281,3.937614,13.337859,29.329563,3.577891
8,-0.324243,-0.09737,102.803986,0.295316,-0.010777,103.348824,-22.464672,-1.178387,147.026901,22.575115,-0.017395,147.243927,-18.716511,0.829453,92.228889,18.200008,1.47961,91.008484,-15.0316,14.452538,53.895596,15.069768,14.307983,53.059914,-10.420809,17.668606,9.019768,10.40005,17.569725,8.952151,-13.622622,28.664852,3.91065,13.352494,28.781055,3.542649
8.5,-0.390913,-0.052505,102.840744,0.352613,0.005733,103.393105,-22.550238,-1.128059,147.020966,22.661795,-0.015724,147.24884,-18.775871,0.883179,92.317879,18.222601,1.504929,91.102203,-15.130021,14.37912,53.933647,15.14453,14.196705,53.085785,-10.463191,17.138203,9.031918,10.418653,17.045567,8.960435,-13.6618,28.106251,3.903879,13.367119,28.228916,3.528738
9,-0.457162,-0.006721,102.881477,0.40866,0.022251,103.441071,-22.63513,-1.076992,147.020523,22.745827,-0.012234,147.260666,-18.835512,0.9342,92.409668,18.247541,1.522804,91.1978,-15.226478,14.296303,53.972652,15.218486,14.074413,53.112309,-10.503523,16.602867,9.044938,10.435164,16.516537,8.968806,-13.699341,27.544506,3.905594,13.380304,27.672794,3.520689
9.5,-0.521017,0.039257,102.928062,0.463525,0.038403,103.493591,-22.716787,-1.024467,147.028778,22.827442,-0.008072,147.280655,-18.893826,0.979694,92.504372,18.274839,1.533318,91.295403,-15.314024,14.188919,54.008961,15.290423,13.938633,53.139027,-10.537936,16.058258,9.05799,10.449121,15.982452,8.977909,-13.730968,26.977215,3.916667,13.391237,27.113308,3.519952
10,-0.582227,0.084869,102.980423,0.51734,0.054775,103.55249,-22.795275,-0.971092,147.047348,22.907738,-0.002716,147.310608,-18.951056,1.018642,92.599556,18.306265,1.534256,91.397194,-15.390354,14.04945,54.040184,15.360841,13.784386,53.166676,-10.5654,15.502914,9.070181,10.460265,15.440792,8.988429,-13.756341,26.403408,3.935699,13.400435,26.548923,3.531034
10.5,-0.641872,0.130447,103.036133,0.569811,0.070038,103.613327,-22.872553,-0.91711,147.07164,22.984848,0.004135,147.345947,-19.006264,1.054298,92.695396,18.342411,1.528782,91.497208,-15.460755,13.893444,54.069004,15.428588,13.614132,53.19149,-10.588293,14.941257,9.081399,10.468943,14.893452,8.997223,-13.777822,25.82552,3.958588,13.409052,25.979649,3.543003
11,-0.698833,0.174831,103.093979,0.621079,0.083763,103.676132,-22.946281,-0.862602,147.100479,23.059216,0.011745,147.386703,-19.058916,1.08585,92.790413,18.381836,1.517532,91.595055,-15.522192,13.717419,54.092949,15.493274,13.427505,53.213234,-10.606776,14.373798,9.091209,10.475546,14.341499,9.004731,-13.795168,25.243229,3.980857,13.416622,25.406498,3.554768
11.5,-0.751743,0.216602,103.15419,0.670799,0.096085,103.742027,-23.015947,-0.808086,147.135956,23.131065,0.020603,147.43454,-19.108316,1.110561,92.881966,18.42725,1.498257,91.691528,-15.569762,13.504642,54.107445,15.553264,13.218391,53.231503,-10.618405,13.798103,9.098712,10.479014,13.782364,9.011149,-13.806311,24.655788,4.001092,13.421828,24.828243,3.568519
12,-0.801446,0.256302,103.216461,0.719294,0.106129,103.808708,-23.082481,-0.75388,147.176117,23.199373,0.030361,147.486496,-19.152691,1.130043,92.971283,18.478231,1.47393,91.783813,-15.607444,13.265976,54.115417,15.609206,12.98769,53.244682,-10.624097,13.215977,9.104012,10.480584,13.217243,9.015366,-13.811939,24.064404,4.018742,13.426513,24.24535,3.579279
12.5,-0.849492,0.294617,103.279114,0.76668,0.114052,103.875542,-23.146488,-0.699867,147.217941,23.264885,0.040543,147.540787,-19.195427,1.146645,93.059235,18.532589,1.445251,91.872017,-15.639982,13.015625,54.120235,15.662206,12.741337,53.254238,-10.627914,12.63168,9.108402,10.481348,12.648697,9.018085,-13.816004,23.471249,4.033532,13.431689,23.65984,3.587031
13,-0.892898,0.328411,103.342072,0.812386,0.11945,103.943115,-23.205566,-0.647659,147.262634,23.327042,0.051132,147.598907,-19.232817,1.154232,93.1427,18.592308,1.411705,91.955795,-15.660823,12.731979,54.116467,15.710198,12.472664,53.258724,-10.628215,12.042831,9.111026,10.480647,12.07481,9.019004,-13.816165,22.875233,4.040626,13.435623,23.070644,3.59079
13.5,-0.932734,0.35833,103.405563,0.856809,0.121731,104.010742,-23.26012,-0.597401,147.30928,23.385365,0.061832,147.659866,-19.265245,1.154434,93.222733,18.656225,1.373928,92.034599,-15.673062,12.422085,54.106087,15.753736,12.180759,53.258377,-10.624824,11.450768,9.112205,10.479222,11.49588,9.018549,-13.812133,22.27792,4.041604,13.438687,22.478588,3.589801
14,-0.971235,0.386677,103.469109,0.900437,0.12191,104.077919,-23.312433,-0.548054,147.356598,23.441074,0.071918,147.721207,-19.295948,1.151478,93.30162,18.72221,1.333733,92.109932,-15.682125,12.103573,54.0937,15.795144,11.877331,53.255798,-10.62071,10.857971,9.113129,10.478134,10.915325,9.017557,-13.807179,21.680477,4.039949,13.442754,21.886112,3.58653
14.5,-1.006371,0.409863,103.532707,0.942346,0.119038,104.145004,-23.359907,-0.50259,147.40477,23.493073,0.081169,147.784302,-19.322294,1.137882,93.377548,18.790565,1.290611,92.180771,-15.686051,11.762375,54.077984,15.833327,11.554256,53.249454,-10.616861,10.264503,9.113688,10.477903,10.33131,9.015528,-13.802158,21.08276,4.032057,13.447418,21.291859,3.578709
15,-1.038403,0.428581,103.596466,0.982743,0.112919,104.212021,-23.402691,-0.46069,147.453079,23.540855,0.089462,147.849274,-19.344818,1.114548,93.451378,18.860237,1.244289,92.247589,-15.68663,11.402969,54.059814,15.868142,11.212048,53.240723,-10.613132,9.670975,9.114484,10.478401,9.744743,9.013577,-13.795715,20.485874,4.019514,13.451255,20.69746,3.567168
15.5,-1.06908,0.445095,103.66037,1.022568,0.105045,104.278946,-23.44253,-0.420776,147.501541,23.586361,0.096317,147.914597,-19.365671,1.086452,93.524216,18.929426,1.196598,92.312714,-15.685229,11.035427,54.040592,15.901929,10.862286,53.231598,-10.609843,9.077656,9.115772,10.47983,9.157505,9.012126,-13.788745,19.889942,4.004744,13.455519,20.103802,3.555052
16,-1.098316,0.457222,103.724831,1.060806,0.09462,104.345848,-23.478613,-0.386429,147.550949,23.628641,0.10112,147.980911,-19.385468,1.048271,93.596107,18.997295,1.14719,92.375687,-15.685269,10.65704,54.023308,15.934936,10.500393,53.222061,-10.608678,8.485821,9.117853,10.483489,8.568985,9.011138,-13.784303,19.295231,3.98906,13.461312,19.510464,3.541839
16.5,-1.125154,0.465012,103.79007,1.09737,0.081421,104.413254,-23.510223,-0.356926,147.600815,23.666651,0.104015,148.049103,-19.402309,0.998154,93.667633,19.063009,1.095226,92.436569,-15.687222,10.269379,54.008678,15.966662,10.125549,53.212917,-10.609794,7.895203,9.121046,10.488915,7.979908,9.011331,-13.78041,18.701519,3.972394,13.466874,18.918163,3.527608
17,-1.151033,0.470165,103.855942,1.133121,0.066879,104.481102,-23.538446,-0.331081,147.651108,23.702557,0.104908,148.118698,-19.419525,0.941376,93.738907,19.125391,1.041721,92.497307,-15.690013,9.876301,53.995598,15.998395,9.746319,53.205238,-10.613083,7.305611,9.125533,10.495442,7.390736,9.012718,-13.777694,18.108936,3.955767,13.472493,18.327,3.514714
17.5,-1.176665,0.472755,103.922562,1.167485,0.050793,104.549316,-23.564466,-0.310135,147.703293,23.735897,0.10342,148.189819,-19.437944,0.877766,93.809937,19.184061,0.986904,92.558151,-15.696588,9.479927,53.986061,16.030973,9.362022,53.199543,-10.617872,6.717308,9.130936,10.503872,6.801472,9.0155,-13.777274,17.517254,3.941809,13.478797,17.736847,3.503792
18,-1.200701,0.471733,103.99054,1.20022,0.032932,104.618477,-23.586399,-0.295238,147.757919,23.765471,0.099464,148.263657,-19.454542,0.802109,93.881203,19.237356,0.929695,92.618912,-15.708672,9.080502,53.982449,16.064362,8.971245,53.196262,-10.624719,6.129719,9.13733,10.514191,6.212315,9.019904,-13.778598,16.925308,3.930891,13.485549,17.147083,3.495051
18.5,-1.224271,0.468334,104.059685,1.231356,0.014214,104.688393,-23.605345,-0.285328,147.814743,23.792837,0.093433,148.340271,-19.47431,0.718742,93.952637,19.285395,0.869884,92.680138,-15.724672,8.679379,53.983353,16.098566,8.578369,53.195728,-10.634322,5.542934,9.145097,10.525292,5.623428,9.025696,-13.782655,16.333271,3.923197,13.492411,16.55798,3.489298
19,-1.247797,0.463974,104.129219,1.261452,-0.004799,104.758583,-23.623222,-0.27816,147.873611,23.818705,0.085659,148.419052,-19.495487,0.632034,94.023483,19.32877,0.80899,92.742271,-15.743313,8.277431,53.986603,16.134001,8.185032,53.197491,-10.64436,4.956295,9.153362,10.53692,5.034496,9.0327,-13.787713,15.741013,3.91813,13.498741,15.968906,3.486164
19.5,-1.270285,0.45726,104.199799,1.289754,-0.024574,104.829636,-23.637707,-0.277275,147.937759,23.841431,0.075497,148.501785,-19.517076,0.536163,94.093018,19.365261,0.745041,92.805122,-15.767586,7.873421,53.995655,16.170916,7.788708,53.202263,-10.654053,4.369022,9.16177,10.54942,4.445148,9.041047,-13.794209,15.146935,3.918317,13.505502,15.379013,3.486996
20,-1.292283,0.449371,104.271149,1.316119,-0.044319,104.900978,-23.650429,-0.280396,148.005951,23.862349,0.064358,148.587875,-19.541643,0.434727,94.161781,19.396423,0.677853,92.867889,-15.795815,7.469032,54.009007,16.208679,7.391933,53.209347,-10.664793,3.780975,9.170552,10.561639,3.855679,9.050215,-13.803267,14.550785,3.922673,13.512458,14.78791,3.490948
20.5,-1.314152,0.441227,104.342598,1.341322,-0.063725,104.971954,-23.66268,-0.285118,148.076324,23.882406,0.052395,148.676147,-19.567911,0.331337,94.229454,19.423769,0.6092,92.930527,-15.82592,7.063652,54.024124,16.247168,6.995216,53.217579,-10.675506,3.19228,9.179418,10.573429,3.265614,9.059886,-13.81298,13.953457,3.929027,13.518554,14.195587,3.496357
21,-1.334717,0.432499,104.413483,1.36449,-0.082729,105.042725,-23.67281,-0.293293,148.153076,23.900068,0.039291,148.7686,-19.595381,0.22414,94.292953,19.444994,0.537113,92.992775,-15.857547,6.65379,54.041332,16.285931,6.596512,53.227726,-10.683382,2.60162,9.187566,10.584055,2.674435,9.070127,-13.82226,13.353535,3.938636,13.523977,13.601185,3.50474
21.5,-1.354453,0.423546,104.483955,1.385502,-0.101097,105.112442,-23.681751,-0.303802,148.234512,23.916237,0.026714,148.864029,-19.624117,0.114464,94.353653,19.461689,0.461067,93.053162,-15.890567,6.241039,54.060352,16.324709,6.196335,53.238487,-10.689802,2.009071,9.195074,10.593377,2.081726,9.080108,-13.832649,12.750908,3.950985,13.529945,13.003887,3.514841
22,-1.373791,0.414852,104.553993,1.405174,-0.118847,105.181046,-23.69104,-0.314877,148.318863,23.931736,0.014553,148.960754,-19.654631,0.004032,94.412178,19.476923,0.383461,93.111847,-15.92454,5.825336,54.080399,16.363167,5.795166,53.248955,-10.695153,1.415188,9.20196,10.601885,1.488342,9.09005,-13.843601,12.146412,3.964599,13.535368,12.404846,3.524936
22.5,-1.391003,0.406876,104.621742,1.422774,-0.135384,105.247612,-23.699142,-0.325062,148.407974,23.946009,0.00309,149.059967,-19.684057,-0.106346,94.464813,19.488342,0.302429,93.167648,-15.955774,5.403343,54.099026,16.39983,5.391121,53.259274,-10.697235,0.819195,9.208025,10.607555,0.893299,9.099739,-13.852391,11.539875,3.97751,13.539078,11.803024,3.535039
23,-1.407115,0.399387,104.687408,1.438003,-0.15102,105.311417,-23.706488,-0.335571,148.500916,23.958649,-0.006458,149.160614,-19.713835,-0.215878,94.512459,19.497072,0.217308,93.219391,-15.984537,4.974911,54.116356,16.4347,4.983253,53.268333,-10.696441,0.22139,9.213128,10.611295,0.295902,9.108377,-13.860992,10.931847,3.990522,13.543294,11.198418,3.54448
23.5,-1.422007,0.392551,104.751541,1.451759,-0.165901,105.373062,-23.714266,-0.344639,148.597244,23.970564,-0.01413,149.261154,-19.743259,-0.324818,94.556091,19.506052,0.130577,93.267845,-16.012079,4.54023,54.132885,16.468151,4.573212,53.275925,-10.693037,-0.377926,9.217116,10.614021,-0.302269,9.116811,-13.869092,10.322342,4.003085,13.547028,10.592003,3.552683
24,-1.434532,0.386745,104.812546,1.463554,-0.179386,105.431267,-23.721603,-0.349983,148.695084,23.981731,-0.019547,149.361343,-19.769302,-0.432819,94.594398,19.513866,0.040955,93.311432,-16.035442,4.100101,54.147137,16.498131,4.159508,53.281857,-10.68768,-0.978226,9.220719,10.614007,-0.901852,9.124563,-13.874782,9.712368,4.012627,13.549431,9.983402,3.558474
24.5,-1.445671,0.381947,104.870033,1.472652,-0.191895,105.484787,-23.728668,-0.352665,148.794617,23.991182,-0.021801,149.460251,-19.794916,-0.538128,94.626617,19.521379,-0.052219,93.34877,-16.053219,3.652679,54.158306,16.524,3.740292,53.285313,-10.679891,-1.579189,9.223802,10.6118,-1.503334,9.131386,-13.879342,9.102936,4.019629,13.551413,9.373596,3.561282
25,-1.45474,0.377892,104.924553,1.480608,-0.203747,105.535545,-23.735168,-0.351372,148.896194,23.999798,-0.021198,149.557388,-19.816666,-0.642124,94.653366,19.529261,-0.146709,93.382446,-16.067205,3.197243,54.166996,16.547806,3.318794,53.287048,-10.669252,-2.180622,9.226193,10.608824,-2.105412,9.138,-13.881951,8.493927,4.024095,13.553009,8.763073,3.562178
25.5,-1.462036,0.374466,104.976364,1.486503,-0.214554,105.582001,-23.741623,-0.346069,148.997025,24.007185,-0.017506,149.651611,-19.834877,-0.745991,94.676712,19.53787,-0.243465,93.4104,-16.078131,2.738876,54.174362,16.567308,2.894325,53.286674,-10.657803,-2.781731,9.228543,10.604178,-2.707928,9.144316,-13.883101,7.885788,4.026079,13.553884,8.151825,3.560139
26,-1.46743,0.372154,105.023491,1.489865,-0.224499,105.622612,-23.747869,-0.334641,149.096115,24.012861,-0.009617,149.741058,-19.850098,-0.848,94.694176,19.54727,-0.342579,93.431442,-16.082575,2.276405,54.178925,16.581903,2.465782,53.284065,-10.645972,-3.381851,9.231406,10.598134,-3.310539,9.150606,-13.882597,7.27998,4.024139,13.553904,7.541573,3.554497
26.5,-1.471041,0.370316,105.067123,1.492267,-0.234032,105.659996,-23.752628,-0.31826,149.194427,24.017395,0.001087,149.827377,-19.86101,-0.94944,94.706963,19.556864,-0.4426,93.448982,-16.082958,1.809261,54.181431,16.593937,2.035923,53.280178,-10.632826,-3.980659,9.23454,10.591854,-3.913021,9.157099,-13.880023,6.676624,4.019455,13.553248,6.93206,3.546964
27,-1.473188,0.368652,105.108383,1.49307,-0.24295,105.693275,-23.756662,-0.298038,149.291367,24.020155,0.01519,149.909363,-19.868315,-1.051617,94.717262,19.566908,-0.543911,93.461861,-16.081106,1.340706,54.183216,16.602261,1.605522,53.274853,-10.619342,-4.578381,9.23794,10.584876,-4.514874,9.163864,-13.876348,6.074844,4.013201,13.552343,6.323505,3.5377
27.5,-1.473576,0.367508,105.144791,1.491616,-0.251354,105.720413,-23.760036,-0.270306,149.382782,24.02084,0.033638,149.984222,-19.870514,-1.154804,94.72377,19.577206,-0.64666,93.468658,-16.075411,0.874989,54.184429,16.606379,1.175117,53.268345,-10.607558,-5.173508,9.242752,10.577904,-5.114868,9.171723,-13.871444,5.476048,4.004808,13.550975,5.717327,3.526475
28,-1.472893,0.3666,105.17778,1.489384,-0.259613,105.743782,-23.761862,-0.237617,149.471176,24.019972,0.054646,150.054153,-19.870176,-1.258499,94.727013,19.587431,-0.749603,93.472305,-16.067032,0.410152,54.185055,16.607977,0.745796,53.26136,-10.596466,-5.766411,9.248538,10.57144,-5.713245,9.180713,-13.865524,4.880054,3.994856,13.548432,5.113091,3.514106
28.5,-1.470844,0.365402,105.208282,1.486221,-0.267555,105.763908,-23.761303,-0.200958,149.557205,24.017076,0.078587,150.12001,-19.865814,-1.364319,94.728317,19.596535,-0.852875,93.473259,-16.057234,-0.053017,54.185532,16.607386,0.318825,53.253941,-10.585955,-6.357449,9.255253,10.564793,-6.310448,9.190181,-13.858407,4.286015,3.984299,13.545729,4.510597,3.501655
29,-1.468067,0.36393,105.23452,1.481218,-0.275402,105.778099,-23.759588,-0.158764,149.635971,24.0114,0.106468,150.178024,-19.858391,-1.472725,94.727776,19.604521,-0.956753,93.469582,-16.04715,-0.508583,54.187237,16.60438,-0.103611,53.246151,-10.577467,-6.945782,9.263293,10.559189,-6.904488,9.201534,-13.851085,3.693943,3.974694,13.543527,3.910942,3.489987
29.5,-1.464495,0.362427,105.257515,1.475645,-0.283344,105.787918,-23.756275,-0.111637,149.710251,24.003565,0.13665,150.22934,-19.848825,-1.583031,94.725143,19.611244,-1.060017,93.463364,-16.036812,-0.957645,54.189613,16.599827,-0.521023,53.238811,-10.570794,-7.531887,9.272624,10.554686,-7.495407,9.214981,-13.843813,3.103409,3.965608,13.539968,3.313354,3.47905
30,-1.460105,0.360249,105.277458,1.469883,-0.291107,105.795387,-23.749458,-0.060909,149.780182,23.994352,0.168682,150.277344,-19.836807,-1.696709,94.721062,19.616383,-1.16296,93.456032,-16.02669,-1.400051,54.192848,16.594664,-0.934467,53.231636,-10.565953,-8.115894,9.283316,10.550287,-8.085056,9.228848,-13.835931,2.514168,3.957445,13.536248,2.717079,3.469043
30.5,-1.45573,0.357414,105.293816,1.462948,-0.299053,105.79744,-23.740793,-0.007496,149.843567,23.981518,0.203911,150.318512,-19.825069,-1.812149,94.715607,19.618753,-1.265255,93.445366,-16.017984,-1.83466,54.197025,16.589111,-1.34053,53.224056,-10.56233,-8.69828,9.294889,10.546933,-8.671364,9.244597,-13.828359,1.925289,3.951635,13.533677,2.123241,3.461848
31,-1.450574,0.354088,105.306595,1.455777,-0.307266,105.794395,-23.73008,0.049789,149.901382,23.96612,0.241093,150.351868,-19.811245,-1.929836,94.708229,19.618351,-1.366016,93.432617,-16.011204,-2.259918,54.20211,16.583935,-1.738064,53.217186,-10.560072,-9.279152,9.307544,10.544557,-9.254147,9.262599,-13.821506,1.33614,3.948377,13.530622,1.530067,3.457688
31.5,-1.445303,0.350075,105.31572,1.448676,-0.315392,105.789612,-23.716549,0.109417,149.953247,23.949984,0.279018,150.382797,-19.798325,-2.050144,94.699471,19.617119,-1.466274,93.419128,-16.006325,-2.675926,54.208118,16.578913,-2.132301,53.21032,-10.559656,-9.858948,9.321169,10.542335,-9.83604,9.280924,-13.815346,0.746536,3.947332,13.52751,0.937267,3.454444
32,-1.440022,0.345364,105.321465,1.441205,-0.323578,105.779732,-23.700188,0.170166,149.999893,23.930496,0.319347,150.407867,-19.787148,-2.170918,94.688751,19.612623,-1.564392,93.402939,-16.002886,-3.085777,54.214073,16.575123,-2.518631,53.202724,-10.560059,-10.438217,9.335592,10.54059,-10.415253,9.300548,-13.809527,0.156227,3.948232,13.525584,0.345661,3.454587
32.5,-1.434206,0.339859,105.322899,1.43378,-0.332096,105.763985,-23.681494,0.232365,150.040131,23.908436,0.361073,150.425034,-19.776531,-2.291592,94.675201,19.605167,-1.659901,93.383926,-16.001865,-3.487785,54.219822,16.572744,-2.896702,53.194653,-10.560283,-11.017139,9.350451,10.538899,-10.99234,9.321531,-13.80482,-0.435505,3.952222,13.524344,-0.246983,3.457982
33,-1.428115,0.333923,105.320152,1.426423,-0.340572,105.746361,-23.660994,0.296135,150.074249,23.885664,0.403164,150.439682,-19.767479,-2.412567,94.659378,19.597198,-1.754509,93.36393,-16.002991,-3.882069,54.225349,16.571012,-3.271801,53.186344,-10.56132,-11.596302,9.365816,10.537145,-11.568737,9.34276,-13.80138,-1.029106,3.958322,13.523456,-0.839859,3.46246
33.5,-1.421903,0.32745,105.313835,1.419184,-0.348904,105.723976,-23.638008,0.360065,150.103348,23.860817,0.446499,150.449127,-19.760902,-2.532433,94.641106,19.587641,-1.846035,93.340942,-16.005255,-4.271786,54.230068,16.570835,-3.641663,53.176754,-10.563003,-12.175655,9.381923,10.535285,-12.143848,9.364575,-13.798532,-1.623676,3.965429,13.523401,-1.433262,3.469031
34,-1.41504,0.320343,105.302322,1.411933,-0.357292,105.695206,-23.612385,0.423428,150.125626,23.833586,0.490852,150.450882,-19.75769,-2.648132,94.618347,19.576385,-1.933258,93.313614,-16.008406,-4.657532,54.233093,16.571911,-4.006096,53.165386,-10.563525,-12.755573,9.398289,10.532515,-12.718578,9.386586,-13.797076,-2.219608,3.973894,13.52464,-2.028095,3.477046
34.5,-1.407348,0.313007,105.286461,1.404635,-0.365612,105.663551,-23.585268,0.487823,150.14241,23.805508,0.535542,150.449127,-19.755089,-2.761478,94.592377,19.564707,-2.018539,93.284264,-16.012711,-5.039566,54.234669,16.573664,-4.367985,53.153194,-10.563516,-13.33626,9.415022,10.528937,-13.293137,9.408465,-13.796371,-2.817238,3.983412,13.526756,-2.623634,3.48585
35,-1.39939,0.305454,105.266365,1.397407,-0.373749,105.628143,-23.557352,0.55175,150.153137,23.776829,0.580227,150.442871,-19.755232,-2.871185,94.563217,19.55356,-2.100662,93.251846,-16.017429,-5.418732,54.234753,16.576231,-4.728203,53.139732,-10.563615,-13.917542,9.432348,10.525076,-13.867716,9.430531,-13.796797,-3.415459,3.992803,13.529535,-3.220341,3.494983
35.5,-1.390151,0.297691,105.24128,1.389951,-0.381458,105.586433,-23.526756,0.614536,150.157684,23.746305,0.625458,150.428833,-19.758118,-2.973995,94.529198,19.542925,-2.176697,93.213905,-16.021097,-5.796513,54.232887,16.578749,-5.085831,53.124237,-10.563111,-14.499142,9.450814,10.520044,-14.442883,9.45233,-13.798575,-4.013756,4.001142,13.53312,-3.817974,3.503144
36,-1.379873,0.289848,105.211823,1.381991,-0.388901,105.540359,-23.494808,0.677364,150.156708,23.715071,0.670815,150.409378,-19.762022,-3.071541,94.491364,19.532604,-2.248573,93.172012,-16.024155,-6.173855,54.229229,16.581051,-5.441776,53.107204,-10.56149,-15.081144,9.469804,10.513336,-15.018663,9.473544,-13.800132,-4.612392,4.008635,13.537933,-4.416035,3.510472
36.5,-1.368629,0.282166,105.177696,1.373725,-0.396271,105.492294,-23.4632,0.739647,150.148804,23.683823,0.715534,150.387115,-19.766884,-3.162487,94.449593,19.523157,-2.318104,93.128059,-16.026199,-6.549957,54.223721,16.583189,-5.797729,53.089603,-10.559369,-15.663301,9.489809,10.506345,-15.594761,9.494902,-13.802988,-5.210274,4.014704,13.543106,-5.0145,3.517362
37,-1.355816,0.274509,105.139961,1.36475,-0.402855,105.438232,-23.429869,0.80077,150.135849,23.651426,0.759861,150.356079,-19.771931,-3.246307,94.404388,19.516527,-2.379944,93.077911,-16.026531,-6.923634,54.217548,16.583916,-6.151886,53.070824,-10.557814,-16.24457,9.512077,10.498668,-16.171513,9.516478,-13.806962,-5.806896,4.018958,13.548276,-5.613312,3.521581
37.5,-1.34185,0.26701,105.098297,1.354381,-0.408821,105.379799,-23.395298,0.861301,150.117157,23.618649,0.803539,150.318573,-19.778217,-3.322948,94.355667,19.510807,-2.435146,93.022972,-16.024876,-7.29644,54.210529,16.582481,-6.503353,53.050957,-10.556102,-16.825096,9.535852,10.489496,-16.748636,9.538061,-13.810225,-6.402252,4.020662,13.553857,-6.210854,3.523155
38,-1.326323,0.259804,105.05278,1.343607,-0.414738,105.320427,-23.360731,0.921143,150.092194,23.585819,0.846718,150.279602,-19.782921,-3.391796,94.303429,19.505392,-2.488667,92.96685,-16.021082,-7.667229,54.202595,16.580482,-6.854645,53.030899,-10.554214,-17.404324,9.561634,10.480002,-17.325796,9.559797,-13.813761,-6.995441,4.02013,13.559581,-6.808205,3.524253
38.5,-1.309317,0.252602,105.004822,1.33119,-0.420013,105.256432,-23.325695,0.97961,150.0625,23.552374,0.887951,150.231979,-19.785938,-3.453632,94.249275,19.503016,-2.534122,92.905449,-16.015741,-8.03199,54.195328,16.575802,-7.201942,53.011196,-10.553225,-17.981445,9.5905,10.470372,-17.902794,9.58285,-13.818476,-7.586662,4.018605,13.564521,-7.404747,3.522442
39,-1.290946,0.245628,104.954414,1.316576,-0.424297,105.18943,-23.289633,1.037025,150.02803,23.51824,0.927521,150.178253,-19.787855,-3.508686,94.193237,19.501099,-2.570934,92.839951,-16.008598,-8.390995,54.188869,16.567846,-7.541405,52.991734,-10.554031,-18.556089,9.622607,10.46064,-18.478086,9.607991,-13.822372,-8.17606,4.014634,13.568836,-7.998692,3.518356
39.5,-1.27113,0.238796,104.901573,1.301343,-0.428425,105.12146,-23.252569,1.093185,149.988541,23.483967,0.966545,150.122787,-19.787786,-3.556656,94.135017,19.499365,-2.605595,92.773254,-15.999271,-8.74453,54.183155,16.558813,-7.879314,52.972202,-10.555556,-19.127945,9.657691,10.450659,-19.053141,9.633537,-13.825364,-8.76276,4.008688,13.572749,-8.59201,3.513507
40,-1.249921,0.231834,104.847267,1.283991,-0.432327,105.051292,-23.21521,1.147449,149.944916,23.4492,1.002686,150.061539,-19.784697,-3.597813,94.075935,19.498228,-2.633663,92.703751,-15.988727,-9.087135,54.178967,16.547102,-8.209583,52.953838,-10.557939,-19.696646,9.696544,10.44096,-19.626472,9.661418,-13.829325,-9.347801,4.002985,13.575629,-9.183636,3.507276
40.5,-1.227312,0.224628,104.791985,1.263832,-0.435181,104.979553,-23.177095,1.199554,149.897797,23.412943,1.035831,149.995285,-19.777868,-3.633453,94.016922,19.496136,-2.651989,92.631439,-15.977793,-9.416435,54.176567,16.532192,-8.523544,52.9366,-10.563383,-20.261185,9.740597,10.432728,-20.195383,9.694513,-13.832436,-9.931423,3.997073,13.577248,-9.772755,3.501202
41,-1.203774,0.217369,104.735809,1.242478,-0.437748,104.906944,-23.137489,1.249821,149.847458,23.376078,1.067719,149.926804,-19.76956,-3.664024,93.957283,19.49375,-2.666882,92.557991,-15.965794,-9.735703,54.175858,16.515856,-8.832027,52.919518,-10.570431,-20.822416,9.78809,10.424927,-20.762989,9.729165,-13.834431,-10.513458,3.990426,13.577856,-10.360901,3.494796
41.5,-1.178823,0.209652,104.678871,1.219464,-0.440319,104.83371,-23.09605,1.297066,149.794174,23.338718,1.09687,149.855591,-19.758068,-3.68837,93.897324,19.489916,-2.677105,92.48362,-15.953008,-10.038635,54.176899,16.497604,-9.130733,52.903114,-10.578627,-21.37952,9.840278,10.417638,-21.327871,9.766593,-13.836501,-11.09494,3.985245,13.577509,-10.947529,3.488513
42,-1.152822,0.20092,104.62188,1.193501,-0.442383,104.759773,-23.053934,1.340343,149.738922,23.29911,1.121891,149.781097,-19.742439,-3.708252,93.838646,19.482498,-2.678493,92.407669,-15.941289,-10.321705,54.178982,16.477448,-9.406132,52.886978,-10.589456,-21.931845,9.898847,10.412346,-21.886522,9.811588,-13.837742,-11.676186,3.98271,13.576419,-11.532837,3.485495
42.5,-1.126125,0.191887,104.564819,1.165693,-0.444077,104.68541,-23.010416,1.381317,149.681915,23.257669,1.144306,149.704803,-19.724674,-3.724541,93.780327,19.473509,-2.674694,92.330933,-15.929953,-10.590496,54.182297,16.456047,-9.66798,52.870621,-10.60227,-22.480837,9.961515,10.408752,-22.441555,9.860879,-13.838788,-12.257359,3.981452,13.574116,-12.117516,3.484138
43,-1.098166,0.181698,104.507385,1.13711,-0.44582,104.610779,-22.963051,1.416843,149.623795,23.215826,1.164913,149.627487,-19.705311,-3.735603,93.722038,19.463015,-2.668373,92.253944,-15.918718,-10.837406,54.186127,16.433989,-9.922165,52.853966,-10.616592,-23.025331,10.029952,10.405744,-22.994425,9.912441,-13.838934,-12.839808,3.983065,13.571373,-12.7017,3.483545
43.5,-1.069528,0.170265,104.44989,1.105802,-0.447666,104.535423,-22.914452,1.447781,149.565125,23.171305,1.180592,149.548157,-19.683844,-3.742718,93.664619,19.446455,-2.65414,92.175941,-15.908516,-11.06469,54.188999,16.410948,-10.148293,52.835339,-10.631877,-23.566065,10.104187,10.404788,-23.539995,9.973183,-13.838558,-13.422968,3.987997,13.56897,-13.285395,3.487989
44,-1.040098,0.157867,104.392227,1.072813,-0.449352,104.459549,-22.864191,1.474838,149.505798,23.12356,1.192825,149.468048,-19.659943,-3.746552,93.607864,19.427427,-2.63443,92.097122,-15.899466,-11.273994,54.190884,16.387754,-10.354977,52.814522,-10.64838,-24.103493,10.183576,10.406122,-24.080538,10.040841,-13.839065,-14.006916,3.996511,13.566772,-13.8699,3.496457
44.5,-1.009567,0.143997,104.334053,1.039325,-0.451065,104.383339,-22.809858,1.495209,149.446533,23.075224,1.203732,149.38736,-19.636168,-3.745579,93.551041,19.4072,-2.613113,92.018066,-15.890752,-11.460869,54.190865,16.364607,-10.555428,52.792892,-10.66606,-24.637043,10.269159,10.408121,-24.619431,10.110481,-13.839018,-14.593029,4.008424,13.564431,-14.454445,3.5059
45,-0.978226,0.12886,104.275185,1.004198,-0.453087,104.305679,-22.752848,1.510113,149.387451,23.024199,1.210014,149.305084,-19.612267,-3.740158,93.494194,19.381308,-2.585163,91.937881,-15.882117,-11.62862,54.187737,16.340858,-10.72916,52.766666,-10.683761,-25.16725,10.360587,10.412357,-25.151543,10.189743,-13.838629,-15.18005,4.022989,13.563826,-15.039406,3.520007
45.5,-0.946068,0.112442,104.215607,0.967703,-0.45528,104.226517,-22.693792,1.520229,149.3284,22.969458,1.212677,149.221664,-19.587801,-3.730984,93.437561,19.352732,-2.551983,91.856316,-15.873486,-11.779339,54.181114,16.317263,-10.88163,52.736027,-10.70079,-25.694708,10.457357,10.418408,-25.678534,10.277432,-13.839659,-15.767166,4.041147,13.565271,-15.625593,3.538284
46,-0.91256,0.094566,104.155128,0.930779,-0.45755,104.146828,-22.631342,1.523563,149.269791,22.913403,1.213806,149.137848,-19.563595,-3.71664,93.380707,19.323151,-2.517052,91.774269,-15.864652,-11.909683,54.170128,16.294043,-11.026611,52.703678,-10.71844,-26.218733,10.560828,10.425308,-26.203644,10.367916,-13.841711,-16.355808,4.062614,13.567397,-16.212305,3.558084
46.5,-0.877954,0.075569,104.093277,0.893231,-0.459892,104.065262,-22.565577,1.520363,149.211411,22.855106,1.211571,149.052094,-19.54076,-3.696716,93.323181,19.29052,-2.477135,91.691017,-15.854365,-12.021446,54.154076,16.269983,-11.151756,52.666245,-10.735578,-26.738867,10.670917,10.434614,-26.723761,10.466835,-13.843639,-16.944298,4.085547,13.571852,-16.799349,3.580333
47,-0.842098,0.055653,104.030502,0.854496,-0.462379,103.9813,-22.496775,1.512501,149.153427,22.793243,1.205929,148.963547,-19.519264,-3.672073,93.265633,19.256083,-2.431728,91.606239,-15.841407,-12.11694,54.132988,16.244404,-11.255054,52.622902,-10.750504,-27.255583,10.78712,10.444926,-27.238298,10.575459,-13.847206,-17.531219,4.110083,13.579672,-17.386433,3.604592
47.5,-0.804768,0.034721,103.966682,0.815545,-0.465046,103.896324,-22.42555,1.499096,149.095749,22.729559,1.198296,148.874298,-19.497953,-3.642002,93.207932,19.221262,-2.383877,91.520531,-15.826969,-12.196739,54.106899,16.219086,-11.349079,52.57666,-10.765356,-27.768829,10.909815,10.456346,-27.75054,10.688498,-13.853327,-18.117432,4.136948,13.589379,-17.974005,3.630117
48,-0.765979,0.013035,103.901428,0.776219,-0.46735,103.810013,-22.351971,1.478664,149.037781,22.664003,1.188755,148.78299,-19.478054,-3.605099,93.149757,19.185663,-2.332516,91.434135,-15.809288,-12.257633,54.074455,16.192287,-11.430012,52.526974,-10.779356,-28.27635,11.04076,10.469552,-28.259087,10.807929,-13.85995,-18.701155,4.164252,13.601192,-18.56115,3.656326
48.5,-0.725123,-0.008411,103.836082,0.735641,-0.469097,103.722031,-22.274399,1.454697,148.980774,22.595432,1.176201,148.68782,-19.459597,-3.562519,93.092339,19.150379,-2.274902,91.347664,-15.785656,-12.299721,54.037086,16.160921,-11.487598,52.471886,-10.790531,-28.776762,11.180181,10.483947,-28.759748,10.938897,-13.868534,-19.281084,4.190952,13.616225,-19.14613,3.681312
49,-0.682867,-0.030243,103.770241,0.694835,-0.470798,103.632965,-22.194616,1.426807,148.923996,22.52528,1.161564,148.59082,-19.442095,-3.514923,93.035225,19.115858,-2.213936,91.260605,-15.759414,-12.329487,53.995975,16.12837,-11.533955,52.413929,-10.801213,-29.272978,11.325564,10.499272,-29.256863,11.076234,-13.879499,-19.858387,4.21843,13.633689,-19.730078,3.705948
49.5,-0.638636,-0.051777,103.704483,0.653667,-0.47192,103.543465,-22.114145,1.393036,148.866943,22.453579,1.145859,148.49231,-19.424334,-3.459442,92.979286,19.081512,-2.150135,91.17337,-15.72733,-12.335148,53.948956,16.093863,-11.570232,52.354004,-10.810633,-29.758127,11.482891,10.515388,-29.750465,11.218523,-13.892495,-20.429604,4.246054,13.652601,-20.313046,3.730547
50,-0.592284,-0.071922,103.640434,0.610629,-0.471184,103.455376,-22.030649,1.357555,148.811508,22.379374,1.128117,148.391739,-19.406281,-3.399185,92.925491,19.04892,-2.079922,91.088943,-15.689146,-12.320747,53.899315,16.052692,-11.580471,52.291527,-10.818124,-30.232021,11.649932,10.533131,-30.231289,11.374113,-13.907066,-20.996212,4.273407,13.673087,-20.891603,3.75315
50.5,-0.544164,-0.091293,103.577621,0.566736,-0.469524,103.36795,-21.944687,1.319675,148.756958,22.304285,1.108265,148.288803,-19.389038,-3.334103,92.873238,19.01791,-2.004894,91.00621,-15.646328,-12.289101,53.847477,16.007437,-11.572411,52.227673,-10.824661,-30.696913,11.825413,10.551634,-30.703564,11.53968,-13.922767,-21.558475,4.300436,13.694808,-21.466547,3.773856
51,-0.494305,-0.109085,103.517815,0.522577,-0.467255,103.280815,-21.858913,1.278793,148.703888,22.228275,1.087776,148.18515,-19.369835,-3.262653,92.824417,18.987677,-1.927521,90.92379,-15.597835,-12.228512,53.792984,15.960143,-11.556328,52.162971,-10.830194,-31.144936,12.015092,10.570243,-31.17231,11.709188,-13.940864,-22.113316,4.329119,13.717353,-22.040222,3.794249
51.5,-0.442494,-0.124714,103.461929,0.475577,-0.461819,103.199303,-21.771944,1.23703,148.653366,22.149992,1.066071,148.08374,-19.348387,-3.18705,92.779182,18.958567,-1.843712,90.846962,-15.543879,-12.141396,53.73735,15.905776,-11.505802,52.098003,-10.834144,-31.575418,12.21751,10.589983,-31.619614,11.895343,-13.959942,-22.662458,4.360379,13.739048,-22.607365,3.816029
52,-0.388917,-0.138245,103.409973,0.426959,-0.454197,103.122299,-21.683208,1.195015,148.605698,22.071472,1.042686,147.983185,-19.325619,-3.108128,92.737076,18.930714,-1.7547,90.77523,-15.485889,-12.03035,53.681568,15.845849,-11.428009,52.033642,-10.837672,-31.98996,12.431468,10.610436,-32.050331,12.09522,-13.97877,-23.207378,4.393613,13.759645,-23.169203,3.838258
52.5,-0.334067,-0.149193,103.363968,0.377611,-0.445431,103.047119,-21.594551,1.152069,148.562195,21.992727,1.018703,147.882721,-19.300573,-3.025074,92.699966,18.903612,-1.662762,90.705345,-15.423875,-11.88406,53.625885,15.783061,-11.337452,51.969475,-10.8404,-32.381084,12.661839,10.631001,-32.473434,12.301294,-13.998497,-23.744947,4.431624,13.77986,-23.72831,3.860357
53,-0.277731,-0.157341,103.324593,0.325618,-0.433216,102.980042,-21.50621,1.109444,148.523361,21.912477,0.994366,147.789169,-19.271547,-2.939297,92.667809,18.876303,-1.565838,90.641563,-15.358165,-11.702423,53.570408,15.715575,-11.20911,51.905334,-10.841549,-32.746834,12.908678,10.65102,-32.869331,12.524752,-14.018309,-24.275909,4.476993,13.797557,-24.280321,3.889954
53.5,-0.220107,-0.162437,103.291992,0.271051,-0.41748,102.922173,-21.417656,1.067596,148.490295,21.831812,0.968945,147.703262,-19.239056,-2.851528,92.639923,18.848452,-1.464336,90.585609,-15.291368,-11.487511,53.515518,15.643777,-11.040981,51.84214,-10.84271,-33.08683,13.17165,10.67168,-33.236046,12.767559,-14.036661,-24.802118,4.531203,13.811972,-24.824984,3.927786
54,-0.161672,-0.164574,103.267097,0.214968,-0.399448,102.869446,-21.329056,1.026096,148.463898,21.751637,0.943184,147.620422,-19.20401,-2.76223,92.617104,18.820229,-1.359211,90.534248,-15.22345,-11.234726,53.461567,15.568566,-10.848442,51.77998,-10.843144,-33.398544,13.452076,10.692369,-33.585594,13.021729,-14.053432,-25.321815,4.59436,13.823962,-25.364876,3.968974
54.5,-0.102583,-0.163704,103.250877,0.157081,-0.378529,102.824722,-21.241188,0.986008,148.445129,21.670938,0.917461,147.546753,-19.164717,-2.672401,92.599663,18.790838,-1.251057,90.487679,-15.155223,-10.940784,53.408653,15.492005,-10.62093,51.716728,-10.842139,-33.67794,13.751585,10.711454,-33.906075,13.292109,-14.068754,-25.834332,4.670636,13.833253,-25.896944,4.022637
55,-0.043071,-0.15929,103.244362,0.096703,-0.35339,102.792404,-21.154964,0.946457,148.43605,21.58996,0.891376,147.488022,-19.121218,-2.581856,92.586845,18.758766,-1.140102,90.449104,-15.090695,-10.601322,53.355434,15.415114,-10.342743,51.652496,-10.840987,-33.917091,14.073872,10.730085,-34.183475,13.587572,-14.080999,-26.33762,4.76715,13.837764,-26.417542,4.096662
55.5,0.01667,-0.152607,103.244469,0.034184,-0.324963,102.768974,-21.069456,0.907505,148.433899,21.50926,0.865414,147.438232,-19.074734,-2.491631,92.577339,18.724152,-1.026283,90.416893,-15.027877,-10.23119,53.302132,15.336835,-10.027233,51.588127,-10.839214,-34.129639,14.41099,10.748371,-34.430206,13.900667,-14.09026,-26.835024,4.875252,13.838775,-26.930599,4.182989
56,0.076446,-0.142693,103.255547,-0.029219,-0.294453,102.752029,-20.984236,0.869999,148.443909,21.429243,0.839645,147.397095,-19.024582,-2.402828,92.573151,18.688129,-0.911171,90.388184,-14.969562,-9.811615,53.249043,15.259574,-9.683388,51.522289,-10.835999,-34.29689,14.772522,10.765279,-34.649734,14.227589,-14.095402,-27.320578,5.006315,13.837348,-27.434401,4.283361
56.5,0.135549,-0.130417,103.275307,-0.093777,-0.26022,102.747322,-20.901686,0.831982,148.464218,21.34967,0.814037,147.374557,-18.972094,-2.315186,92.571625,18.648285,-0.79604,90.364746,-14.918951,-9.350555,53.194313,15.186921,-9.287025,51.45261,-10.832336,-34.420322,15.155939,10.780125,-34.816315,14.581924,-14.09635,-27.790045,5.163491,13.83164,-27.919273,4.415442
57,0.19408,-0.116589,103.301178,-0.160136,-0.222412,102.753662,-20.821152,0.793884,148.492172,21.269842,0.788982,147.367249,-18.916691,-2.228626,92.572243,18.60401,-0.680202,90.347145,-14.873245,-8.861572,53.138355,15.117559,-8.84449,51.38026,-10.828164,-34.513405,15.554516,10.793767,-34.937893,14.959506,-14.093921,-28.249186,5.337797,13.82278,-28.389872,4.572498
57.5,0.252312,-0.100376,103.336891,-0.226949,-0.183029,102.765602,-20.741154,0.755756,148.533401,21.191271,0.764217,147.367981,-18.858849,-2.144909,92.576035,18.557795,-0.564426,90.332497,-14.835922,-8.327347,53.080379,15.050625,-8.377583,51.306477,-10.822645,-34.553669,15.977937,10.806671,-35.032623,15.349696,-14.085283,-28.686119,5.542637,13.81195,-28.849232,4.744527
58,0.309298,-0.08316,103.379288,-0.292963,-0.141338,102.787346,-20.663462,0.716236,148.584229,21.114382,0.739784,147.386505,-18.800762,-2.063839,92.5811,18.508329,-0.451698,90.320358,-14.807838,-7.760853,53.020878,14.992071,-7.865246,51.228275,-10.816889,-34.550545,16.419714,10.8168,-35.069771,15.76507,-14.071858,-29.098692,5.774161,13.798748,-29.277508,4.954525
58.5,0.364878,-0.065685,103.426224,-0.359128,-0.097366,102.817429,-20.588821,0.675049,148.641815,21.037531,0.715775,147.419861,-18.741831,-1.984795,92.586929,18.454737,-0.341354,90.310638,-14.786973,-7.172775,52.959957,14.940542,-7.31414,51.146332,-10.810461,-34.514404,16.874477,10.824757,-35.059113,16.20149,-14.055104,-29.490374,6.026483,13.783577,-29.681393,5.195178
59,0.419787,-0.047443,103.479736,-0.425357,-0.051891,102.854202,-20.51552,0.631824,148.710052,20.961735,0.692425,147.464081,-18.681463,-1.909512,92.593887,18.397963,-0.23278,90.303726,-14.775889,-6.552769,52.896748,14.894269,-6.734394,51.062233,-10.803479,-34.42524,17.348976,10.832085,-35.012131,16.653774,-14.032505,-29.845245,6.310596,13.767616,-30.06715,5.45833
59.5,0.473351,-0.02935,103.537941,-0.489294,-0.006229,102.8964,-20.444311,0.585979,148.786331,20.888636,0.668667,147.519806,-18.622269,-1.837776,92.601555,18.339472,-0.129578,90.297844,-14.774315,-5.910084,52.833168,14.856605,-6.126797,50.977524,-10.796737,-34.291748,17.837893,10.837382,-34.914188,17.12151,-14.004831,-30.163902,6.620819,13.751192,-30.409557,5.753574
60,0.525102,-0.01255,103.598724,-0.551481,0.039825,102.94297,-20.376175,0.536739,148.867325,20.816851,0.644749,147.585114,-18.564428,-1.769897,92.609421,18.278584,-0.031162,90.292091,-14.780325,-5.254566,52.770531,14.826858,-5.494755,50.891838,-10.789537,-34.122307,18.334394,10.840042,-34.772182,17.602657,-13.973566,-30.443781,6.950929,13.734063,-30.71467,6.076542
60.5,0.575625,0.003365,103.662407,-0.61245,0.08654,102.995804,-20.310366,0.483982,148.953522,20.745876,0.621338,147.662766,-18.506779,-1.70628,92.61792,18.214565,0.062912,90.287766,-14.794198,-4.583767,52.708954,14.805889,-4.834061,50.804459,-10.782647,-33.908661,18.840452,10.841699,-34.583755,18.100594,-13.938822,-30.675777,7.30551,13.717899,-30.986891,6.430026
61,0.62516,0.018059,103.728355,-0.670739,0.131649,103.05085,-20.24678,0.427441,149.04422,20.677994,0.596687,147.744812,-18.450682,-1.646671,92.62722,18.149904,0.150757,90.285378,-14.815587,-3.902588,52.64978,14.790263,-4.162678,50.722786,-10.776581,-33.654022,19.353638,10.842445,-34.356102,18.601467,-13.900059,-30.859056,7.680972,13.70223,-31.207727,6.801423
61.5,0.672701,0.029835,103.795189,-0.726199,0.175381,103.107208,-20.18611,0.365639,149.136597,20.612749,0.571072,147.830048,-18.397097,-1.593624,92.638,18.084461,0.232597,90.283401,-14.843061,-3.217957,52.59782,14.780869,-3.481323,50.646217,-10.770771,-33.357475,19.864885,10.841052,-34.090233,19.10457,-13.857452,-30.976086,8.070707,13.68662,-31.377983,7.19063
62,0.718858,0.039864,103.862518,-0.778629,0.217896,103.167076,-20.127684,0.300339,149.229065,20.549046,0.544575,147.923172,-18.345121,-1.544949,92.650177,18.018167,0.308086,90.282372,-14.874134,-2.531239,52.551704,14.780388,-2.782413,50.573505,-10.765957,-33.031757,20.374252,10.838235,-33.777851,19.616158,-13.81409,-31.045149,8.47109,13.672606,-31.496059,7.606227
62.5,0.763903,0.047585,103.930328,-0.828713,0.257889,103.228142,-20.072575,0.230148,149.321655,20.487926,0.516491,148.017197,-18.294786,-1.501911,92.664322,17.951614,0.377266,90.284599,-14.910089,-1.843861,52.513714,14.782322,-2.081867,50.511211,-10.762393,-32.665905,20.880913,10.835093,-33.43409,20.121485,-13.768389,-31.047237,8.885012,13.659417,-31.55908,8.02782
63,0.807369,0.05164,103.997849,-0.875627,0.295044,103.289185,-20.019859,0.15427,149.411774,20.43029,0.486439,148.109482,-18.246191,-1.46627,92.68293,17.885162,0.440228,90.289841,-14.946834,-1.163303,52.491165,14.787107,-1.382305,50.461819,-10.760012,-32.26186,21.370975,10.830781,-33.05719,20.615896,-13.720504,-30.966875,9.297407,13.645845,-31.558651,8.452281
63.5,0.849683,0.053532,104.065163,-0.918795,0.32906,103.350746,-19.969074,0.075279,149.499374,20.375944,0.454014,148.201233,-18.199486,-1.436066,92.704269,17.820381,0.496586,90.298241,-14.983626,-0.487118,52.479233,14.796016,-0.681927,50.425919,-10.7587,-31.83593,21.849508,10.824953,-32.64341,21.101564,-13.672643,-30.835613,9.708311,13.632709,-31.489777,8.883613
64,0.89023,0.052357,104.132072,-0.959821,0.360233,103.413452,-19.922003,-0.008678,149.582642,20.323088,0.419674,148.293259,-18.155008,-1.413239,92.730019,17.75606,0.54723,90.31044,-15.020787,0.18185,52.483883,14.806059,0.016689,50.402626,-10.758886,-31.374983,22.310278,10.818702,-32.202747,21.575848,-13.62486,-30.624088,10.11679,13.620231,-31.36618,9.314004
64.5,0.929645,0.047939,104.198715,-0.997984,0.387348,103.475983,-19.877565,-0.097172,149.661133,20.274342,0.382633,148.380096,-18.110662,-1.397301,92.762032,17.692076,0.591919,90.329315,-15.054806,0.840824,52.507931,14.814307,0.705746,50.400478,-10.759877,-30.88312,22.744986,10.811715,-31.733196,22.023146,-13.577138,-30.332348,10.511243,13.606125,-31.166382,9.72696
65,0.968388,0.041405,104.265373,-1.033162,0.410843,103.538216,-19.834461,-0.188011,149.735962,20.229528,0.342602,148.461685,-18.06679,-1.387077,92.798866,17.631193,0.63245,90.354225,-15.085224,1.491642,52.547707,14.821388,1.385757,50.417583,-10.761926,-30.372143,23.15707,10.803394,-31.239126,22.446457,-13.529462,-29.984295,10.889992,13.590464,-30.898575,10.124313
65.5,1.005007,0.031891,104.331802,-1.065688,0.430611,103.601448,-19.794798,-0.282398,149.804443,20.186653,0.299786,148.541855,-18.025787,-1.384842,92.841934,17.572392,0.667198,90.384773,-15.11161,2.131779,52.609749,14.827701,2.059155,50.452858,-10.764679,-29.833267,23.537384,10.794348,-30.718172,22.848822,-13.483568,-29.556229,11.248214,13.574319,-30.564083,10.51073
66,1.040419,0.019829,104.398521,-1.096537,0.446419,103.665085,-19.758022,-0.379429,149.867523,20.147404,0.254749,148.616623,-17.983999,-1.389206,92.891907,17.513964,0.697895,90.423668,-15.132662,2.762074,52.69294,14.828773,2.719509,50.511448,-10.767343,-29.269318,23.884106,10.783799,-30.174492,23.212362,-13.439326,-29.055075,11.581917,13.554825,-30.156054,10.861336
66.5,1.075196,0.006153,104.465836,-1.125731,0.459225,103.729034,-19.722656,-0.477577,149.92688,20.111328,0.20739,148.686768,-17.941664,-1.398129,92.948204,17.458719,0.727055,90.469437,-15.147717,3.382816,52.795113,14.825995,3.369263,50.588127,-10.770335,-28.686287,24.197388,10.772436,-29.614523,23.545008,-13.396099,-28.494743,11.887162,13.532875,-29.692501,11.183257
67,1.108336,-0.009453,104.533531,-1.152279,0.467617,103.794014,-19.690027,-0.57666,149.981323,20.078695,0.156673,148.752945,-17.901255,-1.413132,93.010284,17.40695,0.751595,90.524025,-15.156682,3.993679,52.917667,14.818541,4.006042,50.689648,-10.772549,-28.082403,24.473085,10.75924,-29.028593,23.840261,-13.354571,-27.870895,12.159963,13.507963,-29.149303,11.474026
67.5,1.139708,-0.026882,104.60199,-1.178016,0.473095,103.859947,-19.660007,-0.67627,150.031204,20.048441,0.105206,148.816437,-17.860628,-1.4342,93.078598,17.356535,0.774048,90.585625,-15.160114,4.595749,53.060303,14.80628,4.630932,50.810116,-10.773647,-27.45785,24.7104,10.744013,-28.423418,24.093904,-13.315509,-27.185158,12.400636,13.479307,-28.545176,11.722757
68,1.169992,-0.045078,104.671478,-1.202737,0.476299,103.926636,-19.632341,-0.774742,150.077942,20.020605,0.052673,148.877411,-17.819233,-1.457832,93.153313,17.308979,0.796116,90.653137,-15.156438,5.187332,53.222759,14.789581,5.245964,50.945316,-10.773434,-26.811699,24.901909,10.727533,-27.803722,24.313265,-13.279308,-26.43889,12.599832,13.448138,-27.893465,11.936806
68.5,1.199357,-0.063923,104.741455,-1.226038,0.475975,103.994652,-19.606319,-0.87207,150.123062,19.996542,-0.002014,148.935287,-17.779005,-1.483803,93.231293,17.265356,0.81686,90.72966,-15.14824,5.770962,53.397884,14.766622,5.846508,51.102966,-10.77143,-26.149813,25.060032,10.708447,-27.16193,24.485596,-13.243838,-25.652323,12.766568,13.412584,-27.170773,12.10395
69,1.226511,-0.083809,104.81221,-1.248434,0.473591,104.063538,-19.582579,-0.967686,150.165176,19.974287,-0.056026,148.992416,-17.739403,-1.513939,93.314041,17.224478,0.836262,90.81134,-15.134986,6.34565,53.58976,14.740503,6.435646,51.275082,-10.767149,-25.468605,25.175409,10.687039,-26.500422,24.615423,-13.211145,-24.81394,12.894394,13.373934,-26.394403,12.22859
69.5,1.251943,-0.10342,104.883453,-1.270203,0.469833,104.133026,-19.561716,-1.05928,150.206024,19.953884,-0.109367,149.049042,-17.700779,-1.544456,93.399841,17.18704,0.856049,90.896736,-15.117408,6.909416,53.794895,14.710921,7.01519,51.457409,-10.759953,-24.765154,25.242342,10.66308,-25.823242,24.708929,-13.182627,-23.92683,12.978057,13.333376,-25.575956,12.315997
70,1.276513,-0.12278,104.954758,-1.291308,0.46426,104.203506,-19.541967,-1.148472,150.247284,19.936001,-0.162575,149.105774,-17.663645,-1.573849,93.486771,17.153101,0.876476,90.987144,-15.097811,7.465115,54.006378,14.677431,7.582718,51.652088,-10.750751,-24.047087,25.279394,10.63685,-25.126299,24.758362,-13.154951,-23.012861,13.0324,13.290013,-24.707041,12.358251
70.5,1.299218,-0.142166,105.025948,-1.311271,0.45726,104.274231,-19.524298,-1.233837,150.287674,19.920576,-0.213566,149.162109,-17.627239,-1.603485,93.575409,17.123102,0.896275,91.081322,-15.07536,8.010796,54.226501,14.641955,8.137051,51.857819,-10.738492,-23.310474,25.275818,10.607829,-24.407232,24.761084,-13.13048,-22.061848,13.048751,13.244508,-23.786325,12.354555
71,1.319527,-0.160641,105.096291,-1.330612,0.450073,104.344826,-19.509199,-1.313164,150.328186,19.906166,-0.262005,149.219666,-17.594421,-1.632053,93.663315,17.097801,0.916832,91.176056,-15.052445,8.543056,54.452404,14.605738,8.681709,52.06776,-10.723228,-22.550625,25.22607,10.575654,-23.670271,24.72913,-13.109968,-21.072376,13.023911,13.198792,-22.830296,12.317721
71.5,1.338381,-0.178417,105.165573,-1.349316,0.442509,104.4151,-19.495457,-1.389004,150.369553,19.892754,-0.308155,149.278961,-17.565035,-1.657303,93.749969,17.075075,0.93755,91.270538,-15.030491,9.064903,54.678837,14.569361,9.216343,52.279747,-10.705742,-21.775932,25.148861,10.541864,-22.91501,24.663021,-13.092469,-20.064106,12.975115,13.153811,-21.842703,12.249314
72,1.355849,-0.195347,105.233253,-1.366892,0.434402,104.484543,-19.483587,-1.459778,150.411179,19.882271,-0.350224,149.338058,-17.536545,-1.679436,93.83522,17.056726,0.958458,91.366425,-15.008911,9.574791,54.905716,14.532548,9.736115,52.497459,-10.685927,-20.982756,25.037287,10.505213,-22.135483,24.549616,-13.078458,-19.030584,12.895814,13.108452,-20.808235,12.135921
72.5,1.370873,-0.211155,105.298592,-1.383363,0.426991,104.55265,-19.473505,-1.524487,150.453293,19.871983,-0.388538,149.398651,-17.513296,-1.698738,93.917229,17.044067,0.979576,91.460022,-14.98982,10.069035,55.131332,14.497984,10.244514,52.714046,-10.664434,-20.168121,24.888615,10.466208,-21.335644,24.404572,-13.068435,-17.969362,12.785474,13.066145,-19.744366,11.997973
73,1.383659,-0.226139,105.361099,-1.398867,0.42001,104.61911,-19.465195,-1.58437,150.495285,19.86252,-0.423351,149.459869,-17.495689,-1.71476,93.995544,17.03335,0.999577,91.550652,-14.974003,10.547554,55.352898,14.465342,10.742733,52.927933,-10.641214,-19.33567,24.710947,10.426047,-20.518568,24.233694,-13.063692,-16.889587,12.65405,13.026973,-18.657913,11.840671
73.5,1.395249,-0.240036,105.420921,-1.413218,0.413418,104.683334,-19.458241,-1.639854,150.536987,19.854778,-0.453194,149.521042,-17.479631,-1.726582,94.071182,17.025949,1.019131,91.639099,-14.961139,11.013191,55.570492,14.434743,11.225937,53.140633,-10.617374,-18.487535,24.508926,10.384446,-19.677601,24.023935,-13.063282,-15.79314,12.505149,12.990747,-17.536137,11.651522
74,1.40478,-0.252655,105.477089,-1.425681,0.407883,104.744919,-19.452646,-1.689766,150.578537,19.847734,-0.478397,149.581848,-17.469265,-1.734203,94.142479,17.024681,1.038063,91.724007,-14.951703,11.461193,55.782753,14.407305,11.69379,53.349426,-10.593667,-17.618788,24.276016,10.341674,-18.813755,23.782822,-13.067876,-14.673027,12.333488,12.960776,-16.38538,11.443604
74.5,1.411555,-0.26466,105.528435,-1.4371,0.403049,104.804169,-19.448732,-1.734436,150.617905,19.841368,-0.500328,149.641891,-17.466246,-1.740204,94.208435,17.024857,1.054928,91.805702,-14.946522,11.887058,55.987385,14.382179,12.15052,53.55452,-10.570196,-16.729145,24.013443,10.298698,-17.934061,23.521753,-13.079303,-13.531454,12.144706,12.935361,-15.21641,11.22522
75,1.417022,-0.275833,105.576645,-1.44722,0.399014,104.860069,-19.445765,-1.776241,150.655426,19.835688,-0.517433,149.700363,-17.465282,-1.743187,94.271942,17.026588,1.069244,91.883331,-14.944288,12.299408,56.187237,14.36,12.591648,53.755066,-10.547761,-15.827221,23.733664,10.256234,-17.03257,23.231955,-13.096889,-12.376488,11.948803,12.915892,-14.020876,10.990499
75.5,1.421002,-0.285801,105.620346,-1.455187,0.396038,104.912178,-19.443848,-1.813416,150.691269,19.831352,-0.529934,149.75621,-17.4695,-1.742405,94.3312,17.033371,1.081913,91.957092,-14.945096,12.693562,56.380493,14.339835,13.013126,53.950146,-10.527163,-14.906235,23.428171,10.214199,-16.106405,22.911224,-13.120389,-11.199406,11.737904,12.904681,-12.795515,10.741422
76,1.422374,-0.295422,105.658325,-1.461931,0.393635,104.961716,-19.443071,-1.84687,150.722855,19.82752,-0.539944,149.810104,-17.480276,-1.741673,94.385635,17.041143,1.091908,92.028564,-14.94804,13.062317,56.565472,14.321316,13.421547,54.141731,-10.509798,-13.963673,23.095171,10.17357,-15.16497,22.573341,-13.151965,-9.997211,11.515116,12.89937,-11.553425,10.487325
76.5,1.422433,-0.304729,105.692764,-1.467415,0.391865,105.00766,-19.443169,-1.878441,150.750885,19.82448,-0.546669,149.860321,-17.492762,-1.740631,94.437866,17.04845,1.097649,92.09684,-14.951807,13.415569,56.745331,14.30365,13.813168,54.328945,-10.494576,-13.009655,22.746805,10.135097,-14.204786,22.214552,-13.191368,-8.780338,11.289236,12.901184,-10.289509,10.227005
77,1.421216,-0.313171,105.722893,-1.471051,0.390968,105.049057,-19.443832,-1.907272,150.775742,19.822411,-0.549488,149.906464,-17.509962,-1.738174,94.486938,17.059103,1.100304,92.16127,-14.95672,13.752319,56.919907,14.286168,14.181789,54.509869,-10.482298,-12.040184,22.378429,10.099208,-13.219414,21.827435,-13.236118,-7.543232,11.055175,12.911573,-8.995934,9.957383
77.5,1.418094,-0.321461,105.747025,-1.473292,0.390141,105.08799,-19.44516,-1.934364,150.794815,19.821331,-0.551037,149.949554,-17.531288,-1.73682,94.532242,17.069742,1.100136,92.224701,-14.959428,14.06218,57.08601,14.26812,14.535042,54.687515,-10.475465,-11.048786,21.984377,10.066157,-12.219189,21.425272,-13.291088,-6.277927,10.813061,12.92883,-7.686367,9.685712
78,1.413921,-0.329842,105.76725,-1.474463,0.389545,105.123611,-19.447298,-1.960415,150.809189,19.821484,-0.551483,149.988159,-17.552782,-1.737698,94.575317,17.079195,1.095684,92.286598,-14.95943,14.353779,57.245575,14.247993,14.869801,54.861046,-10.472012,-10.044147,21.575159,10.036761,-11.202003,21.006506,-13.353536,-4.994492,10.568403,12.952311,-6.357136,9.410947
78.5,1.40866,-0.33786,105.78389,-1.474602,0.389324,105.154762,-19.449562,-1.985565,150.819824,19.8221,-0.549305,150.022202,-17.577791,-1.739544,94.616127,17.089365,1.086575,92.345406,-14.957362,14.629955,57.400791,14.225073,15.179825,55.028133,-10.471724,-9.026768,21.150475,10.011894,-10.161465,20.565281,-13.420985,-3.69278,10.319478,12.983269,-5.001442,9.131858
79,1.402404,-0.345871,105.795288,-1.473309,0.388737,105.183128,-19.452175,-2.010475,150.824722,19.824451,-0.546867,150.052414,-17.60392,-1.743587,94.653854,17.09874,1.074707,92.403381,-14.949368,14.882328,57.547527,14.19905,15.470383,55.190353,-10.476843,-7.990303,20.705708,9.991098,-9.104206,20.110247,-13.497969,-2.366165,10.066098,13.020823,-3.628273,8.851658
79.5,1.395515,-0.354057,105.801941,-1.471316,0.387917,105.208664,-19.455484,-2.035305,150.82431,19.827934,-0.544903,150.078934,-17.628187,-1.750477,94.688393,17.107063,1.059738,92.460571,-14.934453,15.110928,57.68367,14.16876,15.741627,55.347229,-10.486876,-6.935268,20.245579,9.974867,-8.03112,19.642946,-13.581876,-1.016071,9.810379,13.063281,-2.238354,8.569726
80,1.388004,-0.362297,105.806091,-1.468801,0.386906,105.230339,-19.458975,-2.060162,150.821121,19.83247,-0.541851,150.101563,-17.653873,-1.759342,94.720779,17.114378,1.040298,92.514992,-14.915186,15.326279,57.814621,14.133876,15.988636,55.496113,-10.499078,-5.870205,19.776699,9.963956,-6.938347,19.162113,-13.669048,0.346985,9.553173,13.110371,-0.828777,8.287205
80.5,1.379976,-0.370701,105.805237,-1.465252,0.385216,105.248421,-19.46273,-2.085506,150.812363,19.83853,-0.539211,150.12027,-17.678356,-1.771347,94.749451,17.120384,1.017918,92.567345,-14.887387,15.517811,57.934914,14.093711,16.209877,55.636341,-10.516213,-4.786636,19.292538,9.95891,-5.824928,18.669781,-13.763853,1.731899,9.294071,13.16279,0.600445,8.004948
81,1.371896,-0.379105,105.798996,-1.461332,0.382988,105.263908,-19.467302,-2.11132,150.798996,19.845757,-0.537449,150.13649,-17.698824,-1.78474,94.77282,17.12554,0.993679,92.618126,-14.849833,15.680729,58.038204,14.04893,16.411938,55.768932,-10.538531,-3.680458,18.798649,9.95822,-4.696552,18.170927,-13.863985,3.14024,9.036825,13.218793,2.042751,7.723429
81.5,1.363632,-0.387703,105.790543,-1.456864,0.380318,105.275764,-19.472258,-2.137215,150.783936,19.854607,-0.535667,150.149994,-17.718822,-1.799778,94.793114,17.130331,0.967003,92.664825,-14.807554,15.830238,58.133209,14.000025,16.590332,55.88961,-10.562392,-2.564358,18.302317,9.963081,-3.55175,17.669086,-13.964841,4.557636,8.780879,13.276596,3.497086,7.446468
82,1.355147,-0.396564,105.777634,-1.451888,0.376759,105.283272,-19.477829,-2.163647,150.764648,19.864777,-0.534328,150.160065,-17.736017,-1.817303,94.808434,17.133249,0.937321,92.707146,-14.75643,15.956512,58.214573,13.94579,16.738834,55.996864,-10.589944,-1.430908,17.799206,9.974719,-2.384651,17.162308,-14.069709,5.991024,8.527035,13.33738,4.968781,7.173435
82.5,1.346991,-0.405178,105.758667,-1.446705,0.37262,105.287857,-19.484652,-2.189857,150.741592,19.876184,-0.53347,150.168365,-17.748274,-1.834034,94.815781,17.135801,0.906715,92.745789,-14.696573,16.050282,58.272121,13.888006,16.867367,56.093132,-10.621691,-0.274242,17.297318,9.990189,-1.202892,16.656273,-14.17688,7.441498,8.28338,13.399949,6.450233,6.905843
83,1.338833,-0.413845,105.737007,-1.440823,0.368069,105.28846,-19.492149,-2.21582,150.717667,19.889156,-0.532784,150.174591,-17.759003,-1.850849,94.818192,17.139244,0.875717,92.778015,-14.633368,16.127693,58.316422,13.82874,16.972176,56.173321,-10.654816,0.893665,16.800434,10.011171,-0.007019,16.158092,-14.281011,8.898159,8.046438,13.462564,7.937237,6.650963
83.5,1.330719,-0.422707,105.711502,-1.434191,0.362663,105.284164,-19.500727,-2.241585,150.691025,19.904081,-0.531803,150.177673,-17.765961,-1.868385,94.814796,17.141685,0.842571,92.80275,-14.563416,16.183765,58.345028,13.767568,17.047134,56.235359,-10.690646,2.076603,16.30615,10.038202,1.207657,15.666838,-14.386579,10.363972,7.816926,13.525463,9.433407,6.408268
84,1.322727,-0.431164,105.679382,-1.427623,0.356899,105.276405,-19.51157,-2.265778,150.660889,19.919636,-0.530533,150.17926,-17.768415,-1.883255,94.800926,17.144005,0.808941,92.821564,-14.489593,16.204918,58.34462,13.705248,17.101833,56.283741,-10.729224,3.279335,15.828052,10.068782,2.435226,15.184427,-14.488711,11.836643,7.609299,13.587693,10.934914,6.177293
84.5,1.314712,-0.43935,105.643883,-1.420206,0.350929,105.264359,-19.523464,-2.288853,150.630005,19.936541,-0.52869,150.178574,-17.769255,-1.895996,94.780373,17.14773,0.775944,92.832054,-14.415946,16.207279,58.326855,13.64539,17.134647,56.314507,-10.769092,4.491032,15.364649,10.103595,3.672371,14.720013,-14.584406,13.309261,7.417479,13.648565,12.435181,5.96831
85,1.306639,-0.447563,105.605133,-1.411369,0.344418,105.247223,-19.536871,-2.31081,150.597427,19.955902,-0.525826,150.174057,-17.766874,-1.907948,94.754066,17.152065,0.742226,92.832756,-14.339822,16.191216,58.293571,13.589093,17.141357,56.325188,-10.810578,5.713512,14.912164,10.142863,4.919334,14.275646,-14.678769,14.784252,7.23901,13.70752,13.93314,5.783281
85.5,1.298181,-0.455246,105.560318,-1.402459,0.337753,105.22583,-19.553551,-2.329983,150.561249,19.975594,-0.521645,150.167435,-17.761459,-1.916008,94.717407,17.156443,0.708065,92.825142,-14.265573,16.144154,58.232761,13.535233,17.126957,56.319355,-10.853807,6.946846,14.486875,10.185303,6.175236,13.849443,-14.764797,16.254772,7.090664,13.763602,15.429455,5.618606
86,1.289158,-0.462402,105.511009,-1.392708,0.331184,105.200279,-19.57235,-2.346375,150.523041,19.996136,-0.515797,150.157761,-17.755362,-1.920425,94.671944,17.162008,0.674427,92.808731,-14.197066,16.074688,58.15023,13.487856,17.095203,56.297951,-10.897817,8.181091,14.090922,10.230214,7.432076,13.449096,-14.839945,17.712307,6.973032,13.816286,16.915722,5.483325
86.5,1.27985,-0.469395,105.459709,-1.381262,0.324505,105.170448,-19.592148,-2.361366,150.483871,20.019064,-0.508579,150.143158,-17.747871,-1.923477,94.622749,17.168625,0.641026,92.783371,-14.130804,15.994507,58.057678,13.448267,17.04557,56.260315,-10.942141,9.417397,13.708445,10.276885,8.684521,13.076984,-14.911386,19.165119,6.869898,13.86533,18.386814,5.380107
87,1.269554,-0.475719,105.403473,-1.368945,0.317825,105.135872,-19.616182,-2.372795,150.440887,20.042902,-0.49926,150.12471,-17.739201,-1.922176,94.564896,17.175999,0.607288,92.748108,-14.070672,15.890423,57.94273,13.415754,16.97683,56.205521,-10.987252,10.653427,13.35894,10.325408,9.935585,12.7328,-14.971972,20.603031,6.801252,13.909463,19.84428,5.307367
87.5,1.257649,-0.481407,105.342522,-1.355661,0.311401,105.097649,-19.643763,-2.379761,150.393539,20.067322,-0.487549,150.102158,-17.731785,-1.917023,94.498192,17.183685,0.573505,92.705032,-14.0229,15.76667,57.807671,13.392738,16.89624,56.138874,-11.031555,11.869991,13.052287,10.374941,11.175529,12.418971,-15.016224,22.004833,6.776107,13.948339,21.28043,5.268065
88,1.245206,-0.486835,105.280304,-1.341073,0.305077,105.056679,-19.672068,-2.385303,150.345108,20.093359,-0.474308,150.07431,-17.72452,-1.910423,94.429268,17.191599,0.539982,92.65612,-13.979939,15.637821,57.666977,13.378803,16.807621,56.063396,-11.075095,13.078918,12.759908,10.422718,12.394501,12.133731,-15.055089,23.39397,6.765667,13.98163,22.687519,5.259212
88.5,1.231239,-0.491539,105.215126,-1.324858,0.298943,105.011314,-19.704165,-2.387318,150.293228,20.121073,-0.458763,150.040298,-17.718634,-1.900497,94.355118,17.200708,0.50642,92.598068,-13.946003,15.496929,57.513821,13.375357,16.70575,55.97422,-11.117357,14.272224,12.498386,10.469925,13.593029,11.88378,-15.082357,24.756672,6.786461,14.008149,24.062618,5.289128
89,1.214717,-0.495705,105.146454,-1.307469,0.292896,104.963234,-19.741066,-2.384468,150.235245,20.149399,-0.440926,150.001572,-17.715708,-1.887444,94.274796,17.209381,0.472454,92.534286,-13.926903,15.348042,57.349388,13.382501,16.598423,55.877808,-11.156239,15.418816,12.281115,10.516746,14.767372,11.662811,-15.090293,26.057507,6.848908,14.028583,25.404949,5.349548
89.5,1.1972,-0.499615,105.076706,-1.289032,0.286865,104.913673,-19.779003,-2.37994,150.175064,20.17885,-0.421394,149.957245,-17.714394,-1.873222,94.192947,17.217194,0.438416,92.467651,-13.913988,15.198467,57.182583,13.398567,16.491135,55.778889,-11.192938,16.542385,12.079908,10.55827,15.898376,11.469419,-15.091496,27.330395,6.926705,14.040672,26.696499,5.435126
90,1.177939,-0.502922,105.005684,-1.269242,0.28096,104.861618,-19.819899,-2.372597,150.111984,20.209932,-0.400425,149.906677,-17.716143,-1.856979,94.108871,17.225473,0.404842,92.396332,-13.910386,15.047009,57.012012,13.423648,16.381348,55.674843,-11.225865,17.635967,11.90287,10.596224,16.989136,11.30518,-15.080892,28.566143,7.027262,14.045389,27.939579,5.55044
90.5,1.155738,-0.505825,104.932869,-1.247797,0.274818,104.807411,-19.865526,-2.361126,150.042709,20.242636,-0.377586,149.85025,-17.722212,-1.838169,94.021896,17.2334,0.371044,92.3209,-13.919074,14.902565,56.841125,13.459278,16.270721,55.566685,-11.25175,18.65485,11.760063,10.63165,18.039944,11.168419,-15.05125,29.715199,7.153279,14.042987,29.134762,5.692523
91,1.131877,-0.508598,104.859131,-1.225491,0.268284,104.752899,-19.913376,-2.347687,149.969681,20.276114,-0.353542,149.789291,-17.731035,-1.818481,93.934044,17.240231,0.337589,92.245438,-13.933369,14.76384,56.672112,13.500702,16.166584,55.460804,-11.272976,19.627064,11.632286,10.659822,19.028233,11.050386,-15.014085,30.811565,7.289515,14.031945,30.260067,5.844511
91.5,1.106694,-0.511024,104.785141,-1.202426,0.261555,104.697487,-19.962946,-2.332695,149.89473,20.310961,-0.329056,149.723495,-17.743065,-1.797543,93.845703,17.246681,0.305408,92.169113,-13.953855,14.629478,56.504452,13.54706,16.068092,55.355953,-11.289033,20.563488,11.518318,10.68181,19.958637,10.950967,-14.967093,31.86784,7.43566,14.012932,31.320011,6.008249
92,1.078648,-0.513287,104.710419,-1.177638,0.254166,104.640755,-20.016533,-2.314846,149.81456,20.348179,-0.303558,149.651489,-17.759724,-1.773876,93.756317,17.253099,0.273834,92.090996,-13.981619,14.512829,56.343662,13.601491,15.974129,55.251049,-11.294177,21.401463,11.424893,10.698595,20.828167,10.873676,-14.903318,32.814983,7.585618,13.986076,32.311359,6.188379
92.5,1.048481,-0.515553,104.634789,-1.15177,0.245869,104.583893,-20.073421,-2.294872,149.729645,20.386898,-0.277607,149.575653,-17.779795,-1.74818,93.666374,17.259487,0.244026,92.013702,-14.011821,14.410778,56.189404,13.658088,15.888996,55.149143,-11.290682,22.159382,11.340546,10.707887,21.624447,10.805373,-14.831591,33.673481,7.730057,13.952592,33.221447,6.362815
93,1.017602,-0.517746,104.559082,-1.125515,0.236832,104.526985,-20.131403,-2.274307,149.643448,20.426447,-0.252216,149.497604,-17.801998,-1.721542,93.576317,17.265793,0.216953,91.937454,-14.04346,14.314621,56.037807,13.714404,15.812862,55.050495,-11.282674,22.884571,11.260345,10.709765,22.34927,10.74268,-14.754457,34.496265,7.872391,13.91207,34.050785,6.525633
93.5,0.984634,-0.520084,104.48288,-1.098,0.226845,104.469452,-20.191956,-2.252548,149.55397,20.468529,-0.226475,149.414551,-17.827747,-1.691376,93.485634,17.272429,0.192097,91.861465,-14.07689,14.237679,55.894161,13.774375,15.744991,54.954391,-11.262304,23.508511,11.187078,10.70434,22.998066,10.693169,-14.664973,35.207691,7.999,13.863868,34.795322,6.688222
94,0.949501,-0.522541,104.405151,-1.069067,0.215473,104.411354,-20.256477,-2.22868,149.459518,20.513412,-0.201321,149.327774,-17.856491,-1.656078,93.393707,17.280764,0.17099,91.785995,-14.107295,14.183125,55.759766,13.832832,15.685822,54.860165,-11.22918,24.014965,11.112604,10.692019,23.565701,10.64463,-14.56921,35.788433,8.094198,13.811694,35.449375,6.830836
94.5,0.913902,-0.525085,104.327065,-1.039583,0.202957,104.353104,-20.322189,-2.204548,149.363907,20.559046,-0.177204,149.240814,-17.88649,-1.619389,93.301361,17.290617,0.154942,91.711372,-14.136231,14.134163,55.627644,13.887636,15.634167,54.767689,-11.192174,24.488064,11.037428,10.672458,24.05167,10.592581,-14.471195,36.33218,8.179235,13.755017,36.009533,6.944069
95,0.877235,-0.527897,104.248131,-1.009128,0.189182,104.294373,-20.389555,-2.18021,149.266449,20.606989,-0.153625,149.15123,-17.917952,-1.577961,93.20813,17.301577,0.143089,91.637527,-14.162015,14.100185,55.500896,13.940985,15.590275,54.677074,-11.145108,24.873165,10.959254,10.646488,24.46104,10.541631,-14.367364,36.777897,8.235397,13.694007,36.48267,7.036538
95.5,0.839077,-0.530811,104.166924,-0.977277,0.174023,104.234589,-20.460051,-2.154289,149.16539,20.658274,-0.1311,149.05835,-17.950716,-1.528461,93.112938,17.315603,0.136673,91.563705,-14.181026,14.085575,55.38084,13.990292,15.553417,54.587059,-11.086002,25.134144,10.871868,10.614573,24.787495,10.487908,-14.262583,37.083393,8.241437,13.630219,36.86208,7.10018
96,0.800456,-0.533817,104.084808,-0.944306,0.157616,104.17411,-20.53236,-2.127872,149.062851,20.711391,-0.110065,148.965912,-17.983934,-1.475899,93.01696,17.333334,0.137928,91.489799,-14.196643,14.077129,55.262753,14.034088,15.51965,54.496037,-11.022926,25.351582,10.780407,10.577753,25.031429,10.425243,-14.157821,37.339245,8.227477,13.566772,37.145489,7.124911
96.5,0.761397,-0.537029,104.00145,-0.910163,0.140049,104.1129,-20.605867,-2.101524,148.959045,20.766335,-0.090115,148.872574,-18.01684,-1.41795,92.919876,17.353016,0.14529,91.416,-14.207381,14.077896,55.146893,14.074303,15.48914,54.404144,-10.954244,25.500126,10.683062,10.537294,25.204571,10.357352,-14.053076,37.516552,8.182128,13.503057,37.346294,7.117519
97,0.72123,-0.539948,103.915916,-0.874742,0.121243,104.050484,-20.68199,-2.073879,148.853119,20.824457,-0.071453,148.777267,-18.049534,-1.350067,92.82193,17.376617,0.159523,91.342201,-14.211669,14.089954,55.03447,14.108794,15.463524,54.311928,-10.878551,25.534725,10.575236,10.492562,25.296513,10.283639,-13.953831,37.562428,8.081265,13.438576,37.45332,7.073592
97.5,0.680763,-0.542721,103.828987,-0.837763,0.101799,103.987175,-20.75976,-2.045368,148.745682,20.8855,-0.054501,148.681915,-18.081604,-1.277096,92.723312,17.404449,0.18272,91.26815,-14.212259,14.10664,54.922924,14.138366,15.436283,54.217293,-10.800357,25.519245,10.461992,10.447037,25.319782,10.201954,-13.857733,37.549778,7.952665,13.378606,37.479893,6.99412
98,0.640019,-0.545567,103.741074,-0.799231,0.081821,103.923409,-20.838509,-2.016884,148.637299,20.948254,-0.038662,148.586487,-18.11244,-1.200081,92.624275,17.434881,0.212345,91.194366,-14.209667,14.127216,54.812088,14.165651,15.407097,54.120705,-10.721725,25.463184,10.344843,10.401341,25.288425,10.115309,-13.765327,37.48978,7.801897,13.32229,37.441998,6.886864
98.5,0.598005,-0.547241,103.652512,-0.759177,0.060966,103.858833,-20.919832,-1.987061,148.528168,21.013678,-0.02446,148.490463,-18.142445,-1.112701,92.527779,17.469101,0.249878,91.121155,-14.204751,14.151417,54.7038,14.187338,15.379639,54.023178,-10.643771,25.31023,10.222137,10.354293,25.17931,10.022338,-13.684801,37.315746,7.603098,13.268304,37.313015,6.740499
99,0.555534,-0.548141,103.56308,-0.71746,0.040474,103.794128,-21.002346,-1.955891,148.417831,21.082272,-0.012009,148.394455,-18.171114,-1.019249,92.432899,17.506638,0.296261,91.049461,-14.198926,14.176907,54.596523,14.206212,15.348709,53.924759,-10.568041,25.105633,10.096854,10.310109,25.01495,9.925568,-13.612231,37.080296,7.375659,13.220586,37.118946,6.566658
99.5,0.512641,-0.548832,103.473511,-0.673819,0.020378,103.730148,-21.085714,-1.924644,148.307114,21.153271,-0.000725,148.29866,-18.198658,-0.92321,92.339066,17.54649,0.348747,90.979965,-14.192877,14.203381,54.490234,14.225094,15.31234,53.825718,-10.494759,24.879627,9.970706,10.268957,24.811207,9.827682,-13.544298,36.819515,7.136529,13.179464,36.879429,6.376927
,,,,,,,,,,,,,,,,,,,,,,,,,,,,,,,,,,,,
Link,-0.026955,-0.044327,104.377731,0,0,104.36631,-21.573526,-0.570572,149.186279,21.859123,0.187168,148.954544,-18.727091,-1.495434,93.565941,18.325966,-0.097633,91.86174,-15.170431,4.559868,54.631508,15.213496,5.02504,53.231045,-10.678247,-6.0481,13.401536,10.489625,-6.385975,13.087058,-13.841626,2.515572,6.354269,13.511087,2.232285,5.620828
Static,0,0,105.095032,0,0,105.095032,-22.527645,0.370342,150.093018,21.597506,1.723606,149.374252,-18.094479,-0.184174,94.96814,18.018679,0.369339,94.359924,-15.215541,-2.842709,54.666878,16.747223,-2.105072,54.354336,-9.95781,-4.366814,9.188423,12.266992,-3.828716,9.370974,-12.471636,7.094467,3.796432,15.105959,7.340084,3.368508
