[Gait],,,,,,,,,,,,,,,,,,,,,,,,,,,,,,,,,,,,
氏名,周期,歩行率,立脚,%,遊脚,%,両足支持,%,ストライド,ステップ,歩隔,,,,,,,,,,,,,,,,,,,,,,,,,
Group1(R),0,0,0,0,0,0,0,0,0,0,0,,,,,,,,,,,,,,,,,,,,,,,,,
SD,0,0,0,0,0,0,0,0,0,0,0,,,,,,,,,,,,,,,,,,,,,,,,,
CV,0,0,0,0,0,0,0,0,0,0,0,,,,,,,,,,,,,,,,,,,,,,,,,
Group1(L),0,0,0,0,0,0,0,0,0,0,0,,,,,,,,,,,,,,,,,,,,,,,,,
SD,0,0,0,0,0,0,0,0,0,0,0,,,,,,,,,,,,,,,,,,,,,,,,,
CV,0,0,0,0,0,0,0,0,0,0,0,,,,,,,,,,,,,,,,,,,,,,,,,
[Data],,,,,,,,,,,,,,,,,,,,,,,,,,,,,,,,,,,,
Cycle(%),重心[x](cm),重心[y](cm),重心[z](cm),重心[x](cm),重心[y](cm),重心[z](cm),左肩峰[x](cm),左肩峰[y](cm),左肩峰[z](cm),右肩峰[x](cm),右肩峰[y](cm),右肩峰[z](cm),左股関節[x](cm),左股関節[y](cm),左股関節[z](cm),右股関節[x](cm),右股関節[y](cm),右股関節[z](cm),左膝関節[x](cm),左膝関節[y](cm),左膝関節[z](cm),右膝関節[x](cm),右膝関節[y](cm),右膝関節[z](cm),左足関節[x](cm),左足関節[y](cm),左足関節[z](cm),右足関節[x](cm),右足関節[y](cm),右足関節[z](cm),左第5MP[x](cm),左第5MP[y](cm),左第5MP[z](cm),右第5MP[x](cm),右第5MP[y](cm),右第5MP[z](cm)
0,-0.53154045,2.0869205,90.2866,-0.53154045,2.0869205,90.2866,-18.14441045,5.4080205,131.322,19.44448955,-1.0327795,130.645,-18.90021045,3.9479205,81.1688,16.34898955,-2.8654795,78.1633,-14.17872045,-3.4995795,44.6997,10.72278955,18.6340205,44.6949,-13.21664045,-19.9534795,6.80958,10.27358955,12.4359205,5.7896,-16.51711045,-11.3665795,2.32859,13.59438955,22.4594205,1.45589
0.5,-0.39374045,2.0209205,90.4416,-0.39374045,2.0209205,90.4416,-17.98391045,5.4309205,131.507,19.58778955,-1.0095795,130.818,-18.74931045,3.8501205,81.3214,16.53718955,-2.7910795,78.3431,-14.09981045,-3.7690795,44.9004,10.80208955,18.3703205,44.6917,-13.14402045,-20.3259795,7.0294,10.29078955,12.0380205,5.77843,-16.46631045,-11.7900795,2.37869,13.58668955,22.0646205,1.46223
1,-0.25593045,1.9549205,90.5966,-0.25593045,1.9549205,90.5966,-17.82341045,5.4538205,131.692,19.73108955,-0.9864795,130.99,-18.59841045,3.7522205,81.4741,16.72528955,-2.7166795,78.523,-14.02091045,-4.0385795,45.1012,10.88148955,18.1067205,44.6885,-13.07139045,-20.6983795,7.24921,10.30798955,11.6402205,5.76725,-16.41551045,-12.2135795,2.42879,13.57908955,21.6699205,1.46857
1.5,-0.12228045,1.8835205,90.7763,-0.12228045,1.8835205,90.7763,-17.66661045,5.4723205,131.899,19.86958955,-0.9580795,131.197,-18.45081045,3.6334205,81.659,16.90168955,-2.6560795,78.7259,-13.94956045,-4.2659795,45.3199,10.96608955,17.7948205,44.6967,-12.99359045,-21.0495795,7.49959,10.33028955,11.2420205,5.75502,-16.35831045,-12.6294795,2.48572,13.57448955,21.2797205,1.47537
2,0.00989955,1.8103205,90.9659,0.00989955,1.8103205,90.9659,-17.51121045,5.4879205,132.117,20.00598955,-0.9272795,131.416,-18.30561045,3.5063205,81.8573,17.07638955,-2.5999795,78.9368,-13.88352045,-4.4720795,45.5456,11.05358955,17.4622205,44.7096,-12.91375045,-21.3903795,7.7629,10.35338955,10.8432205,5.74217,-16.29861045,-13.0414795,2.54571,13.57048955,20.8903205,1.4817
2.5,0.13875955,1.7344205,91.1673,0.13875955,1.7344205,91.1673,-17.36041045,5.4999205,132.344,20.14158955,-0.8915795,131.652,-18.16201045,3.3691205,82.0721,17.23988955,-2.5533795,79.1597,-13.82195045,-4.6521795,45.7781,11.14308955,17.1026205,44.7275,-12.83314045,-21.7189795,8.04271,10.38108955,10.4458205,5.7283,-16.23521045,-13.4510795,2.6086,13.56718955,20.5047205,1.48694
3,0.26303955,1.6559205,91.3836,0.26303955,1.6559205,91.3836,-17.21361045,5.5045205,132.584,20.27558955,-0.8482795,131.909,-18.02231045,3.2220205,82.3075,17.39028955,-2.5205795,79.3954,-13.77426045,-4.7878795,46.0178,11.23778955,16.7079205,44.7541,-12.75026045,-22.0264795,8.3435,10.40978955,10.0482205,5.71496,-16.16861045,-13.8560795,2.67655,13.56348955,20.1196205,1.49159
3.5,0.38558955,1.5763205,91.6045,0.38558955,1.5763205,91.6045,-17.07051045,5.5060205,132.827,20.41078955,-0.8017795,132.171,-17.88401045,3.0700205,82.5504,17.53668955,-2.4916795,79.6361,-13.73035045,-4.9073795,46.2597,11.33198955,16.2990205,44.7829,-12.66781045,-22.3272795,8.65293,10.44098955,9.6505205,5.70093,-16.10001045,-14.2607795,2.74578,13.55908955,19.7358205,1.495
4,0.50351955,1.4946205,91.8363,0.50351955,1.4946205,91.8363,-16.93171045,5.4975205,133.08,20.54778955,-0.7451795,132.448,-17.74991045,2.9140205,82.8095,17.66658955,-2.4793795,79.8865,-13.70202045,-4.9825795,46.504,11.43078955,15.8577205,44.8189,-12.58402045,-22.6082795,8.98131,10.47488955,9.2509205,5.6878,-16.02521045,-14.6667795,2.81932,13.55228955,19.3509205,1.49705
4.5,0.61950955,1.4123205,92.0712,0.61950955,1.4123205,92.0712,-16.79591045,5.4852205,133.335,20.68648955,-0.6852795,132.729,-17.61741045,2.7555205,83.0735,17.79248955,-2.4720795,80.1398,-13.68221045,-5.0381795,46.7486,11.52888955,15.4043205,44.8577,-12.49974045,-22.8806795,9.3164,10.50878955,8.8494205,5.67562,-15.95021045,-15.0721795,2.89514,13.54428955,18.9645205,1.49862
5,0.73284955,1.3291205,92.3103,0.73284955,1.3291205,92.3103,-16.66301045,5.4623205,133.594,20.82868955,-0.6169795,133.013,-17.48971045,2.5981205,83.345,17.91068955,-2.4747795,80.3963,-13.67572045,-5.0609795,46.9924,11.62948955,14.9287205,44.9011,-12.41538045,-23.1394795,9.66407,10.54488955,8.4436205,5.66372,-15.86701045,-15.4820795,2.97391,13.53328955,18.5747205,1.49907
5.5,0.84368955,1.2447205,92.5511,0.84368955,1.2447205,92.5511,-16.53181045,5.4330205,133.855,20.97348955,-0.5444795,133.299,-17.36431045,2.4420205,83.6197,18.02088955,-2.4878795,80.6542,-13.68332045,-5.0600795,47.2343,11.73138955,14.4396205,44.9476,-12.33077045,-23.3857795,10.0179,10.58128955,8.0339205,5.65378,-15.78341045,-15.8922795,3.05682,13.52118955,18.1814205,1.49879
6,0.95364955,1.1603205,92.7919,0.95364955,1.1603205,92.7919,-16.40171045,5.3949205,134.116,21.12038955,-0.4665795,133.582,-17.24351045,2.2885205,83.8958,18.13308955,-2.5045795,80.9105,-13.70132045,-5.0356795,47.4738,11.83378955,13.9371205,44.997,-12.24573045,-23.6215795,10.3774,10.61738955,7.6187205,5.64461,-15.69371045,-16.3039795,3.14225,13.50758955,17.7836205,1.49813
6.5,1.06090955,1.0748205,93.0313,1.06090955,1.0748205,93.0313,-16.27181045,5.3482205,134.376,21.26908955,-0.3849795,133.862,-17.12661045,2.1390205,84.1711,18.23788955,-2.5312795,81.1646,-13.73591045,-4.9910795,47.7101,11.93868955,13.4226205,45.048,-12.16510045,-23.8421795,10.7403,10.65468955,7.1984205,5.63642,-15.60411045,-16.7128795,3.23334,13.49318955,17.3818205,1.49631
7,1.16764955,0.9889205,93.2676,1.16764955,0.9889205,93.2676,-16.14161045,5.2935205,134.634,21.41838955,-0.3007795,134.136,-17.01321045,1.9937205,84.4439,18.34628955,-2.5624795,81.4139,-13.78007045,-4.9288795,47.9423,12.04468955,12.8989205,45.1006,-12.08575045,-24.0495795,11.1024,10.69048955,6.7731205,5.62972,-15.51401045,-17.1163795,3.32806,13.47948955,16.9759205,1.49407
7.5,1.27239955,0.9023205,93.5002,1.27239955,0.9023205,93.5002,-16.01161045,5.2306205,134.889,21.56718955,-0.2157795,134.404,-16.90401045,1.8525205,84.7132,18.45368955,-2.5978795,81.6578,-13.83599045,-4.8536795,48.1718,12.15248955,12.3672205,45.1534,-12.01389045,-24.2393795,11.4617,10.72638955,6.3435205,5.62334,-15.42811045,-17.5073795,3.42712,13.46728955,16.5665205,1.49124
8,1.37556955,0.8147205,93.7268,1.37556955,0.8147205,93.7268,-15.88061045,5.1585205,135.139,21.71428955,-0.1296795,134.663,-16.79821045,1.7168205,84.977,18.56138955,-2.6402795,81.8937,-13.90283045,-4.7657795,48.3959,12.26438955,11.8275205,45.2058,-11.95058045,-24.4080795,11.8145,10.76078955,5.9093205,5.61776,-15.34861045,-17.8815795,3.53175,13.45698955,16.1538205,1.48727
8.5,1.47731955,0.7267205,93.9478,1.47731955,0.7267205,93.9478,-15.74961045,5.0803205,135.383,21.85958955,-0.0460795,134.914,-16.69611045,1.5838205,85.2355,18.67238955,-2.6836795,82.1219,-13.97654045,-4.6706795,48.6168,12.37628955,11.2831205,45.2571,-11.89890045,-24.5539795,12.1557,10.79438955,5.4732205,5.61269,-15.28071045,-18.2283795,3.63811,13.45048955,15.7400205,1.48268
9,1.57533955,0.6374205,94.1607,1.57533955,0.6374205,94.1607,-15.61981045,4.9924205,135.619,21.99988955,0.0364205,135.155,-16.59711045,1.4559205,85.4865,18.77888955,-2.7337795,82.3397,-14.05934045,-4.5691795,48.8324,12.49318955,10.7326205,45.3064,-11.86579045,-24.6678795,12.4819,10.82588955,5.0346205,5.60787,-15.23201045,-18.5390795,3.7501,13.44718955,15.3241205,1.47775
9.5,1.67212955,0.5475205,94.3652,1.67212955,0.5475205,94.3652,-15.48981045,4.8992205,135.846,22.13718955,0.1139205,135.386,-16.50121045,1.3299205,85.7302,18.89158955,-2.7855795,82.547,-14.14545045,-4.4657795,49.043,12.60968955,10.1805205,45.3528,-11.85175045,-24.7478795,12.7866,10.85588955,4.5953205,5.60359,-15.20621045,-18.8023795,3.86178,13.44788955,14.9080205,1.47115
10,1.76430955,0.4566205,94.56,1.76430955,0.4566205,94.56,-15.36321045,4.7983205,136.061,22.26868955,0.1871205,135.606,-16.40801045,1.2074205,85.9657,18.99808955,-2.8423795,82.7422,-14.23388045,-4.3616795,49.248,12.72948955,9.6254205,45.3958,-11.86393045,-24.7848795,13.0652,10.88328955,4.1564205,5.59982,-15.21201045,-19.0077795,3.97437,13.45298955,14.4917205,1.46499
10.5,1.85385955,0.3651205,94.745,1.85385955,0.3651205,94.745,-15.23821045,4.6920205,136.265,22.39688955,0.2545205,135.815,-16.31631045,1.0869205,86.1929,19.10598955,-2.9021795,82.9258,-14.32518045,-4.2595795,49.4476,12.84868955,9.0709205,45.4358,-11.90309045,-24.7787795,13.3156,10.90758955,3.7178205,5.59655,-15.25171045,-19.1499795,4.08536,13.46108955,14.0753205,1.45799
11,1.93914955,0.2732205,94.9191,1.93914955,0.2732205,94.9191,-15.11611045,4.5812205,136.455,22.51978955,0.3153205,136.014,-16.22741045,0.9682205,86.4112,19.20948955,-2.9656795,83.0965,-14.41437045,-4.1608795,49.6398,12.96718955,8.5178205,45.4713,-11.97263045,-24.7213795,13.5305,10.92938955,3.2809205,5.59415,-15.32831045,-19.2174795,4.19043,13.47208955,13.6597205,1.45113
11.5,2.02077955,0.1807205,95.082,2.02077955,0.1807205,95.082,-14.99921045,4.4652205,136.631,22.64058955,0.3687205,136.2,-16.13891045,0.8515205,86.6203,19.31148955,-3.0325795,83.2549,-14.50276045,-4.0676795,49.8262,13.08428955,7.9676205,45.5036,-12.07702045,-24.6110795,13.7092,10.94698955,2.8460205,5.59262,-15.45171045,-19.2051795,4.29037,13.48568955,13.2440205,1.44456
12,2.09761955,0.0886205,95.232,2.09761955,0.0886205,95.232,-14.88438045,4.3468205,136.793,22.75668955,0.4145205,136.372,-16.05261045,0.7362205,86.8181,19.40698955,-3.1046795,83.3991,-14.58861045,-3.9806795,50.0026,13.19648955,7.4248205,45.5315,-12.21557045,-24.4392795,13.8438,10.96088955,2.4125205,5.59236,-15.61831045,-19.1000795,4.37958,13.49958955,12.8278205,1.43834
12.5,2.17167955,-0.0032795,95.3712,2.17167955,-0.0032795,95.3712,-14.77514045,4.2256205,136.94,22.87278955,0.4526205,136.533,-15.96651045,0.6226205,87.0076,19.50248955,-3.1779795,83.5316,-14.67095045,-3.8998795,50.1731,13.30618955,6.8870205,45.5561,-12.38779045,-24.2155795,13.9411,10.97068955,1.9811205,5.59299,-15.82751045,-18.9167795,4.4573,13.51438955,12.4119205,1.43251
13,2.24012955,-0.0941795,95.4955,2.24012955,-0.0941795,95.4955,-14.66889045,4.1038205,137.072,22.98488955,0.4816205,136.679,-15.88261045,0.5107205,87.182,19.58928955,-3.2578795,83.6495,-14.74828045,-3.8272795,50.3303,13.40668955,6.3628205,45.5765,-12.59837045,-23.9182795,13.987,10.97538955,1.5519205,5.59557,-16.08951045,-18.6222795,4.52074,13.52798955,11.9942205,1.4284
13.5,2.30557955,-0.1843795,95.6098,2.30557955,-0.1843795,95.6098,-14.56642045,3.9817205,137.191,23.09668955,0.5030205,136.814,-15.79881045,0.4004205,87.3486,19.67308955,-3.3396795,83.7567,-14.82444045,-3.7592795,50.4808,13.50318955,5.8455205,45.5943,-12.83821045,-23.5735795,13.9976,10.97658955,1.1237205,5.59879,-16.38221045,-18.2555795,4.56881,13.54038955,11.5761205,1.42416
14,2.36624955,-0.2724795,95.7092,2.36624955,-0.2724795,95.7092,-14.46730045,3.8604205,137.295,23.20688955,0.5152205,136.933,-15.71761045,0.2918205,87.499,19.75038955,-3.4263795,83.85,-14.89491045,-3.6964795,50.6174,13.58898955,5.3453205,45.6081,-13.11395045,-23.1564795,13.9608,10.97258955,0.6984205,5.60339,-16.72181045,-17.7832795,4.59907,13.55058955,11.1568205,1.42173
14.5,2.42348955,-0.3594795,95.7985,2.42348955,-0.3594795,95.7985,-14.37027045,3.7407205,137.388,23.31518955,0.5202205,137.04,-15.63681045,0.1848205,87.6396,19.82278955,-3.5168795,83.9333,-14.96471045,-3.6370795,50.7452,13.66828955,4.8557205,45.6197,-13.41470045,-22.6919795,13.8901,10.96478955,0.2737205,5.60895,-17.08801045,-17.2388795,4.61363,13.55908955,10.7355205,1.41965
15,2.47625955,-0.4438795,95.8757,2.47625955,-0.4438795,95.8757,-14.27616045,3.6237205,137.469,23.42208955,0.5167205,137.134,-15.55861045,0.0792205,87.7664,19.88728955,-3.6107795,84.0057,-15.03391045,-3.5754795,50.861,13.73888955,4.3819205,45.628,-13.74087045,-22.1697795,13.787,10.95358955,-0.1487795,5.61442,-17.47651045,-16.6156795,4.60982,13.56478955,10.3143205,1.418
15.5,2.52639955,-0.5264795,95.9424,2.52639955,-0.5264795,95.9424,-14.18268045,3.5091205,137.54,23.52688955,0.5063205,137.216,-15.48181045,-0.0256795,87.8809,19.94988955,-3.7079795,84.0681,-15.10031045,-3.5135795,50.9663,13.80128955,3.9223205,45.6334,-14.08859045,-21.5990795,13.6546,10.93838955,-0.5697795,5.62061,-17.88751045,-15.9231795,4.59123,13.56898955,9.8918205,1.41694
16,2.57145955,-0.6068795,96,2.57145955,-0.6068795,96,-14.09136045,3.3983205,137.603,23.62728955,0.4885205,137.286,-15.40811045,-0.1290795,87.9842,20.00228955,-3.8099795,84.1226,-15.17081045,-3.4446795,51.0614,13.85738955,3.4754205,45.6367,-14.45218045,-20.9861795,13.5022,10.92168955,-0.9893795,5.62642,-18.30481045,-15.1742795,4.55805,13.57158955,9.4687205,1.41576
16.5,2.61363955,-0.6845795,96.0469,2.61363955,-0.6845795,96.0469,-14.00080045,3.2907205,137.657,23.72478955,0.4634205,137.344,-15.33641045,-0.2334795,88.0737,20.05198955,-3.9146795,84.1672,-15.24151045,-3.3649795,51.145,13.90558955,3.0455205,45.6359,-14.83190045,-20.3248795,13.3323,10.90128955,-1.4064795,5.63157,-18.72741045,-14.3662795,4.51107,13.57248955,9.0468205,1.41405
17,2.65238955,-0.7607795,96.0866,2.65238955,-0.7607795,96.0866,-13.91071045,3.1867205,137.704,23.81768955,0.4328205,137.393,-15.26801045,-0.3372795,88.1537,20.09648955,-4.0242795,84.2056,-15.31481045,-3.2780795,51.2206,13.94888955,2.6256205,45.6334,-15.22121045,-19.6327795,13.1494,10.88028955,-1.8222795,5.63656,-19.15411045,-13.5169795,4.45458,13.57338955,8.6242205,1.41258
17.5,2.68697955,-0.8342795,96.1184,2.68697955,-0.8342795,96.1184,-13.82286045,3.0853205,137.745,23.90388955,0.3948205,137.431,-15.20271045,-0.4430795,88.2221,20.13588955,-4.1367795,84.2364,-15.39551045,-3.1659795,51.2869,13.98818955,2.2209205,45.6271,-15.61481045,-18.9056795,12.97,10.85728955,-2.2354795,5.64014,-19.56121045,-12.6349795,4.39129,13.57428955,8.2037205,1.40968
18,2.71993955,-0.9065795,96.1442,2.71993955,-0.9065795,96.1442,-13.73492045,2.9861205,137.781,23.98788955,0.3533205,137.46,-15.13921045,-0.5498795,88.2828,20.17428955,-4.2524795,84.2618,-15.47751045,-3.0466795,51.3471,14.02278955,1.8245205,45.6188,-16.01471045,-18.1540795,12.7837,10.83378955,-2.6471795,5.64307,-19.96921045,-11.7236795,4.32162,13.57478955,7.7845205,1.40667
18.5,2.74885955,-0.9770795,96.1642,2.74885955,-0.9770795,96.1642,-13.64918045,2.8887205,137.812,24.06328955,0.3047205,137.481,-15.08081045,-0.6590795,88.3341,20.20858955,-4.3735795,84.2813,-15.56781045,-2.8951795,51.4006,14.05748955,1.4403205,45.6072,-16.40991045,-17.3801795,12.6125,10.80968955,-3.0563795,5.64534,-20.35151045,-10.7968795,4.25406,13.57768955,7.3661205,1.40287
19,2.77627955,-1.0462795,96.1788,2.77627955,-1.0462795,96.1788,-13.56566045,2.7920205,137.838,24.13598955,0.2525205,137.493,-15.02261045,-0.7708795,88.3789,20.24368955,-4.4960795,84.2961,-15.66281045,-2.7293795,51.449,14.08828955,1.0642205,45.5936,-16.80631045,-16.5854795,12.4439,10.78528955,-3.4642795,5.64662,-20.72161045,-9.8518795,4.1824,13.57988955,6.9503205,1.39814
19.5,2.80199955,-1.1143795,96.1888,2.80199955,-1.1143795,96.1888,-13.48319045,2.6953205,137.859,24.20338955,0.1954205,137.497,-14.96891045,-0.8851795,88.4166,20.28018955,-4.6225795,84.3054,-15.76251045,-2.5359795,51.4935,14.11998955,0.6983205,45.5775,-17.19451045,-15.7762795,12.292,10.76048955,-3.8699795,5.64765,-21.07161045,-8.9002795,4.11723,13.58388955,6.5355205,1.39341
20,2.82599955,-1.1818795,96.1955,2.82599955,-1.1818795,96.1955,-13.40449045,2.5976205,137.877,24.26688955,0.1347205,137.495,-14.91651045,-1.0014795,88.4498,20.31808955,-4.7518795,84.3117,-15.86831045,-2.3213795,51.5355,14.15098955,0.3390205,45.5601,-17.57601045,-14.9585795,12.1527,10.73548955,-4.2745795,5.64868,-21.40251045,-7.9462795,4.05527,13.58878955,6.1211205,1.38848
20.5,2.84980955,-1.2482795,96.1979,2.84980955,-1.2482795,96.1979,-13.32716045,2.4982205,137.891,24.32808955,0.0707205,137.484,-14.86632045,-1.1208795,88.4777,20.36078955,-4.8811795,84.3127,-15.97771045,-2.0850795,51.5748,14.18078955,-0.0114795,45.5409,-17.94761045,-14.1281795,12.028,10.71018955,-4.6780795,5.64915,-21.71441045,-6.9889795,3.99853,13.59338955,5.7090205,1.38323
21,2.87273955,-1.3142795,96.1974,2.87273955,-1.3142795,96.1974,-13.25362045,2.3967205,137.899,24.38588955,0.0032205,137.468,-14.81901045,-1.2401795,88.5014,20.40668955,-5.0146795,84.3107,-16.08891045,-1.8238795,51.614,14.21188955,-0.3545795,45.5212,-18.30551045,-13.2978795,11.9206,10.68508955,-5.0801795,5.65111,-22.00711045,-6.0383795,3.95163,13.59918955,5.2958205,1.37918
21.5,2.89584955,-1.3794795,96.1937,2.89584955,-1.3794795,96.1937,-13.18388045,2.2917205,137.904,24.44188955,-0.0668795,137.445,-14.77208045,-1.3622795,88.5212,20.46038955,-5.1457795,84.3049,-16.20571045,-1.5428795,51.6516,14.24098955,-0.6892795,45.5004,-18.64871045,-12.4602795,11.8278,10.65878955,-5.4822795,5.65232,-22.27791045,-5.0902795,3.90978,13.60418955,4.8834205,1.3748
22,2.91839955,-1.4439795,96.1878,2.91839955,-1.4439795,96.1878,-13.11739045,2.1839205,137.905,24.49608955,-0.1389795,137.416,-14.72880045,-1.4830795,88.5381,20.51478955,-5.2788795,84.2962,-16.31861045,-1.2424795,51.6909,14.27018955,-1.0167795,45.4801,-18.97611045,-11.6262795,11.751,10.63358955,-5.8834795,5.65517,-22.52941045,-4.1526795,3.87732,13.60908955,4.4708205,1.37189
22.5,2.94177955,-1.5075795,96.1797,2.94177955,-1.5075795,96.1797,-13.05433045,2.0727205,137.903,24.54888955,-0.2130795,137.384,-14.68598045,-1.6036795,88.5518,20.57808955,-5.4090795,84.2845,-16.43411045,-0.9267795,51.7304,14.29838955,-1.3360795,45.4595,-19.28541045,-10.7936795,11.686,10.60678955,-6.2846795,5.65787,-22.76541045,-3.2232795,3.85281,13.61318955,4.0569205,1.36934
23,2.96367955,-1.5700795,96.1699,2.96367955,-1.5700795,96.1699,-12.99640045,1.9578205,137.897,24.59968955,-0.2876795,137.347,-14.64670045,-1.7226795,88.5627,20.63928955,-5.5385795,84.2711,-16.54551045,-0.5929795,51.7721,14.32398955,-1.6482795,45.4395,-19.57511045,-9.9655795,11.6363,10.58148955,-6.6858795,5.66164,-22.97701045,-2.3060795,3.83582,13.61628955,3.6429205,1.36759
23.5,2.98646955,-1.6311795,96.159,2.98646955,-1.6311795,96.159,-12.94064045,1.8408205,137.888,24.64868955,-0.3636795,137.307,-14.60904045,-1.8378795,88.5716,20.70678955,-5.6637795,84.2552,-16.65261045,-0.2501795,51.8166,14.34848955,-1.9530795,45.4199,-19.84611045,-9.1455795,11.596,10.55558955,-7.0865795,5.66568,-23.17561045,-1.4018795,3.82698,13.61788955,3.2286205,1.36651
24,3.00672955,-1.6911795,96.1466,3.00672955,-1.6911795,96.1466,-12.89171045,1.7194205,137.876,24.69458955,-0.4394795,137.266,-14.57442045,-1.9508795,88.577,20.76918955,-5.7879795,84.2382,-16.75681045,0.1104205,51.8628,14.36898955,-2.2498795,45.4001,-20.09241045,-8.3315795,11.5698,10.52998955,-7.4875795,5.67,-23.34821045,-0.5111795,3.82646,13.61948955,2.8127205,1.36609
24.5,3.02631955,-1.7491795,96.1345,3.02631955,-1.7491795,96.1345,-12.84517045,1.5967205,137.863,24.73728955,-0.5159795,137.224,-14.54368045,-2.0583795,88.5816,20.83128955,-5.9063795,84.22,-16.85311045,0.4778205,51.9141,14.38708955,-2.5405795,45.3811,-20.31921045,-7.5299795,11.5534,10.50588955,-7.8882795,5.67455,-23.50411045,0.3621205,3.83299,13.61938955,2.3977205,1.36578
25,3.04361955,-1.8058795,96.1214,3.04361955,-1.8058795,96.1214,-12.80350045,1.4717205,137.847,24.77618955,-0.5917795,137.181,-14.51562045,-2.1621795,88.5832,20.88698955,-6.0228795,84.2007,-16.94311045,0.8548205,51.9675,14.40168955,-2.8246795,45.3614,-20.52471045,-6.7357795,11.5466,10.48168955,-8.2889795,5.67897,-23.64001045,1.2233205,3.84698,13.61968955,1.9815205,1.36618
25.5,3.05811955,-1.8601795,96.1093,3.05811955,-1.8601795,96.1093,-12.76638045,1.3446205,137.83,24.80998955,-0.6676795,137.14,-14.49211045,-2.2586795,88.5841,20.93628955,-6.1333795,84.181,-17.02661045,1.2425205,52.0269,14.41138955,-3.1019795,45.3415,-20.70501045,-5.9581795,11.5511,10.45868955,-8.6894795,5.68304,-23.75471045,2.0619205,3.8696,13.61878955,1.5662205,1.3659
26,3.07023955,-1.9129795,96.0972,3.07023955,-1.9129795,96.0972,-12.73228045,1.2173205,137.813,24.83918955,-0.7428795,137.1,-14.47225045,-2.3507795,88.5836,20.97778955,-6.2402795,84.1607,-17.10101045,1.6332205,52.0895,14.41818955,-3.3751795,45.3211,-20.86921045,-5.1886795,11.5633,10.43698955,-9.0898795,5.68714,-23.85151045,2.8890205,3.89779,13.61858955,1.1513205,1.3662
26.5,3.07870955,-1.9638795,96.0856,3.07870955,-1.9638795,96.0856,-12.70283045,1.0883205,137.794,24.86268955,-0.8182795,137.062,-14.45641045,-2.4355795,88.5814,21.00818955,-6.3440795,84.1394,-17.16901045,2.0345205,52.1569,14.42008955,-3.6415795,45.2992,-21.00761045,-4.4360795,11.5861,10.41478955,-9.4899795,5.69042,-23.92801045,3.6939205,3.93527,13.61838955,0.7365205,1.36604
27,3.08423955,-2.0131795,96.075,3.08423955,-2.0131795,96.075,-12.67591045,0.9597205,137.776,24.88218955,-0.8930795,137.026,-14.44473045,-2.5154795,88.5793,21.02768955,-6.4437795,84.1184,-17.22921045,2.4362205,52.2284,14.41768955,-3.9049795,45.2768,-21.12951045,-3.6938795,11.615,10.39508955,-9.8903795,5.69417,-23.98721045,4.4861205,3.97845,13.61858955,0.3228205,1.36596
27.5,3.08698955,-2.0609795,96.0644,3.08698955,-2.0609795,96.0644,-12.65160045,0.8306205,137.757,24.89568955,-0.9690795,136.991,-14.43724045,-2.5885795,88.576,21.03888955,-6.5404795,84.095,-17.28111045,2.8433205,52.3036,14.41238955,-4.1626795,45.2529,-21.23151045,-2.9656795,11.6524,10.37398955,-10.2905795,5.69711,-24.02841045,5.2604205,4.02857,13.61948955,-0.0907795,1.36607
28,3.08584955,-2.1075795,96.0545,3.08584955,-2.1075795,96.0545,-12.63078045,0.7017205,137.738,24.90518955,-1.0448795,136.957,-14.43285045,-2.6552795,88.5726,21.03418955,-6.6350795,84.0716,-17.32691045,3.2523205,52.3825,14.40148955,-4.4162795,45.2275,-21.31311045,-2.2535795,11.6965,10.35478955,-10.6907795,5.70054,-24.05131045,6.0159205,4.08558,13.62088955,-0.5035795,1.36598
28.5,3.08399955,-2.1532795,96.0444,3.08399955,-2.1532795,96.0444,-12.60991045,0.5734205,137.719,24.91168955,-1.1219795,136.923,-14.43139045,-2.7181795,88.5688,21.02758955,-6.7265795,84.0461,-17.36721045,3.6595205,52.4627,14.38948955,-4.6668795,45.2017,-21.38371045,-1.5481795,11.7432,10.33468955,-11.0911795,5.70396,-24.06341045,6.7639205,4.1455,13.62268955,-0.9163795,1.36669
29,3.07816955,-2.1980795,96.0337,3.07816955,-2.1980795,96.0337,-12.59284045,0.4455205,137.698,24.91368955,-1.2003795,136.889,-14.43374045,-2.7724795,88.564,21.00448955,-6.8162795,84.0182,-17.39931045,4.0674205,52.5461,14.37248955,-4.9108795,45.1739,-21.43011045,-0.8664795,11.7978,10.31518955,-11.4918795,5.70803,-24.05291045,7.4845205,4.21188,13.62448955,-1.3290795,1.36741
29.5,3.07223955,-2.2425795,96.0229,3.07223955,-2.2425795,96.0229,-12.57569045,0.3184205,137.679,24.91488955,-1.2794795,136.855,-14.43689045,-2.8250795,88.5595,20.97988955,-6.9046795,83.9892,-17.42881045,4.4696205,52.6288,14.35458955,-5.1531795,45.1461,-21.46811045,-0.1871795,11.8499,10.29528955,-11.8926795,5.71248,-24.03561045,8.2042205,4.27879,13.62648955,-1.7419795,1.36866
30,3.06438955,-2.2861795,96.0096,3.06438955,-2.2861795,96.0096,-12.56098045,0.1927205,137.656,24.91298955,-1.3612795,136.817,-14.44422045,-2.8691795,88.5531,20.94718955,-6.9889795,83.9556,-17.44961045,4.8663205,52.7119,14.33338955,-5.3886795,45.1174,-21.48381045,0.4702205,11.9064,10.27568955,-12.2941795,5.71812,-23.99591045,8.8993205,4.34815,13.62748955,-2.1555795,1.37114
30.5,3.05578955,-2.3297795,95.9957,3.05578955,-2.3297795,95.9957,-12.54789045,0.0677205,137.632,24.90998955,-1.4436795,136.778,-14.45219045,-2.9110795,88.5465,20.91078955,-7.0730795,83.9207,-17.46721045,5.2575205,52.7938,14.31168955,-5.6210795,45.0885,-21.48941045,1.1201205,11.9611,10.25568955,-12.6954795,5.72422,-23.94701045,9.5878205,4.41726,13.62818955,-2.5695795,1.37368
31,3.04705955,-2.3726795,95.9786,3.04705955,-2.3726795,95.9786,-12.53639045,-0.0546795,137.605,24.90658955,-1.5278795,136.734,-14.46258045,-2.9474795,88.5374,20.87268955,-7.1526795,83.8817,-17.47921045,5.6366205,52.8722,14.28798955,-5.8486795,45.0596,-21.47841045,1.7581205,12.0119,10.23638955,-13.0973795,5.73135,-23.88161045,10.2645205,4.48316,13.62758955,-2.9841795,1.37726
31.5,3.03747955,-2.4150795,95.9597,3.03747955,-2.4150795,95.9597,-12.52777045,-0.1760795,137.576,24.90148955,-1.6133795,136.688,-14.47572045,-2.9795795,88.5268,20.83278955,-7.2294795,83.8399,-17.48651045,6.0101205,52.9495,14.26438955,-6.0705795,45.0307,-21.45371045,2.3792205,12.0639,10.21688955,-13.4991795,5.73949,-23.80221045,10.9231205,4.54883,13.62578955,-3.4002795,1.38131
32,3.02735955,-2.4565795,95.9375,3.02735955,-2.4565795,95.9375,-12.52276045,-0.2941795,137.544,24.89598955,-1.6988795,136.638,-14.49044045,-3.0088795,88.5134,20.79128955,-7.3027795,83.7953,-17.48811045,6.3699205,53.0209,14.23958955,-6.2895795,45.0017,-21.41701045,2.9965205,12.1073,10.19838955,-13.9011795,5.74775,-23.70921045,11.5795205,4.60705,13.62268955,-3.8158795,1.38525
32.5,3.01686955,-2.4968795,95.9119,3.01686955,-2.4968795,95.9119,-12.52163045,-0.4092795,137.508,24.88898955,-1.7859795,136.583,-14.50955045,-3.0323795,88.4965,20.75228955,-7.3694795,83.747,-17.48521045,6.7183205,53.0887,14.21538955,-6.5018795,44.973,-21.36311045,3.5943205,12.1483,10.18048955,-14.3030795,5.75741,-23.60131045,12.2152205,4.66321,13.61808955,-4.2338795,1.3899
33,3.00513955,-2.5361795,95.8834,3.00513955,-2.5361795,95.8834,-12.52549045,-0.5218795,137.468,24.88108955,-1.8717795,136.525,-14.53037045,-3.0542795,88.4762,20.71128955,-7.4321795,83.6972,-17.47691045,7.0567205,53.1504,14.19028955,-6.7119795,44.9435,-21.30151045,4.1889205,12.1831,10.16318955,-14.7046795,5.76631,-23.48231045,12.8485205,4.71279,13.61198955,-4.6511795,1.39391
33.5,2.99206955,-2.5732795,95.8504,2.99206955,-2.5732795,95.8504,-12.53532045,-0.6287795,137.424,24.87018955,-1.9574795,136.463,-14.55764045,-3.0705795,88.4506,20.67248955,-7.4870795,83.6435,-17.46201045,7.3791205,53.2051,14.16568955,-6.9156795,44.9141,-21.22291045,4.7689205,12.2092,10.14758955,-15.1063795,5.77635,-23.34721045,13.4672205,4.75464,13.60548955,-5.0696795,1.39768
34,2.97793955,-2.6088795,95.8146,2.97793955,-2.6088795,95.8146,-12.54984045,-0.7330795,137.377,24.85878955,-2.0425795,136.397,-14.58761045,-3.0838795,88.4207,20.63378955,-7.5358795,83.5887,-17.44341045,7.6921205,53.2535,14.14028955,-7.1168795,44.8836,-21.13631045,5.3406205,12.231,10.13208955,-15.5076795,5.78567,-23.20571045,14.0772205,4.79413,13.59738955,-5.4888795,1.40095
34.5,2.96113955,-2.6416795,95.7744,2.96113955,-2.6416795,95.7744,-12.57170045,-0.8313795,137.325,24.84338955,-2.1250795,136.328,-14.62436045,-3.0933795,88.3844,20.59438955,-7.5771795,83.5316,-17.41831045,7.9919205,53.2933,14.11468955,-7.3128795,44.8521,-21.03821045,5.9039205,12.2428,10.11788955,-15.9089795,5.79525,-23.05111045,14.6793205,4.82403,13.58988955,-5.9075795,1.40341
35,2.94307955,-2.6726795,95.7306,2.94307955,-2.6726795,95.7306,-12.59844045,-0.9252795,137.271,24.82688955,-2.2074795,136.256,-14.66615045,-3.0978795,88.3422,20.55598955,-7.6105795,83.4726,-17.38791045,8.2772205,53.3244,14.08808955,-7.5057795,44.819,-20.92871045,6.4560205,12.2472,10.10378955,-16.3097795,5.80434,-22.89091045,15.2705205,4.85154,13.58138955,-6.3273795,1.40512
35.5,2.92199955,-2.7006795,95.6825,2.92199955,-2.7006795,95.6825,-12.63090045,-1.0136795,137.213,24.80658955,-2.2868795,136.181,-14.71435045,-3.0983795,88.2922,20.51508955,-7.6359795,83.4123,-17.35281045,8.5508205,53.3445,14.06008955,-7.6943795,44.7841,-20.81241045,6.9995205,12.2425,10.09028955,-16.7110795,5.81312,-22.72411045,15.8529205,4.87186,13.57348955,-6.7467795,1.40612
36,2.89892955,-2.7265795,95.631,2.89892955,-2.7265795,95.631,-12.66837045,-1.0974795,137.153,24.78418955,-2.3650795,136.103,-14.76775045,-3.0946795,88.2366,20.47278955,-7.6555795,83.3506,-17.31291045,8.8122205,53.3564,14.03128955,-7.8793795,44.7475,-20.68741045,7.5353205,12.2298,10.07658955,-17.1118795,5.82176,-22.55181045,16.4288205,4.8878,13.56568955,-7.1664795,1.40635
36.5,2.87369955,-2.7497795,95.575,2.87369955,-2.7497795,95.575,-12.70771045,-1.1751795,137.091,24.75838955,-2.4414795,136.021,-14.82753045,-3.0850795,88.1717,20.42838955,-7.6663795,83.2872,-17.26831045,9.0583205,53.354,14.00038955,-8.0606795,44.7086,-20.55531045,8.0590205,12.2061,10.06288955,-17.5135795,5.83053,-22.37761045,16.9929205,4.89867,13.55878955,-7.5866795,1.40622
37,2.84570955,-2.7707795,95.5154,2.84570955,-2.7707795,95.5154,-12.75235045,-1.2486795,137.026,24.72988955,-2.5157795,135.937,-14.89183045,-3.0711795,88.1005,20.38008955,-7.6723795,83.2227,-17.21961045,9.2932205,53.3413,13.96768955,-8.2371795,44.6674,-20.41681045,8.5750205,12.174,10.04828955,-17.9148795,5.839,-22.20041045,17.5501205,4.90442,13.55178955,-8.0062795,1.4055
37.5,2.81633955,-2.7894795,95.4515,2.81633955,-2.7894795,95.4515,-12.79533045,-1.3162795,136.961,24.69808955,-2.5893795,135.849,-14.96231045,-3.0508795,88.0207,20.32898955,-7.6709795,83.156,-17.16701045,9.5118205,53.315,13.93388955,-8.4098795,44.6248,-20.27161045,9.0789205,12.1304,10.03428955,-18.3169795,5.84854,-22.01921045,18.0967205,4.90335,13.54608955,-8.4264795,1.40496
38,2.78402955,-2.8057795,95.383,2.78402955,-2.8057795,95.383,-12.84224045,-1.3792795,136.894,24.66238955,-2.6605795,135.758,-15.03611045,-3.0244795,87.9323,20.27268955,-7.6639795,83.0878,-17.11011045,9.7162205,53.273,13.89648955,-8.5773795,44.5792,-20.12051045,9.5717205,12.0754,10.01938955,-18.7194795,5.85834,-21.83681045,18.6327205,4.89593,13.53998955,-8.8464795,1.40418
38.5,2.75062955,-2.8205795,95.3114,2.75062955,-2.8205795,95.3114,-12.88714045,-1.4382795,136.827,24.62398955,-2.7311795,135.664,-15.11321045,-2.9933795,87.8382,20.21308955,-7.6532795,83.0178,-17.05291045,9.9093205,53.2216,13.85858955,-8.7405795,44.5325,-19.96581045,10.0561205,12.0123,10.00528955,-19.1220795,5.86944,-21.64981045,19.1612205,4.88067,13.53458955,-9.2661795,1.40394
39,2.71528955,-2.8327795,95.2343,2.71528955,-2.8327795,95.2343,-12.93245045,-1.4921795,136.757,24.58078955,-2.7996795,135.565,-15.19281045,-2.9543795,87.7344,20.14848955,-7.6357795,82.9448,-16.99041045,10.0863205,53.152,13.81778955,-8.8983795,44.4838,-19.80451045,10.5240205,11.9352,9.99178955,-19.5256795,5.88232,-21.45801045,19.6739205,4.85492,13.52908955,-9.6865795,1.40383
39.5,2.67859955,-2.8436795,95.1545,2.67859955,-2.8436795,95.1545,-12.97694045,-1.5429795,136.687,24.53398955,-2.8677795,135.464,-15.27351045,-2.9110795,87.6267,20.08068955,-7.6160795,82.8698,-16.92861045,10.2559205,53.0751,13.77478955,-9.0517795,44.4336,-19.64021045,10.9831205,11.8523,9.97938955,-19.9290795,5.89622,-21.26211045,20.1769205,4.8211,13.52378955,-10.1053795,1.40425
40,2.64045955,-2.8519795,95.0695,2.64045955,-2.8519795,95.0695,-13.02132045,-1.5887795,136.615,24.48258955,-2.9330795,135.358,-15.35561045,-2.8607795,87.5098,20.00878955,-7.5899795,82.7921,-16.86411045,10.4090205,52.9806,13.73148955,-9.1989795,44.3824,-19.47171045,11.4293205,11.755,9.96938955,-20.3326795,5.91296,-21.05661045,20.6684205,4.77213,13.51788955,-10.5255795,1.4048
40.5,2.60090955,-2.8582795,94.9811,2.60090955,-2.8582795,94.9811,-13.06591045,-1.6314795,136.54,24.42598955,-2.9972795,135.249,-15.43641045,-2.8043795,87.3889,19.93408955,-7.5602795,82.7115,-16.80011045,10.5575205,52.878,13.68418955,-9.3412795,44.3295,-19.29921045,11.8609205,11.6507,9.96198955,-20.7363795,5.93189,-20.84431045,21.1428205,4.71197,13.51278955,-10.9438795,1.4059
41,2.55940955,-2.8622795,94.8887,2.55940955,-2.8622795,94.8887,-13.11243045,-1.6695795,136.463,24.36398955,-3.0588795,135.137,-15.51831045,-2.7438795,87.262,19.85708955,-7.5256795,82.6285,-16.73641045,10.6945205,52.7637,13.63728955,-9.4777795,44.2756,-19.12481045,12.2847205,11.5366,9.95728955,-21.1395795,5.95262,-20.62391045,21.6094205,4.63772,13.50638955,-11.3626795,1.40638
41.5,2.51700955,-2.8631795,94.7917,2.51700955,-2.8631795,94.7917,-13.16069045,-1.7038795,136.382,24.29758955,-3.1175795,135.02,-15.59661045,-2.6749795,87.1291,19.77818955,-7.4855795,82.5423,-16.67351045,10.8272205,52.6382,13.58768955,-9.6078795,44.2203,-18.94651045,12.6884205,11.4118,9.95698955,-21.5418795,5.97743,-20.39451045,22.0525205,4.54683,13.50148955,-11.7812795,1.40755
42,2.47184955,-2.8616795,94.6914,2.47184955,-2.8616795,94.6914,-13.21526045,-1.7341795,136.297,24.22528955,-3.1735795,134.901,-15.67571045,-2.6032795,86.9929,19.69918955,-7.4410795,82.4536,-16.61201045,10.9548205,52.5064,13.53748955,-9.7330795,44.1631,-18.76741045,13.0852205,11.2812,9.95918955,-21.9435795,6.00319,-20.15901045,22.4872205,4.44487,13.49608955,-12.1992795,1.40775
42.5,2.42558955,-2.8561795,94.5864,2.42558955,-2.8561795,94.5864,-13.27233045,-1.7589795,136.208,24.14788955,-3.2254795,134.778,-15.75201045,-2.5239795,86.8498,19.62008955,-7.3890795,82.3624,-16.55211045,11.0771205,52.3622,13.48548955,-9.8510795,44.1047,-18.58651045,13.4641205,11.139,9.96648955,-22.3434795,6.03335,-19.91751045,22.9008205,4.32553,13.49158955,-12.6177795,1.40714
43,2.37651955,-2.8477795,94.4774,2.37651955,-2.8477795,94.4774,-13.33895045,-1.7799795,136.112,24.06648955,-3.2739795,134.652,-15.82751045,-2.4400795,86.7029,19.54148955,-7.3324795,82.2689,-16.49491045,11.1972205,52.2118,13.43268955,-9.9632795,44.044,-18.40471045,13.8312205,10.9897,9.97628955,-22.7424795,6.06551,-19.67221045,23.2999205,4.19508,13.48858955,-13.0362795,1.40654
43.5,2.32549955,-2.8355795,94.3647,2.32549955,-2.8355795,94.3647,-13.41005045,-1.7951795,136.013,23.97958955,-3.3183795,134.523,-15.90261045,-2.3507795,86.5504,19.46428955,-7.2689795,82.1737,-16.43941045,11.3140205,52.0522,13.37878955,-10.0689795,43.9818,-18.22281045,14.1831205,10.8321,9.98908955,-23.1394795,6.10057,-19.42941045,23.6812205,4.05572,13.48588955,-13.4549795,1.40389
44,2.27154955,-2.8196795,94.2466,2.27154955,-2.8196795,94.2466,-13.49196045,-1.8048795,135.905,23.89008955,-3.3591795,134.39,-15.97711045,-2.2543795,86.3913,19.38698955,-7.1991795,82.0763,-16.38681045,11.4257205,51.8821,13.32448955,-10.1675795,43.9174,-18.04051045,14.5174205,10.6636,10.00458955,-23.5346795,6.13877,-19.18811045,24.0414205,3.90393,13.48508955,-13.8749795,1.40146
44.5,2.21529955,-2.8001795,94.1249,2.21529955,-2.8001795,94.1249,-13.58062045,-1.8091795,135.794,23.79668955,-3.3955795,134.253,-16.05271045,-2.1527795,86.2268,19.31098955,-7.1236795,81.9779,-16.33521045,11.5343205,51.7035,13.26978955,-10.2589795,43.8509,-17.85791045,14.8346205,10.4873,10.02198955,-23.9277795,6.17983,-18.95361045,24.3832205,3.74917,13.48608955,-14.2949795,1.39761
45,2.15520955,-2.7767795,93.998,2.15520955,-2.7767795,93.998,-13.67910045,-1.8062795,135.676,23.69928955,-3.4286795,134.113,-16.13021045,-2.0433795,86.0547,19.23378955,-7.0407795,81.878,-16.28591045,11.6358205,51.5131,13.21448955,-10.3430795,43.7829,-17.67621045,15.1321205,10.3008,10.03988955,-24.3192795,6.2238,-18.73101045,24.7017205,3.58918,13.48688955,-14.7163795,1.39275
45.5,2.09277955,-2.7498795,93.8667,2.09277955,-2.7498795,93.8667,-13.78490045,-1.7974795,135.553,23.59968955,-3.4578795,133.968,-16.20961045,-1.9274795,85.8758,19.15668955,-6.9530795,81.7769,-16.23611045,11.7309205,51.312,13.15928955,-10.4189795,43.7127,-17.49401045,15.4094205,10.1046,10.05918955,-24.7087795,6.27134,-18.51901045,24.9988205,3.42777,13.49088955,-15.1378795,1.38806
46,2.02565955,-2.7193795,93.7311,2.02565955,-2.7193795,93.7311,-13.90064045,-1.7819795,135.425,23.49588955,-3.4836795,133.819,-16.29321045,-1.8031795,85.6898,19.07568955,-6.8589795,81.6758,-16.18821045,11.8186205,51.0995,13.10438955,-10.4858795,43.6415,-17.31051045,15.6590205,9.89929,10.07798955,-25.0963795,6.32303,-18.32421045,25.2667205,3.27124,13.49358955,-15.5607795,1.38224
46.5,1.95592955,-2.6853795,93.5912,1.95592955,-2.6853795,93.5912,-14.02072045,-1.7588795,135.293,23.38848955,-3.5065795,133.666,-16.38101045,-1.6711795,85.4961,18.99328955,-6.7593795,81.5734,-16.13811045,11.8964205,50.8751,13.04988955,-10.5447795,43.5696,-17.12761045,15.8877205,9.68455,10.09738955,-25.4824795,6.37852,-18.14591045,25.5119205,3.1167,13.49778955,-15.9834795,1.37679
47,1.88139955,-2.6484795,93.4475,1.88139955,-2.6484795,93.4475,-14.15088045,-1.7304795,135.156,23.27798955,-3.5265795,133.509,-16.47451045,-1.5305795,85.2965,18.90478955,-6.6545795,81.4709,-16.08641045,11.9655205,50.6403,12.99488955,-10.5928795,43.4959,-16.94081045,16.0837205,9.46165,10.11618955,-25.8665795,6.4396,-17.98111045,25.7241205,2.96941,13.50168955,-16.4065795,1.37209
47.5,1.80297955,-2.6075795,93.3008,1.80297955,-2.6075795,93.3008,-14.28443045,-1.6934795,135.018,23.16128955,-3.5430795,133.347,-16.57361045,-1.3811795,85.0905,18.81198955,-6.5440795,81.3684,-16.03501045,12.0255205,50.3952,12.94128955,-10.6318795,43.4235,-16.75471045,16.2530205,9.23221,10.13588955,-26.2497795,6.50643,-17.83841045,25.9080205,2.83305,13.50418955,-16.8295795,1.367
48,1.72009955,-2.5634795,93.1517,1.72009955,-2.5634795,93.1517,-14.42505045,-1.6506795,134.877,23.03988955,-3.5573795,133.182,-16.67981045,-1.2233795,84.8811,18.71388955,-6.4278795,81.2647,-15.97941045,12.0779205,50.1433,12.88538955,-10.6582795,43.3498,-16.56501045,16.3911205,8.99731,10.15588955,-26.6308795,6.5805,-17.70561045,26.0597205,2.70245,13.50678955,-17.2510795,1.36402
48.5,1.63292955,-2.5158795,93.0011,1.63292955,-2.5158795,93.0011,-14.57027045,-1.6012795,134.736,22.91238955,-3.5677795,133.013,-16.79141045,-1.0569795,84.6682,18.60928955,-6.3069795,81.1619,-15.92351045,12.1242205,49.8849,12.83038955,-10.6733795,43.2766,-16.37271045,16.4948205,8.75877,10.17748955,-27.0104795,6.66275,-17.58851045,26.1765205,2.58557,13.50778955,-17.6727795,1.36166
49,1.54150955,-2.4640795,92.8511,1.54150955,-2.4640795,92.8511,-14.71890045,-1.5455795,134.596,22.77788955,-3.5748795,132.843,-16.90961045,-0.8826795,84.4562,18.50028955,-6.1797795,81.059,-15.86711045,12.1678205,49.6259,12.77298955,-10.6734795,43.2037,-16.17971045,16.5693205,8.52065,10.20168955,-27.3872795,6.75568,-17.48231045,26.2623205,2.4786,13.50728955,-18.0924795,1.36129
49.5,1.44583955,-2.4087795,92.7007,1.44583955,-2.4087795,92.7007,-14.87310045,-1.4848795,134.456,22.63758955,-3.5786795,132.671,-17.03301045,-0.7009795,84.2443,18.38588955,-6.0473795,80.9554,-15.80771045,12.2089205,49.3654,12.71238955,-10.6594795,43.1293,-15.98361045,16.6094205,8.28171,10.22598955,-27.7610795,6.85769,-17.38321045,26.3132205,2.38107,13.50638955,-18.5107795,1.36402
50,1.34597955,-2.3485795,92.5548,1.34597955,-2.3485795,92.5548,-15.03011045,-1.4184795,134.322,22.48888955,-3.5766795,132.501,-17.16141045,-0.5119795,84.0383,18.26748955,-5.9096795,80.8543,-15.75321045,12.2541205,49.1109,12.65088955,-10.6257795,43.0557,-15.78661045,16.6148205,8.04914,10.25758955,-28.1305795,6.97684,-17.29231045,26.3267205,2.29749,13.50328955,-18.9289795,1.36803
50.5,1.24197955,-2.2830795,92.4108,1.24197955,-2.2830795,92.4108,-15.19181045,-1.3462795,134.189,22.33338955,-3.5706795,132.331,-17.29371045,-0.3160795,83.8381,18.14698955,-5.7643795,80.7513,-15.69811045,12.3030205,48.8632,12.58158955,-10.5713795,42.9791,-15.59091045,16.5884205,7.82099,10.28788955,-28.4933795,7.1082,-17.20691045,26.3075205,2.22181,13.50058955,-19.3431795,1.37833
51,1.13432955,-2.2123795,92.2742,1.13432955,-2.2123795,92.2742,-15.35731045,-1.2700795,134.064,22.17108955,-3.5573795,132.167,-17.42871045,-0.1146795,83.6486,18.02378955,-5.6153795,80.6516,-15.64921045,12.3613205,48.627,12.50918955,-10.4895795,42.9009,-15.39501045,16.5232205,7.60303,10.32518955,-28.8472795,7.26256,-17.12401045,26.2463205,2.15783,13.49668955,-19.7583795,1.39219
51.5,1.02378955,-2.1363795,92.1429,1.02378955,-2.1363795,92.1429,-15.52551045,-1.1894795,133.944,22.00338955,-3.5389795,132.007,-17.56511045,0.0912205,83.4695,17.90118955,-5.4601795,80.5516,-15.60621045,12.4285205,48.4037,12.43028955,-10.3850795,42.8197,-15.20301045,16.4321205,7.39495,10.36418955,-29.1918795,7.43199,-17.04421045,26.1578205,2.10125,13.49378955,-20.1704795,1.41243
52,0.91074955,-2.0549795,92.02,0.91074955,-2.0549795,92.02,-15.69641045,-1.1057795,133.832,21.83198955,-3.5140795,131.856,-17.70111045,0.3003205,83.3041,17.77818955,-5.3028795,80.454,-15.56991045,12.5047205,48.1949,12.34498955,-10.2470795,42.7347,-15.01701045,16.3114205,7.19859,10.40468955,-29.5208795,7.62625,-16.96691045,26.0375205,2.05222,13.49038955,-20.5818795,1.44098
52.5,0.79507955,-1.9679795,91.9053,0.79507955,-1.9679795,91.9053,-15.87021045,-1.0186795,133.728,21.65638955,-3.4817795,131.713,-17.83781045,0.5130205,83.1525,17.65578955,-5.1418795,80.3582,-15.54231045,12.5927205,48.0022,12.25338955,-10.0789795,42.6455,-14.83456045,16.1574205,7.01481,10.44858955,-29.8363795,7.84177,-16.89111045,25.8807205,2.00989,13.48838955,-20.9912795,1.47711
53,0.67813955,-1.8758795,91.7997,0.67813955,-1.8758795,91.7997,-16.04361045,-0.9282795,133.633,21.47938955,-3.4440795,131.58,-17.97161045,0.7273205,83.0157,17.53388955,-4.9811795,80.2636,-15.52521045,12.6852205,47.8234,12.15658955,-9.8732795,42.5521,-14.66350045,15.9840205,6.84324,10.49078955,-30.1281795,8.08332,-16.82201045,25.7045205,1.97468,13.48648955,-21.3973795,1.52635
53.5,0.55881955,-1.7785795,91.7037,0.55881955,-1.7785795,91.7037,-16.22021045,-0.8354795,133.547,21.30168955,-3.3982795,131.459,-18.10491045,0.9446205,82.8937,17.41018955,-4.8197795,80.1727,-15.51531045,12.7850205,47.6603,12.05178955,-9.6285795,42.4534,-14.49856045,15.7718205,6.68395,10.53298955,-30.4005795,8.35094,-16.75621045,25.4860205,1.94515,13.48438955,-21.8012795,1.58622
54,0.43864955,-1.6767795,91.6174,0.43864955,-1.6767795,91.6174,-16.39371045,-0.7395795,133.47,21.12378955,-3.3472795,131.35,-18.23661045,1.1615205,82.7877,17.28598955,-4.6621795,80.0819,-15.51741045,12.8859205,47.5112,11.94398955,-9.3427795,42.3499,-14.34662045,15.5438205,6.53826,10.57278955,-30.6411795,8.64604,-16.69641045,25.2514205,1.92018,13.48298955,-22.1979795,1.66374
54.5,0.31707955,-1.5710795,91.5407,0.31707955,-1.5710795,91.5407,-16.56821045,-0.6416795,133.402,20.94808955,-3.2904795,131.253,-18.36661045,1.3795205,82.6955,17.15878955,-4.5080795,79.9949,-15.52611045,12.9843205,47.374,11.83098955,-9.0159795,42.2435,-14.20599045,15.2883205,6.40308,10.60798955,-30.8553795,8.96858,-16.64401045,24.9879205,1.90059,13.47968955,-22.5893795,1.75551
55,0.19401955,-1.4619795,91.4734,0.19401955,-1.4619795,91.4734,-16.73921045,-0.5410795,133.343,20.77378955,-3.2282795,131.171,-18.49651045,1.5965205,82.6179,17.02628955,-4.3619795,79.9085,-15.54461045,13.0759205,47.2478,11.71478955,-8.6440795,42.1329,-14.07792045,15.0125205,6.27913,10.63808955,-31.0308795,9.31879,-16.59961045,24.7029205,1.88406,13.47408955,-22.9687795,1.86857
55.5,0.07015955,-1.3504795,91.4148,0.07015955,-1.3504795,91.4148,-16.90731045,-0.4383795,133.292,20.60198955,-3.1623795,131.1,-18.62721045,1.8122205,82.5521,16.88908955,-4.2241795,79.8235,-15.56881045,13.1571205,47.1295,11.59938955,-8.2316795,42.0226,-13.96228045,14.7204205,6.16471,10.66158955,-31.1701795,9.69627,-16.56221045,24.4017205,1.87149,13.46648955,-23.3357795,2.00142
56,-0.05578045,-1.2364795,91.3642,-0.05578045,-1.2364795,91.3642,-17.07281045,-0.3323795,133.247,20.43258955,-3.0923795,131.041,-18.75911045,2.0275205,82.4983,16.74328955,-4.0952795,79.7403,-15.59731045,13.2212205,47.0185,11.48008955,-7.7749795,41.9103,-13.86026045,14.4057205,6.05846,10.67748955,-31.2705795,10.0988,-16.53601045,24.0765205,1.86293,13.45198955,-23.6858795,2.15415
56.5,-0.18276045,-1.1213795,91.3201,-0.18276045,-1.1213795,91.3201,-17.23351045,-0.2245795,133.207,20.26568955,-3.0200795,130.994,-18.89401045,2.2393205,82.4535,16.59018955,-3.9784795,79.656,-15.63071045,13.2706205,46.9127,11.36488955,-7.2812795,41.8018,-13.76853045,14.0809205,5.96003,10.68388955,-31.3257795,10.5239,-16.51431045,23.7416205,1.85587,13.43358955,-24.0131795,2.33113
57,-0.31177045,-1.0048795,91.2831,-0.31177045,-1.0048795,91.2831,-17.39121045,-0.1128795,133.173,20.09998955,-2.9452795,130.956,-19.03351045,2.4491205,82.419,16.42918955,-3.8709795,79.5725,-15.66451045,13.2989205,46.8132,11.24928955,-6.7485795,41.6947,-13.69047045,13.7403205,5.86969,10.68388955,-31.3419795,10.9722,-16.50111045,23.3902205,1.85213,13.40758955,-24.3192795,2.52638
57.5,-0.44255045,-0.8879795,91.2511,-0.44255045,-0.8879795,91.2511,-17.54571045,0.0012205,133.14,19.93668955,-2.8694795,130.926,-19.17621045,2.6547205,82.392,16.25878955,-3.7769795,79.4882,-15.70141045,13.3062205,46.7178,11.13718955,-6.1818795,41.5957,-13.62213045,13.3906205,5.78516,10.67188955,-31.3066795,11.4361,-16.49431045,23.0294205,1.8501,13.37248955,-24.5889795,2.74536
58,-0.57454045,-0.7706795,91.2233,-0.57454045,-0.7706795,91.2233,-17.69561045,0.1182205,133.111,19.77388955,-2.7927795,130.902,-19.32551045,2.8562205,82.3708,16.08318955,-3.6926795,79.4021,-15.73751045,13.2970205,46.6267,11.02828955,-5.5881795,41.5009,-13.56174045,13.0347205,5.7067,10.65368955,-31.2354795,11.9162,-16.48911045,22.6623205,1.84847,13.33138955,-24.8354795,2.9817
58.5,-0.70876045,-0.6527795,91.2013,-0.70876045,-0.6527795,91.2013,-17.84461045,0.2388205,133.082,19.61268955,-2.7158795,130.885,-19.47801045,3.0521205,82.3596,15.90008955,-3.6204795,79.3163,-15.77561045,13.2646205,46.5442,10.92198955,-4.9599795,41.4183,-13.51484045,12.6705205,5.6374,10.62448955,-31.1065795,12.4076,-16.49091045,22.2861205,1.84933,13.27728955,-25.0297795,3.23627
59,-0.84384045,-0.5352795,91.1804,-0.84384045,-0.5352795,91.1804,-17.99001045,0.3625205,133.053,19.45198955,-2.6395795,130.87,-19.63621045,3.2430205,82.3503,15.71298955,-3.5583795,79.2271,-15.81321045,13.2173205,46.4639,10.82008955,-4.3150795,41.3434,-13.47095045,12.3049205,5.57122,10.58588955,-30.9403795,12.9058,-16.49171045,21.9090205,1.8498,13.21668955,-25.1927795,3.5091
59.5,-0.97985045,-0.4170795,91.1654,-0.97985045,-0.4170795,91.1654,-18.13451045,0.4886205,133.025,19.29218955,-2.5634795,130.86,-19.79721045,3.4260205,82.3507,15.52518955,-3.5043795,79.1391,-15.85381045,13.1581205,46.3964,10.72018955,-3.6449795,41.2818,-13.43816045,11.9362205,5.51616,10.54168955,-30.7243795,13.4074,-16.49411045,21.5273205,1.85042,13.14488955,-25.3004795,3.78829
60,-1.11689045,-0.2990795,91.1522,-1.11689045,-0.2990795,91.1522,-18.27791045,0.6190205,132.995,19.13338955,-2.4890795,130.851,-19.96091045,3.6024205,82.3556,15.33428955,-3.4607795,79.0486,-15.89621045,13.0843205,46.3351,10.62448955,-2.9581795,41.2321,-13.40996045,11.5666205,5.46663,10.48548955,-30.4610795,13.911,-16.49681045,21.1449205,1.85135,13.06398955,-25.3605795,4.08548
60.5,-1.25301045,-0.1809795,91.1426,-1.25301045,-0.1809795,91.1426,-18.42021045,0.7493205,132.967,18.97648955,-2.4156795,130.844,-20.12421045,3.7712205,82.3655,15.14908955,-3.4212795,78.9604,-15.94391045,13.0116205,46.2842,10.52878955,-2.2620795,41.194,-13.38792045,11.1991205,5.4254,10.42608955,-30.1654795,14.4042,-16.49821045,20.7635205,1.85161,12.97478955,-25.3740795,4.37611
61,-1.38958045,-0.0622795,91.1374,-1.38958045,-0.0622795,91.1374,-18.56261045,0.8839205,132.939,18.82208955,-2.3441795,130.841,-20.28661045,3.9306205,82.3845,14.96248955,-3.3916795,78.8717,-15.99711045,12.9272205,46.2457,10.43738955,-1.5437795,41.171,-13.37523045,10.8312205,5.39516,10.35528955,-29.8102795,14.8972,-16.49951045,20.3820205,1.85142,12.87548955,-25.3206795,4.68182
61.5,-1.52452045,0.0559205,91.1344,-1.52452045,0.0559205,91.1344,-18.70461045,1.0183205,132.912,18.66938955,-2.2753795,130.838,-20.44571045,4.0844205,82.406,14.78318955,-3.3646795,78.7861,-16.05571045,12.8462205,46.2134,10.34568955,-0.8240795,41.1565,-13.36545045,10.4657205,5.36943,10.28168955,-29.4335795,15.3739,-16.50201045,20.0025205,1.85177,12.77108955,-25.2310795,4.97619
62,-1.65754045,0.1737205,91.1354,-1.65754045,0.1737205,91.1354,-18.84491045,1.1542205,132.887,18.52248955,-2.2090795,130.836,-20.59951045,4.2264205,82.4334,14.60598955,-3.3456795,78.7036,-16.12011045,12.7605205,46.1922,10.25628955,-0.0913795,41.1609,-13.36252045,10.0997205,5.35393,10.19618955,-29.0002795,15.8348,-16.50081045,19.6227205,1.85016,12.65568955,-25.0609795,5.27278
62.5,-1.78920045,0.2912205,91.1407,-1.78920045,0.2912205,91.1407,-18.98451045,1.2901205,132.865,18.37758955,-2.1456795,130.841,-20.74721045,4.3632205,82.4664,14.43178955,-3.3329795,78.6245,-16.19201045,12.6734205,46.1767,10.16868955,0.6524205,41.1716,-13.36514045,9.7352205,5.34357,10.10798955,-28.5347795,16.286,-16.50491045,19.2448205,1.84971,12.53628955,-24.8540795,5.56563
63,-1.91729045,0.4068205,91.1476,-1.91729045,0.4068205,91.1476,-19.12191045,1.4256205,132.845,18.23898955,-2.0875795,130.842,-20.88771045,4.4896205,82.4994,14.26538955,-3.3222795,78.552,-16.26641045,12.5898205,46.1672,10.07988955,1.3891205,41.2006,-13.37163045,9.3702205,5.33992,10.00898955,-28.0367795,16.6999,-16.50511045,18.8665205,1.84839,12.40728955,-24.5720795,5.83768
63.5,-2.04291045,0.5213205,91.1603,-2.04291045,0.5213205,91.1603,-19.25631045,1.5599205,132.83,18.10618955,-2.0326795,130.853,-21.01901045,4.6082205,82.5389,14.09848955,-3.3225795,78.4846,-16.34931045,12.4979205,46.1618,9.99428955,2.1454205,41.2402,-13.38482045,9.0049205,5.3413,9.90408955,-27.4864795,17.1024,-16.51051045,18.4890205,1.847,12.27258955,-24.2309795,6.11197
64,-2.16558045,0.6337205,91.1746,-2.16558045,0.6337205,91.1746,-19.38821045,1.6930205,132.818,17.97708955,-1.9829795,130.866,-21.14401045,4.7198205,82.5781,13.93648955,-3.3253795,78.4229,-16.43231045,12.4049205,46.1572,9.90948955,2.8960205,41.2904,-13.40147045,8.6384205,5.34591,9.79288955,-26.9134795,17.4738,-16.51671045,18.1107205,1.84626,12.13258955,-23.8386795,6.36706
64.5,-2.28392045,0.7430205,91.1919,-2.28392045,0.7430205,91.1919,-19.51511045,1.8230205,132.811,17.85638955,-1.9392795,130.882,-21.25921045,4.8227205,82.6174,13.77728955,-3.3363795,78.369,-16.51711045,12.3053205,46.152,9.82508955,3.6495205,41.3568,-13.42206045,8.2701205,5.35271,9.67198955,-26.2949795,17.8104,-16.52481045,17.7318205,1.84518,11.98478955,-23.3708795,6.60797
65,-2.39961045,0.8498205,91.2113,-2.39961045,0.8498205,91.2113,-19.63771045,1.9517205,132.806,17.73888955,-1.8996795,130.903,-21.36951045,4.9198205,82.6569,13.61868955,-3.3543795,78.319,-16.60011045,12.1925205,46.1433,9.74388955,4.4073205,41.4318,-13.44426045,7.8993205,5.35911,9.54628955,-25.6446795,18.1269,-16.53581045,17.3514205,1.84464,11.83388955,-22.8569795,6.84285
65.5,-2.51081045,0.9525205,91.2315,-2.51081045,0.9525205,91.2315,-19.75591045,2.0759205,132.804,17.62758955,-1.8685795,130.926,-21.47251045,5.0097205,82.6934,13.46708955,-3.3749795,78.2773,-16.67981045,12.0815205,46.1328,9.66148955,5.1499205,41.5203,-13.47015045,7.5277205,5.36737,9.41378955,-24.9694795,18.392,-16.54781045,16.9703205,1.84445,11.67738955,-22.2777795,7.04366
66,-2.61822045,1.0518205,91.2521,-2.61822045,1.0518205,91.2521,-19.86691045,2.1987205,132.804,17.52248955,-1.8410795,130.951,-21.57221045,5.0926205,82.727,13.31528955,-3.4063795,78.238,-16.75331045,11.9440205,46.115,9.58198955,5.8985205,41.624,-13.49300045,7.1519205,5.37094,9.27188955,-24.2461795,18.6353,-16.56061045,16.5868205,1.84414,11.51798955,-21.6302795,7.24929
66.5,-2.72093045,1.1462205,91.2728,-2.72093045,1.1462205,91.2728,-19.97311045,2.3166205,132.806,17.42048955,-1.8226795,130.98,-21.66691045,5.1690205,82.7574,13.17368955,-3.4399795,78.2053,-16.82001045,11.8041205,46.0929,9.50358955,6.6299205,41.7364,-13.51811045,6.7753205,5.37424,9.12818955,-23.5025795,18.8257,-16.57571045,16.2021205,1.8445,11.35638955,-20.9310795,7.41614
67,-2.81993045,1.2374205,91.2919,-2.81993045,1.2374205,91.2919,-20.07321045,2.4324205,132.807,17.32448955,-1.8082795,131.006,-21.76061045,5.2396205,82.7834,13.03558955,-3.4785795,78.1746,-16.87901045,11.6496205,46.0669,9.42438955,7.3512205,41.8634,-13.54009045,6.3965205,5.37474,8.97638955,-22.7273795,18.9843,-16.58901045,15.8159205,1.84489,11.19478955,-20.1681795,7.57558
67.5,-2.91334045,1.3228205,91.3089,-2.91334045,1.3228205,91.3089,-20.16691045,2.5442205,132.807,17.23118955,-1.8023795,131.034,-21.85221045,5.3023205,82.8037,12.91008955,-3.5227795,78.1471,-16.92591045,11.4784205,46.0334,9.34738955,8.0568205,42.0025,-13.55756045,6.0153205,5.37032,8.82198955,-21.9185795,19.091,-16.60221045,15.4275205,1.84521,11.03418955,-19.3442795,7.7057
68,-3.00308045,1.4053205,91.3239,-3.00308045,1.4053205,91.3239,-20.25611045,2.6524205,132.806,17.14188955,-1.8007795,131.059,-21.94261045,5.3615205,82.8214,12.79258955,-3.5664795,78.1209,-16.96901045,11.3067205,45.9994,9.26988955,8.7418205,42.1468,-13.57489045,5.6348205,5.36636,8.66868955,-21.0967795,19.1612,-16.61481045,15.0390205,1.84629,10.87958955,-18.4803795,7.81326
68.5,-3.08691045,1.4821205,91.3351,-3.08691045,1.4821205,91.3351,-20.33871045,2.7579205,132.801,17.05668955,-1.8064795,131.079,-22.03251045,5.4110205,82.8318,12.68948955,-3.6153795,78.0971,-16.99761045,11.1171205,45.961,9.19078955,9.4041205,42.3108,-13.58418045,5.2515205,5.35777,8.50778955,-20.2366795,19.1744,-16.62391045,14.6478205,1.84724,10.72758955,-17.5356795,7.89285
69,-3.16634045,1.5558205,91.3433,-3.16634045,1.5558205,91.3433,-20.41631045,2.8600205,132.795,16.97348955,-1.8160795,131.098,-22.12181045,5.4571205,82.8396,12.59748955,-3.6627795,78.0717,-17.02341045,10.9247205,45.9213,9.11498955,10.0441205,42.4734,-13.59107045,4.8684205,5.34861,8.35478955,-19.3661795,19.1554,-16.63141045,14.2563205,1.84834,10.58778955,-16.5678795,7.95118
69.5,-3.24117045,1.6251205,91.3487,-3.24117045,1.6251205,91.3487,-20.49001045,2.9594205,132.786,16.89388955,-1.8314795,131.111,-22.20821045,5.4953205,82.8433,12.51748955,-3.7119795,78.0501,-17.04021045,10.7289205,45.8828,9.03558955,10.6566205,42.6511,-13.59457045,4.4847205,5.34001,8.19898955,-18.4722795,19.081,-16.63661045,13.8630205,1.8503,10.45338955,-15.5343795,7.97258
70,-3.31002045,1.6903205,91.3497,-3.31002045,1.6903205,91.3497,-20.55771045,3.0552205,132.773,16.81738955,-1.8511795,131.118,-22.29291045,5.5268205,82.8423,12.45318955,-3.7598795,78.0272,-17.05321045,10.5296205,45.8445,8.95828955,11.2382205,42.8315,-13.59212045,4.1002205,5.33051,8.04938955,-17.5614795,18.9647,-16.63791045,13.4688205,1.85204,10.33468955,-14.4622795,7.96812
70.5,-3.37628045,1.7531205,91.3494,-3.37628045,1.7531205,91.3494,-20.62311045,3.1494205,132.76,16.74138955,-1.8736795,131.124,-22.37371045,5.5552205,82.8404,12.39348955,-3.8080795,78.0062,-17.06341045,10.3295205,45.8065,8.88198955,11.8027205,43.0143,-13.58976045,3.7154205,5.32269,7.90558955,-16.6411795,18.8172,-16.63871045,13.0733205,1.85465,10.22418955,-13.3643795,7.93865
71,-3.43565045,1.8104205,91.3448,-3.43565045,1.8104205,91.3448,-20.68291045,3.2387205,132.743,16.67118955,-1.9013795,131.122,-22.44781045,5.5734205,82.8337,12.34848955,-3.8551795,77.988,-17.07091045,10.1334205,45.7724,8.80638955,12.3220205,43.2042,-13.58339045,3.3298205,5.31767,7.76888955,-15.7016795,18.6089,-16.63611045,12.6765205,1.85826,10.13138955,-12.2083795,7.8645
71.5,-3.49309045,1.8663205,91.3393,-3.49309045,1.8663205,91.3393,-20.73981045,3.3269205,132.726,16.60048955,-1.9300795,131.12,-22.51871045,5.5899205,82.8265,12.30508955,-3.9016795,77.9703,-17.07751045,9.9350205,45.7381,8.73328955,12.8298205,43.3919,-13.57675045,2.9432205,5.31337,7.63898955,-14.7570795,18.3831,-16.63181045,12.2784205,1.86158,10.04778955,-11.0419795,7.77686
72,-3.54520045,1.9174205,91.3311,-3.54520045,1.9174205,91.3311,-20.79301045,3.4112205,132.708,16.53408955,-1.9627795,131.113,-22.57911045,5.5988205,82.8163,12.26618955,-3.9484795,77.9569,-17.08351045,9.7417205,45.7057,8.66558955,13.2979205,43.5797,-13.57117045,2.5558205,5.3136,7.52368955,-13.7991795,18.1081,-16.62781045,11.8792205,1.86683,9.98168955,-9.8383795,7.64767
72.5,-3.59433045,1.9664205,91.3224,-3.59433045,1.9664205,91.3224,-20.84311045,3.4927205,132.691,16.46988955,-1.9964795,131.105,-22.63341045,5.6036205,82.8054,12.23068955,-3.9939795,77.9464,-17.09041045,9.5506205,45.6755,8.59858955,13.7479205,43.7673,-13.56642045,2.1676205,5.31554,7.41378955,-12.8363795,17.808,-16.62301045,11.4793205,1.87212,9.92388955,-8.6156795,7.49766
73,-3.64071045,2.0122205,91.3119,-3.64071045,2.0122205,91.3119,-20.89021045,3.5724205,132.673,16.40748955,-2.0314795,131.097,-22.68011045,5.6049205,82.7921,12.18878955,-4.0409795,77.9377,-17.09561045,9.3582205,45.6437,8.54158955,14.1725205,43.9486,-13.56303045,1.7781205,5.31954,7.32048955,-11.8660795,17.487,-16.61721045,11.0784205,1.87777,9.88258955,-7.3833795,7.33184
73.5,-3.68239045,2.0546205,91.3013,-3.68239045,2.0546205,91.3013,-20.93401045,3.6471205,132.657,16.34968955,-2.0684795,131.088,-22.71511045,5.6005205,82.7779,12.15108955,-4.0871795,77.935,-17.10211045,9.1696205,45.6129,8.48698955,14.5723205,44.1287,-13.56428045,1.3880205,5.32627,7.23738955,-10.8901795,17.1292,-16.61551045,10.6772205,1.88491,9.84768955,-6.1274795,7.1311
74,-3.72230045,2.0951205,91.2895,-3.72230045,2.0951205,91.2895,-20.97531045,3.7208205,132.641,16.29398955,-2.1050795,131.08,-22.74511045,5.5939205,82.7617,12.10508955,-4.1334795,77.9334,-17.10641045,8.9781205,45.5814,8.44088955,14.9543205,44.3019,-13.56575045,0.9970205,5.3332,7.16758955,-9.9096795,16.7636,-16.61101045,10.2760205,1.89102,9.82618955,-4.8699795,6.92814
74.5,-3.75787045,2.1318205,91.2768,-3.75787045,2.1318205,91.2768,-21.01361045,3.7900205,132.624,16.24248955,-2.1432795,131.074,-22.76551045,5.5833205,82.7434,12.05968955,-4.1806795,77.9351,-17.10871045,8.7844205,45.5472,8.40228955,15.3132205,44.4693,-13.57127045,0.6052205,5.34068,7.11258955,-8.9242795,16.3726,-16.61131045,9.8745205,1.89804,9.81228955,-3.6025795,6.70372
75,-3.79014045,2.1669205,91.2637,-3.79014045,2.1669205,91.2637,-21.04901045,3.8573205,132.609,16.19518955,-2.1812795,131.068,-22.77921045,5.5692205,82.7234,12.01278955,-4.2255795,77.9396,-17.11031045,8.5890205,45.5125,8.36928955,15.6570205,44.632,-13.57779045,0.2128205,5.34763,7.06898955,-7.9354795,15.9704,-16.61151045,9.4736205,1.90472,9.80458955,-2.3308795,6.47053
75.5,-3.81894045,2.1987205,91.2486,-3.81894045,2.1987205,91.2486,-21.08241045,3.9209205,132.59,16.15178955,-2.2186795,131.063,-22.78831045,5.5534205,82.7009,11.96488955,-4.2722795,77.9431,-17.10681045,8.3881205,45.4751,8.34588955,15.9800205,44.7851,-13.58599045,-0.1797795,5.35322,7.04058955,-6.9461795,15.5631,-16.61351045,9.0731205,1.91072,9.81018955,-1.0660795,6.23953
76,-3.84270045,2.2283205,91.2321,-3.84270045,2.2283205,91.2321,-21.11201045,3.9818205,132.571,16.11328955,-2.2567795,131.06,-22.79151045,5.5328205,82.6754,11.92308955,-4.3150795,77.9481,-17.10031045,8.1816205,45.4351,8.32878955,16.2876205,44.9331,-13.59423045,-0.5732795,5.35681,7.02568955,-5.9518795,15.1406,-16.61701045,8.6728205,1.91643,9.81908955,0.2028205,5.99753
76.5,-3.86287045,2.2559205,91.2142,-3.86287045,2.2559205,91.2142,-21.13981045,4.0404205,132.549,16.07958955,-2.2934795,131.057,-22.79121045,5.5112205,82.6487,11.88408955,-4.3579795,77.9517,-17.09141045,7.9719205,45.3946,8.31748955,16.5791205,45.0728,-13.60220045,-0.9666795,5.35878,7.02228955,-4.9614795,14.7222,-16.62131045,8.2730205,1.92146,9.83918955,1.4600205,5.76322
77,-3.87784045,2.2804205,91.1931,-3.87784045,2.2804205,91.1931,-21.16471045,4.0950205,132.523,16.05098955,-2.3301795,131.053,-22.78991045,5.4840205,82.6177,11.85498955,-4.3977795,77.9535,-17.07691045,7.7552205,45.3516,8.31348955,16.8515205,45.2058,-13.60772045,-1.3608795,5.3583,7.03398955,-3.9682795,14.2948,-16.62441045,7.8731205,1.92523,9.86798955,2.7132205,5.5291
77.5,-3.88763045,2.3033205,91.1704,-3.88763045,2.3033205,91.1704,-21.18581045,4.1480205,132.495,16.02718955,-2.3658795,131.049,-22.78441045,5.4547205,82.5851,11.83588955,-4.4346795,77.9537,-17.06051045,7.5337205,45.307,8.31418955,17.1096205,45.3313,-13.61156045,-1.7558795,5.35576,7.05668955,-2.9777795,13.869,-16.62821045,7.4728205,1.92877,9.90448955,3.9556205,5.29748
78,-3.89303045,2.3232205,91.145,-3.89303045,2.3232205,91.145,-21.20521045,4.1975205,132.462,16.00778955,-2.4000795,131.044,-22.77971045,5.4207205,82.5499,11.82758955,-4.4696795,77.9503,-17.04121045,7.3096205,45.2625,8.32058955,17.3488205,45.4496,-13.61227045,-2.1511795,5.3525,7.09298955,-1.9943795,13.4485,-16.62971045,7.0718205,1.93122,9.95488955,5.1824205,5.07734
78.5,-3.89310045,2.3417205,91.1168,-3.89310045,2.3417205,91.1168,-21.22061045,4.2451205,132.425,15.99248955,-2.4328795,131.037,-22.77391045,5.3830205,82.5119,11.83338955,-4.4999795,77.9445,-17.01861045,7.0809205,45.2163,8.33088955,17.5740205,45.5613,-13.60986045,-2.5478795,5.34779,7.13858955,-1.0129795,13.0287,-16.62941045,6.6699205,1.933,10.01328955,6.3970205,4.86035
79,-3.88902045,2.3576205,91.0871,-3.88902045,2.3576205,91.0871,-21.23371045,4.2900205,132.384,15.98098955,-2.4638795,131.028,-22.76631045,5.3413205,82.4728,11.84918955,-4.5279795,77.9361,-16.99651045,6.8513205,45.1707,8.34478955,17.7819205,45.6656,-13.60499045,-2.9453795,5.34364,7.19698955,-0.0460795,12.6218,-16.62721045,6.2658205,1.93469,10.08428955,7.5896205,4.65587
79.5,-3.88012045,2.3718205,91.0542,-3.88012045,2.3718205,91.0542,-21.24321045,4.3329205,132.339,15.97238955,-2.4920795,131.017,-22.75971045,5.2949205,82.4308,11.87948955,-4.5530795,77.9241,-16.97151045,6.6212205,45.1245,8.36338955,17.9728205,45.7634,-13.59716045,-3.3441795,5.34022,7.26418955,0.9171205,12.2173,-16.62221045,5.8611205,1.93581,10.16798955,8.7670205,4.45681
80,-3.86763045,2.3839205,91.0202,-3.86763045,2.3839205,91.0202,-21.25001045,4.3735205,132.29,15.96678955,-2.5177795,131.004,-22.75001045,5.2440205,82.3879,11.91638955,-4.5737795,77.911,-16.94671045,6.3903205,45.0782,8.38448955,18.1482205,45.854,-13.58830045,-3.7439795,5.33857,7.34258955,1.8625205,11.8286,-16.61351045,5.4536205,1.93704,10.26178955,9.9184205,4.27032
80.5,-3.85119045,2.3943205,90.9846,-3.85119045,2.3943205,90.9846,-21.25271045,4.4128205,132.239,15.96298955,-2.5397795,130.99,-22.73921045,5.1890205,82.3431,11.96388955,-4.5933795,77.8957,-16.92241045,6.1619205,45.0318,8.40998955,18.3072205,45.9376,-13.57787045,-4.1451795,5.339,7.42918955,2.7943205,11.4509,-16.60411045,5.0445205,1.93869,10.36808955,11.0466205,4.09241
81,-3.83249045,2.4035205,90.948,-3.83249045,2.4035205,90.948,-21.25401045,4.4503205,132.185,15.96068955,-2.5584795,130.974,-22.72631045,5.1305205,82.2977,12.01548955,-4.6100795,77.8795,-16.89671045,5.9355205,44.986,8.43738955,18.4542205,46.0163,-13.56804045,-4.5462795,5.34193,7.52228955,3.7107205,11.0861,-16.59151045,4.6345205,1.94018,10.48258955,12.1519205,3.92479
81.5,-3.81071045,2.4112205,90.9112,-3.81071045,2.4112205,90.9112,-21.25151045,4.4869205,132.131,15.96128955,-2.5723795,130.956,-22.70911045,5.0688205,82.2511,12.06968955,-4.6241795,77.864,-16.87191045,5.7105205,44.9392,8.46838955,18.5874205,46.0871,-13.55930045,-4.9488795,5.34769,7.62358955,4.6019205,10.741,-16.57891045,4.2220205,1.94311,10.60418955,13.2222205,3.76951
82,-3.78676045,2.4181205,90.8734,-3.78676045,2.4181205,90.8734,-21.24671045,4.5227205,132.075,15.96278955,-2.5822795,130.938,-22.68871045,5.0049205,82.2042,12.12588955,-4.6380795,77.8464,-16.84631045,5.4891205,44.8931,8.50288955,18.7070205,46.1514,-13.55215045,-5.3508795,5.35592,7.73108955,5.4821205,10.4059,-16.56631045,3.8095205,1.9461,10.73518955,14.2755205,3.6225
82.5,-3.76011045,2.4239205,90.8358,-3.76011045,2.4239205,90.8358,-21.23901045,4.5572205,132.018,15.96868955,-2.5855795,130.917,-22.66281045,4.9388205,82.156,12.18098955,-4.6484795,77.8313,-16.81771045,5.2700205,44.8464,8.53878955,18.8152205,46.2079,-13.54800045,-5.7528795,5.36665,7.84328955,6.3250205,10.0957,-16.55371045,3.3963205,1.95023,10.86868955,15.2806205,3.49135
83,-3.73122045,2.4294205,90.7978,-3.73122045,2.4294205,90.7978,-21.22861045,4.5914205,131.961,15.97718955,-2.5857795,130.896,-22.63171045,4.8724205,82.1077,12.23528955,-4.6578795,77.8148,-16.79061045,5.0519205,44.7995,8.57888955,18.9134205,46.2574,-13.54606045,-6.1547795,5.37873,7.96208955,7.1570205,9.79686,-16.54381045,2.9823205,1.95502,11.00708955,16.2710205,3.3688
83.5,-3.69924045,2.4344205,90.76,-3.69924045,2.4344205,90.76,-21.21521045,4.6261205,131.905,15.99018955,-2.5784795,130.874,-22.59511045,4.8059205,82.0587,12.28988955,-4.6659795,77.8002,-16.75631045,4.8368205,44.7529,8.61978955,19.0015205,46.2993,-13.54604045,-6.5554795,5.39125,8.08088955,7.9472205,9.51772,-16.53651045,2.5696205,1.96034,11.14478955,17.2097205,3.25863
84,-3.66422045,2.4389205,90.7217,-3.66422045,2.4389205,90.7217,-21.19921045,4.6593205,131.848,16.00928955,-2.5680795,130.851,-22.55141045,4.7408205,82.0089,12.34208955,-4.6707795,77.785,-16.72251045,4.6200205,44.7053,8.66468955,19.0821205,46.3331,-13.54867045,-6.9562795,5.40453,8.20678955,8.7178205,9.25571,-16.53181045,2.1562205,1.96673,11.28298955,18.1233205,3.16084
84.5,-3.62497045,2.4436205,90.6828,-3.62497045,2.4436205,90.6828,-21.17891045,4.6938205,131.791,16.03528955,-2.5503795,130.827,-22.50191045,4.6774205,81.9585,12.39678955,-4.6742795,77.7697,-16.68281045,4.4047205,44.6581,8.71028955,19.1508205,46.3562,-13.55159045,-7.3562795,5.41611,8.33278955,9.4523205,9.00598,-16.53251045,1.7432205,1.97349,11.42058955,18.9937205,3.07146
85,-3.58122045,2.4474205,90.6431,-3.58122045,2.4474205,90.6431,-21.15531045,4.7269205,131.733,16.06888955,-2.5294795,130.801,-22.44611045,4.6167205,81.907,12.45408955,-4.6746795,77.7535,-16.63821045,4.1869205,44.6103,8.75878955,19.2139205,46.371,-13.55470045,-7.7560795,5.42705,8.46238955,10.1518205,8.77522,-16.53461045,1.3304205,1.98057,11.55528955,19.8208205,2.99464
85.5,-3.53254045,2.4516205,90.602,-3.53254045,2.4516205,90.602,-21.12681045,4.7602205,131.674,16.11068955,-2.5034795,130.773,-22.38471045,4.5595205,81.8548,12.51638955,-4.6709795,77.7357,-16.59051045,3.9680205,44.5624,8.80818955,19.2679205,46.3753,-13.55714045,-8.1563795,5.43601,8.59368955,10.8221205,8.55403,-16.54081045,0.9168205,1.9881,11.68878955,20.6128205,2.92463
86,-3.47812045,2.4545205,90.5594,-3.47812045,2.4545205,90.5594,-21.09391045,4.7931205,131.615,16.16138955,-2.4737795,130.744,-22.31741045,4.5047205,81.8014,12.58558955,-4.6648795,77.7171,-16.53561045,3.7471205,44.5143,8.85998955,19.3131205,46.3688,-13.55593045,-8.5574795,5.4428,8.72378955,11.4470205,8.34265,-16.54821045,0.5025205,1.9956,11.81858955,21.3511205,2.85852
86.5,-3.41824045,2.4573205,90.5152,-3.41824045,2.4573205,90.5152,-21.05561045,4.8247205,131.554,16.21968955,-2.4412795,130.713,-22.24561045,4.4548205,81.747,12.66348955,-4.6544795,77.6949,-16.47741045,3.5244205,44.4661,8.91248955,19.3532205,46.3536,-13.55329045,-8.9593795,5.44857,8.85668955,12.0403205,8.14424,-16.55721045,0.0874205,2.00348,11.94708955,22.0506205,2.80029
87,-3.35130045,2.4591205,90.4688,-3.35130045,2.4591205,90.4688,-21.01071045,4.8563205,131.491,16.28808955,-2.4045795,130.68,-22.16801045,4.4079205,81.6911,12.75168955,-4.6389795,77.6715,-16.41321045,3.2983205,44.4169,8.96848955,19.3806205,46.3242,-13.54502045,-9.3640795,5.45192,8.98708955,12.5863205,7.95026,-16.56501045,-0.3308795,2.0109,12.07298955,22.6932205,2.74064
87.5,-3.27939045,2.4596205,90.4208,-3.27939045,2.4596205,90.4208,-20.96081045,4.8856205,131.426,16.36198955,-2.3665795,130.645,-22.08781045,4.3651205,81.6342,12.85038955,-4.6213795,77.6447,-16.34431045,3.0724205,44.3681,9.02498955,19.4058205,46.289,-13.53387045,-9.7696795,5.45487,9.11638955,13.0919205,7.76857,-16.57221045,-0.7496795,2.01829,12.19688955,23.2873205,2.68611
88,-3.20009045,2.4594205,90.3705,-3.20009045,2.4594205,90.3705,-20.90171045,4.9151205,131.36,16.44418955,-2.3253795,130.609,-22.00161045,4.3266205,81.5759,12.96068955,-4.5968795,77.6155,-16.27181045,2.8427205,44.3186,9.08528955,19.4182205,46.2399,-13.51740045,-10.1787795,5.45733,9.24358955,13.5514205,7.58997,-16.57521045,-1.1722795,2.02511,12.32008955,23.8250205,2.62627
88.5,-3.11628045,2.4578205,90.3185,-3.11628045,2.4578205,90.3185,-20.83881045,4.9421205,131.291,16.53118955,-2.2825795,130.571,-21.91381045,4.2905205,81.5161,13.08238955,-4.5682795,77.5846,-16.19381045,2.6143205,44.2682,9.14738955,19.4272205,46.1837,-13.49804045,-10.5895795,5.46022,9.36528955,13.9621205,7.41812,-16.57561045,-1.5963795,2.03185,12.44098955,24.3039205,2.56393
89,-3.02747045,2.4547205,90.2654,-3.02747045,2.4547205,90.2654,-20.76711045,4.9683205,131.223,16.62138955,-2.2382795,130.533,-21.82071045,4.2591205,81.4554,13.21078955,-4.5372795,77.5514,-16.11441045,2.3842205,44.2181,9.21278955,19.4287205,46.1194,-13.47546045,-11.0028795,5.46405,9.48328955,14.3278205,7.25373,-16.57181045,-2.0228795,2.03796,12.56108955,24.7275205,2.49841
89.5,-2.93360045,2.4511205,90.2107,-2.93360045,2.4511205,90.2107,-20.69021045,4.9929205,131.151,16.71588955,-2.1914795,130.494,-21.72461045,4.2307205,81.3936,13.35168955,-4.4971795,77.517,-16.02941045,2.1539205,44.1675,9.28118955,19.4245205,46.0466,-13.45178045,-11.4178795,5.47002,9.59278955,14.6428205,7.09528,-16.56401045,-2.4506795,2.04367,12.67748955,25.0878205,2.42756
90,-2.83750045,2.4454205,90.1562,-2.83750045,2.4454205,90.1562,-20.60701045,5.0163205,131.08,16.81068955,-2.1437795,130.456,-21.62531045,4.2053205,81.3303,13.49318955,-4.4573795,77.483,-15.94311045,1.9241205,44.1166,9.35268955,19.4174205,45.97,-13.42748045,-11.8344795,5.47759,9.69588955,14.9094205,6.94431,-16.55221045,-2.8797795,2.04868,12.79298955,25.3892205,2.35267
90.5,-2.73730045,2.4398205,90.1013,-2.73730045,2.4398205,90.1013,-20.51861045,5.0391205,131.008,16.90828955,-2.0935795,130.417,-21.51991045,4.1845205,81.2672,13.64358955,-4.4096795,77.4489,-15.85481045,1.6928205,44.0679,9.42628955,19.4056205,45.888,-13.40493045,-12.2512795,5.48809,9.78768955,15.1299205,6.80228,-16.53911045,-3.3084795,2.0535,12.90248955,25.6331205,2.27456
91,-2.63568045,2.4324205,90.0472,-2.63568045,2.4324205,90.0472,-20.42461045,5.0611205,130.938,17.00598955,-2.0422795,130.38,-21.41211045,4.1661205,81.2026,13.79098955,-4.3600795,77.4163,-15.76251045,1.4608205,44.0183,9.50448955,19.3925205,45.8026,-13.38398045,-12.6690795,5.50112,9.87158955,15.2954205,6.66734,-16.52241045,-3.7379795,2.05736,13.00878955,25.8092205,2.19064
91.5,-2.53233045,2.4247205,89.9949,-2.53233045,2.4247205,89.9949,-20.32841045,5.0828205,130.868,17.10498955,-1.9888795,130.344,-21.29701045,4.1524205,81.1386,13.94188955,-4.3059795,77.3873,-15.67131045,1.2246205,43.9726,9.58218955,19.3777205,45.7161,-13.36870045,-13.0859795,5.51689,9.94188955,15.4212205,6.54374,-16.50871045,-4.1655795,2.06152,13.10678955,25.9362205,2.10799
92,-2.42726045,2.4160205,89.9442,-2.42726045,2.4160205,89.9442,-20.22671045,5.1048205,130.802,17.20738955,-1.9340795,130.309,-21.17721045,4.1422205,81.0751,14.08668955,-4.2470795,77.3609,-15.57691045,0.9863205,43.9298,9.66358955,19.3626205,45.6279,-13.35549045,-13.5023795,5.53561,10.00158955,15.4870205,6.43037,-16.49391045,-4.5923795,2.06454,13.19688955,25.9907205,2.02231
92.5,-2.32173045,2.4065205,89.8973,-2.32173045,2.4065205,89.8973,-20.12341045,5.1272205,130.739,17.30918955,-1.8781795,130.277,-21.05221045,4.1354205,81.0125,14.23208955,-4.1863795,77.3403,-15.48161045,0.7385205,43.891,9.74418955,19.3472205,45.5415,-13.34972045,-13.9181795,5.55725,10.05028955,15.5229205,6.32716,-16.48381045,-5.0179795,2.06814,13.27848955,26.0076205,1.94082
93,-2.21442045,2.3961205,89.8538,-2.21442045,2.3961205,89.8538,-20.01711045,5.1503205,130.68,17.41778955,-1.8208795,130.246,-20.91991045,4.1323205,80.9523,14.37168955,-4.1209795,77.3252,-15.38631045,0.4865205,43.8587,9.82518955,19.3326205,45.4557,-13.34649045,-14.3328795,5.58143,10.08668955,15.5011205,6.23689,-16.47691045,-5.4419795,2.07134,13.34938955,25.9576205,1.86184
93.5,-2.10632045,2.3840205,89.8151,-2.10632045,2.3840205,89.8151,-19.90791045,5.1747205,130.628,17.52828955,-1.7638795,130.22,-20.78271045,4.1321205,80.8951,14.50768955,-4.0534795,77.3164,-15.28931045,0.2219205,43.8334,9.90598955,19.3146205,45.3706,-13.34849045,-14.7471795,5.60985,10.11518955,15.4427205,6.15552,-16.47381045,-5.8658795,2.075,13.41008955,25.8642205,1.786
94,-1.99670045,2.3711205,89.7819,-1.99670045,2.3711205,89.7819,-19.79751045,5.2000205,130.582,17.64488955,-1.7061795,130.196,-20.64011045,4.1335205,80.8413,14.64258955,-3.9821795,77.3157,-15.19291045,-0.0512795,43.8154,9.98458955,19.2984205,45.2898,-13.35337045,-15.1615795,5.64125,10.13418955,15.3494205,6.08607,-16.47541045,-6.2895795,2.07942,13.45998955,25.7317205,1.71923
94.5,-1.88502045,2.3552205,89.7561,-1.88502045,2.3552205,89.7561,-19.68371045,5.2267205,130.547,17.76858955,-1.6500795,130.177,-20.49111045,4.1374205,80.7941,14.77278955,-3.9082795,77.3241,-15.09631045,-0.3376795,43.8102,10.06168955,19.2749205,45.2096,-13.35867045,-15.5754795,5.67837,10.14498955,15.2008205,6.02717,-16.47961045,-6.7135795,2.08439,13.49818955,25.5385205,1.65643
95,-1.77177045,2.3376205,89.7385,-1.77177045,2.3376205,89.7385,-19.56651045,5.2545205,130.522,17.89638955,-1.5948795,130.164,-20.33911045,4.1392205,80.7539,14.90298955,-3.8328795,77.3419,-15.00001045,-0.6364795,43.8155,10.13578955,19.2485205,45.1356,-13.36482045,-15.9904795,5.72215,10.15238955,15.0393205,5.9762,-16.48621045,-7.1398795,2.09139,13.52598955,25.3335205,1.60466
95.5,-1.65560045,2.3166205,89.7289,-1.65560045,2.3166205,89.7289,-19.44771045,5.2833205,130.508,18.03218955,-1.5417795,130.157,-20.18271045,4.1423205,80.7206,15.03568955,-3.7543795,77.3699,-14.90331045,-0.9458795,43.8327,10.20768955,19.2146205,45.0627,-13.36839045,-16.4059795,5.77153,10.15338955,14.8210205,5.93586,-16.49351045,-7.5672795,2.09925,13.54548955,25.0686205,1.55876
96,-1.53668045,2.2915205,89.7334,-1.53668045,2.2915205,89.7334,-19.32261045,5.3129205,130.512,18.17328955,-1.4917795,130.161,-20.02431045,4.1382205,80.7019,15.16948955,-3.6744795,77.4119,-14.80860045,-1.2675795,43.8697,10.27668955,19.1671205,44.997,-13.36706045,-16.8223795,5.83425,10.15428955,14.5823205,5.902,-16.49721045,-7.9983795,2.11001,13.55428955,24.7880205,1.52339
96.5,-1.41574045,2.2641205,89.7442,-1.41574045,2.2641205,89.7442,-19.19561045,5.3427205,130.525,18.31738955,-1.4434795,130.171,-19.86501045,4.1327205,80.6894,15.30788955,-3.5929795,77.4609,-14.71243045,-1.5942795,43.9138,10.34408955,19.1125205,44.9327,-13.36259045,-17.2393795,5.90304,10.15448955,14.3200205,5.87279,-16.49961045,-8.4312795,2.12245,13.56008955,24.4844205,1.49295
97,-1.28985045,2.2305205,89.7754,-1.28985045,2.2305205,89.7754,-19.06121045,5.3737205,130.565,18.46808955,-1.3996795,130.199,-19.70491045,4.1164205,80.6982,15.45718955,-3.5091795,77.5298,-14.61905045,-1.9286795,43.9853,10.40888955,19.0338205,44.878,-13.34685045,-17.6558795,5.99096,10.15368955,14.0148205,5.85243,-16.49331045,-8.8668795,2.13886,13.55598955,24.1447205,1.47368
97.5,-1.16357045,2.1948205,89.8126,-1.16357045,2.1948205,89.8126,-18.92441045,5.4024205,130.612,18.61878955,-1.3568795,130.234,-19.54571045,4.0956205,80.7151,15.60538955,-3.4254795,77.6039,-14.52637045,-2.2608795,44.0629,10.47328955,18.9457205,44.8236,-13.32715045,-18.0714795,6.08704,10.15648955,13.7079205,5.83113,-16.48301045,-9.3040795,2.15768,13.55188955,23.8061205,1.45543
98,-1.03220045,2.1528205,89.8727,-1.03220045,2.1528205,89.8727,-18.78051045,5.4336205,130.688,18.77148955,-1.3186795,130.292,-19.38821045,4.0610205,80.7554,15.77188955,-3.3411795,77.6993,-14.43367045,-2.5932795,44.1672,10.53648955,18.8278205,44.7811,-13.29547045,-18.4839795,6.20526,10.15898955,13.3615205,5.81794,-16.46161045,-9.7419795,2.18086,13.54258955,23.4353205,1.44863
98.5,-0.89984045,2.1071205,89.9458,-0.89984045,2.1071205,89.9458,-18.63281045,5.4608205,130.781,18.92348955,-1.2816795,130.365,-19.23321045,4.0164205,80.8125,15.94048955,-3.2567795,77.8056,-14.34365045,-2.9150795,44.2852,10.60028955,18.6894205,44.7419,-13.25527045,-18.8920795,6.3392,10.16568955,13.0073205,5.80402,-16.43181045,-10.1792795,2.2079,13.53358955,23.0621205,1.44264
99,-0.76584045,2.0583205,90.0318,-0.76584045,2.0583205,90.0318,-18.48171045,5.4893205,130.888,19.07418955,-1.2460795,130.453,-19.07981045,3.9626205,80.8838,16.11628955,-3.1740795,77.9234,-14.25424045,-3.2300795,44.4165,10.66448955,18.5317205,44.7095,-13.20913045,-19.2959795,6.48687,10.17348955,12.6419205,5.79227,-16.39631045,-10.6154795,2.23809,13.52388955,22.6819205,1.4412
99.5,-0.63004045,2.0035205,90.1441,-0.63004045,2.0035205,90.1441,-18.32531045,5.5138205,131.027,19.22138955,-1.2114795,130.572,-18.93131045,3.8895205,80.987,16.30148955,-3.0938795,78.0633,-14.16840045,-3.5191795,44.5733,10.73118955,18.3327205,44.6881,-13.14937045,-19.6872795,6.66397,10.18498955,12.2595205,5.78181,-16.34791045,-11.0463795,2.27495,13.51518955,22.2929205,1.44339
,,,,,,,,,,,,,,,,,,,,,,,,,,,,,,,,,,,,
,4.89491045,64.6642795,,,,,,,,,,,,,,,,,,,,,,,,,,,,,,,,,,
