[Gait],,,,,,,,,,,,,,,,,,,,,,,,,,,,,,,,,,,,
氏名,周期,歩行率,立脚,%,遊脚,%,両足支持,%,ストライド,ステップ,歩隔,,,,,,,,,,,,,,,,,,,,,,,,,
Group1(R),0,0,0,0,0,0,0,0,0,0,0,,,,,,,,,,,,,,,,,,,,,,,,,
SD,0,0,0,0,0,0,0,0,0,0,0,,,,,,,,,,,,,,,,,,,,,,,,,
CV,0,0,0,0,0,0,0,0,0,0,0,,,,,,,,,,,,,,,,,,,,,,,,,
Group1(L),0,0,0,0,0,0,0,0,0,0,0,,,,,,,,,,,,,,,,,,,,,,,,,
SD,0,0,0,0,0,0,0,0,0,0,0,,,,,,,,,,,,,,,,,,,,,,,,,
CV,0,0,0,0,0,0,0,0,0,0,0,,,,,,,,,,,,,,,,,,,,,,,,,
[Data],,,,,,,,,,,,,,,,,,,,,,,,,,,,,,,,,,,,
Cycle(%),重心[x](cm),重心[y](cm),重心[z](cm),重心[x](cm),重心[y](cm),重心[z](cm),左肩峰[x](cm),左肩峰[y](cm),左肩峰[z](cm),右肩峰[x](cm),右肩峰[y](cm),右肩峰[z](cm),左大転子[x](cm),左大転子[y](cm),左大転子[z](cm),右大転子[x](cm),右大転子[y](cm),右大転子[z](cm),左外側上顆[x](cm),左外側上顆[y](cm),左外側上顆[z](cm),右外側上顆[x](cm),右外側上顆[y](cm),右外側上顆[z](cm),左外果[x](cm),左外果[y](cm),左外果[z](cm),右外果[x](cm),右外果[y](cm),右外果[z](cm),左第５中足骨頭[x](cm),左第５中足骨頭[y](cm),左第５中足骨頭[z](cm),右第５中足骨頭[x](cm),右第５中足骨頭[y](cm),右第５中足骨頭[z](cm)
0,-0.647086762,-0.284061,103.652,-0.647086762,-0.284061,103.652,-22.35703376,1.025939,148.778,20.85026624,-0.650361,148.207,-19.25123376,-3.402161,92.9286,17.86766624,0.149939,90.8708,-15.72273376,-12.618261,54.037,14.67686624,15.314539,53.6913,-10.84434376,-30.324361,11.6032,10.54246624,25.165239,9.77062,-13.78603376,-21.061361,4.26588,13.54906624,37.266639,6.38578
0.5,-0.596533762,-0.300561,103.59,-0.596533762,-0.300561,103.59,-22.26953376,0.988439,148.723,20.94216624,-0.637461,148.111,-19.23353376,-3.331061,92.8821,17.91666624,0.233939,90.8076,-15.67923376,-12.578561,53.9897,14.67706624,15.262739,53.5849,-10.84937376,-30.784861,11.7838,10.49216624,24.800339,9.65424,-13.81573376,-21.622261,4.29364,13.51426624,36.834139,6.11101
1,-0.545119762,-0.316061,103.529,-0.545119762,-0.316061,103.529,-22.18203376,0.950239,148.669,21.03666624,-0.624461,148.015,-19.21433376,-3.257961,92.8374,17.96406624,0.321539,90.7476,-15.63483376,-12.526161,53.9414,14.67846624,15.206939,53.4804,-10.85595376,-31.239061,11.9707,10.44626624,24.419039,9.53969,-13.84663376,-22.180361,4.32129,13.48486624,36.382639,5.83127
1.5,-0.492995762,-0.330261,103.469,-0.492995762,-0.330261,103.469,-22.09393376,0.912039,148.615,21.13226624,-0.610861,147.921,-19.19533376,-3.183261,92.795,18.01166624,0.411839,90.6902,-15.58813376,-12.464261,53.894,14.68146624,15.148739,53.3778,-10.86362376,-31.687461,12.1624,10.40386624,24.032439,9.4279,-13.88033376,-22.736661,4.34995,13.45826624,35.924539,5.55172
2,-0.437483762,-0.339261,103.417,-0.437483762,-0.339261,103.417,-22.00473376,0.874839,148.566,21.22956624,-0.598461,147.833,-19.16923376,-3.102461,92.7587,18.05726624,0.509539,90.6478,-15.53173376,-12.350561,53.8454,14.69266624,15.083139,53.2868,-10.87041376,-32.103461,12.3767,10.37546624,23.611939,9.33105,-13.90993376,-23.284561,4.37966,13.43816624,35.430339,5.2786
2.5,-0.380303762,-0.345361,103.371,-0.380303762,-0.345361,103.371,-21.91573376,0.837639,148.518,21.32946624,-0.586561,147.749,-19.13863376,-3.018461,92.7266,18.09886624,0.609939,90.616,-15.47153376,-12.204161,53.7962,14.70996624,15.013139,53.2046,-10.87767376,-32.498861,12.6061,10.35736624,23.172539,9.24394,-13.93733376,-23.826561,4.41162,13.42466624,34.918039,5.0134
3,-0.322673762,-0.350461,103.326,-0.322673762,-0.350461,103.326,-21.82633376,0.800439,148.472,21.42976624,-0.574361,147.666,-19.10793376,-2.933661,92.6961,18.14006624,0.711139,90.5871,-15.41033376,-12.049361,53.7473,14.72906624,14.942239,53.1249,-10.88586376,-32.888361,12.8397,10.34206624,22.731239,9.15947,-13.96573376,-24.366761,4.44557,13.41346624,34.404039,4.75186
3.5,-0.263103762,-0.350161,103.293,-0.263103762,-0.350161,103.293,-21.73583376,0.765239,148.434,21.52956624,-0.562661,147.592,-19.07103376,-2.846161,92.673,18.17716624,0.812139,90.5763,-15.34573376,-11.840261,53.6993,14.75876624,14.869639,53.0618,-10.89591376,-33.238461,13.0979,10.33896624,22.277539,9.09193,-13.99103376,-24.899661,4.49037,13.40906624,33.881539,4.5181
4,-0.202103762,-0.345461,103.27,-0.202103762,-0.345461,103.27,-21.64543376,0.731339,148.405,21.62936624,-0.552161,147.528,-19.02733376,-2.756561,92.6559,18.20836624,0.909639,90.5834,-15.27903376,-11.579261,53.6512,14.79826624,14.796739,53.0153,-10.90592376,-33.550461,13.3794,10.34696624,21.811439,9.04034,-14.01043376,-25.425961,4.54584,13.40906624,33.352739,4.31292
4.5,-0.140853762,-0.339861,103.25,-0.140853762,-0.339861,103.25,-21.55513376,0.697439,148.378,21.72966624,-0.541561,147.465,-18.98293376,-2.666261,92.6401,18.23816624,1.006339,90.5943,-15.21193376,-11.307861,53.603,14.83986624,14.723539,52.972,-10.91602376,-33.854861,13.6657,10.35766624,21.343239,8.99183,-14.02953376,-25.950261,4.60433,13.41066624,32.823239,4.11361
5,-0.078623762,-0.330061,103.241,-0.078623762,-0.330061,103.241,-21.46303376,0.664439,148.362,21.82846624,-0.531061,147.413,-18.93503376,-2.575361,92.6301,18.26516624,1.098139,90.621,-15.14703376,-10.987461,53.5534,14.89086624,14.649939,52.9437,-10.92831376,-34.118261,13.976,10.37626624,20.869939,8.95578,-14.04583376,-26.465161,4.68188,13.41856624,32.293739,3.94467
5.5,-0.016413762,-0.315161,103.246,-0.016413762,-0.315161,103.246,-21.37203376,0.633139,148.362,21.92486624,-0.522061,147.376,-18.88093376,-2.484261,92.6266,18.28626624,1.178539,90.67,-15.08723376,-10.597861,53.5025,14.95186624,14.577539,52.9363,-10.94122376,-34.321761,14.3189,10.40206624,20.387339,8.93677,-14.05493376,-26.969461,4.78635,13.42906624,31.764239,3.81977
6,0.045966238,-0.299261,103.256,0.045966238,-0.299261,103.256,-21.28123376,0.601539,148.367,22.02166624,-0.512961,147.342,-18.82633376,-2.392361,92.6248,18.30586624,1.255439,90.7247,-15.02763376,-10.191061,53.4506,15.01556624,14.504639,52.9338,-10.95358376,-34.510761,14.6699,10.43036624,19.902339,8.92185,-14.06313376,-27.469761,4.89834,13.44046624,31.234739,3.70507
6.5,0.108756238,-0.281361,103.272,0.108756238,-0.281361,103.272,-21.18853376,0.569739,148.38,22.11676624,-0.503661,147.316,-18.77033376,-2.300961,92.6246,18.32506624,1.326739,90.7875,-14.97263376,-9.754461,53.3953,15.08426624,14.430139,52.9386,-10.96598376,-34.670161,15.0365,10.46146624,19.413139,8.91203,-14.06753376,-27.959461,5.02704,13.45496624,30.704239,3.60796
7,0.169656238,-0.259561,103.305,0.169656238,-0.259561,103.305,-21.09853376,0.537639,148.415,22.20866624,-0.495561,147.309,-18.71203376,-2.211561,92.6297,18.34136624,1.380639,90.8708,-14.93213376,-9.242661,53.3355,15.15936624,14.349739,52.9612,-10.97973376,-34.749061,15.4428,10.49306624,18.913039,8.91447,-14.06613376,-28.423461,5.20228,13.47186624,30.171639,3.55641
7.5,0.230346238,-0.236461,103.344,0.230346238,-0.236461,103.344,-21.00893376,0.504839,148.458,22.30016624,-0.486961,147.309,-18.65453376,-2.121561,92.6362,18.35866624,1.427239,90.9602,-14.89483376,-8.705461,53.2734,15.23656624,14.266339,52.9888,-10.99266376,-34.800361,15.8622,10.52506624,18.408839,8.92058,-14.06313376,-28.876561,5.39406,13.48816624,29.637539,3.51824
8,0.291006238,-0.213161,103.385,0.291006238,-0.213161,103.385,-20.91873376,0.471539,148.506,22.39056624,-0.478261,147.312,-18.59653376,-2.032661,92.6421,18.37616624,1.469839,91.0521,-14.86103376,-8.155061,53.2084,15.31506624,14.179939,53.0182,-11.00412376,-34.835061,16.2888,10.55716624,17.901139,8.92776,-14.05673376,-29.319761,5.59572,13.50506624,29.101539,3.48625
8.5,0.349216238,-0.188461,103.438,0.349216238,-0.188461,103.438,-20.83133376,0.435039,148.574,22.47826624,-0.469561,147.333,-18.54063376,-1.947561,92.6499,18.39686624,1.494139,91.1553,-14.84653376,-7.544261,53.1374,15.39436624,14.075039,53.0548,-11.01605376,-34.783661,16.7512,10.58476624,17.379039,8.93919,-14.04493376,-29.713561,5.85109,13.52316624,28.556639,3.48444
9,0.406106238,-0.163461,103.497,0.406106238,-0.163461,103.497,-20.74653376,0.396739,148.652,22.56456624,-0.460061,147.363,-18.48703376,-1.863861,92.6583,18.42176624,1.509039,91.2613,-14.84013376,-6.908361,53.064,15.47216624,13.958939,53.0926,-11.02787376,-34.691861,17.2284,10.60846624,16.850839,8.95147,-14.03183376,-30.080261,6.13199,13.53986624,28.006839,3.49272
9.5,0.462656238,-0.138661,103.557,0.462656238,-0.138661,103.557,-20.66183376,0.357639,148.732,22.65006624,-0.450361,147.394,-18.43393376,-1.781161,92.6662,18.44736624,1.520439,91.3678,-14.83653376,-6.264761,52.9895,15.54966624,13.838839,53.1305,-11.03835376,-34.586661,17.7097,10.63146624,16.319839,8.96378,-14.01663376,-30.435761,6.42055,13.55626624,27.455139,3.50343
10,0.517206238,-0.115161,103.622,0.517206238,-0.115161,103.622,-20.58053376,0.314039,148.824,22.73386624,-0.439461,147.437,-18.38443376,-1.704361,92.6734,18.48036624,1.517839,91.4751,-14.84893376,-5.588661,52.913,15.62326624,13.691239,53.1653,-11.04714376,-34.409361,18.2113,10.64876624,15.774639,8.97473,-13.99553376,-30.723161,6.75094,13.57116624,26.892139,3.52358
10.5,0.569526238,-0.093261,103.691,0.569526238,-0.093261,103.691,-20.50393376,0.266439,148.923,22.81526624,-0.427861,147.487,-18.33753376,-1.631961,92.6815,18.51996624,1.506439,91.5804,-14.87213376,-4.895861,52.8383,15.69186624,13.520339,53.1957,-11.05714376,-34.180861,18.7237,10.65986624,15.221439,8.98374,-13.97373376,-30.955061,7.11024,13.58506624,26.321039,3.54648
11,0.621516238,-0.071661,103.761,0.621516238,-0.071661,103.761,-20.42783376,0.217939,149.023,22.89596624,-0.415761,147.539,-18.29133376,-1.560661,92.6897,18.56206624,1.492439,91.6846,-14.89833376,-4.198861,52.7639,15.75896624,13.344039,53.2252,-11.06696376,-33.939661,19.2385,10.66946624,14.666239,8.99208,-13.95083376,-31.172761,7.47632,13.59846624,25.747939,3.56963
11.5,0.671596238,-0.052761,103.831,0.671596238,-0.052761,103.831,-20.35593376,0.164939,149.127,22.97516624,-0.402561,147.596,-18.24903376,-1.496961,92.6975,18.61056624,1.468739,91.7843,-14.93403376,-3.490261,52.6955,15.81986624,13.139639,53.2479,-11.07340376,-33.643461,19.7567,10.67516624,14.100939,8.99783,-13.92303376,-31.313961,7.86637,13.60916624,25.167039,3.59051
12,0.719836238,-0.037461,103.903,0.719836238,-0.037461,103.903,-20.28973376,0.105839,149.232,23.05106624,-0.388661,147.658,-18.20653376,-1.441761,92.7085,18.66696624,1.439239,91.8776,-14.97763376,-2.779661,52.6392,15.87406624,12.900239,53.2614,-11.08225376,-33.290961,20.2718,10.67586624,13.527139,9.00059,-13.89413376,-31.361661,8.27593,13.61836624,24.577539,3.60557
12.5,0.767496238,-0.023161,103.974,0.767496238,-0.023161,103.974,-20.22483376,0.045139,149.336,23.12536624,-0.374261,147.721,-18.16433376,-1.389261,92.7205,18.72706624,1.407639,91.9681,-15.02483376,-2.068861,52.5862,15.92546624,12.651839,53.2726,-11.09132376,-32.921861,20.7861,10.67466624,12.951639,9.00207,-13.86353376,-31.382561,8.69099,13.62736624,23.986039,3.61868
13,0.813476238,-0.011361,104.045,0.813476238,-0.011361,104.045,-20.16423376,-0.018861,149.438,23.19816624,-0.359761,147.783,-18.12463376,-1.343261,92.7344,18.78986624,1.371639,92.0539,-15.07403376,-1.359561,52.5458,15.97166624,12.384239,53.2791,-11.09813376,-32.520261,21.2906,10.67196624,12.372439,9.00215,-13.83203376,-31.339461,9.11125,13.63446624,23.392539,3.62685
13.5,0.858766238,-0.003961,104.115,0.858766238,-0.003961,104.115,-20.10863376,-0.089161,149.536,23.26726624,-0.344861,147.85,-18.08113376,-1.308861,92.7553,18.85916624,1.332439,92.1327,-15.12393376,-0.660361,52.5293,16.01256624,12.080839,53.2772,-11.10667376,-32.066661,21.7727,10.66876624,11.787439,9.0006,-13.79813376,-31.179661,9.52997,13.63926624,22.794539,3.6259
14,0.903106238,0.001139,104.185,0.903106238,0.001139,104.185,-20.05533376,-0.162561,149.629,23.33246624,-0.330461,147.916,-18.03583376,-1.280561,92.7795,18.93076624,1.292539,92.2073,-15.17553376,0.032339,52.5248,16.04986624,11.763639,53.2722,-11.11555376,-31.589761,22.2422,10.66466624,11.200839,8.99808,-13.76193376,-30.964861,9.94564,13.64456624,22.195639,3.62119
14.5,0.946426238,0.005039,104.254,0.946426238,0.005039,104.254,-20.00493376,-0.237461,149.719,23.39676624,-0.316661,147.981,-17.99113376,-1.255661,92.8065,19.00236624,1.251439,92.2798,-15.22553376,0.720639,52.5311,16.08476624,11.438639,53.2657,-11.12347376,-31.098761,22.7001,10.66046624,10.614339,8.99535,-13.72693376,-30.713261,10.3571,13.64916624,21.597539,3.61408
15,0.988996238,0.004239,104.323,0.988996238,0.004239,104.323,-19.95993376,-0.317961,149.8,23.45516624,-0.303961,148.047,-17.94033376,-1.244161,92.8454,19.07536624,1.207939,92.347,-15.26833376,1.390839,52.5748,16.11616624,11.083939,53.2554,-11.13165376,-30.560261,23.1123,10.65916624,10.026139,8.99313,-13.69053376,-30.328961,10.7416,13.65176624,21.000639,3.59996
15.5,1.031136238,0.001039,104.392,1.031136238,0.001039,104.392,-19.91623376,-0.401461,149.876,23.50946624,-0.293161,148.115,-17.88543376,-1.239561,92.8899,19.14706624,1.165039,92.4123,-15.30753376,2.050939,52.6365,16.14666624,10.719139,53.2444,-11.13981376,-30.000761,23.4983,10.65976624,9.437339,8.99147,-13.65223376,-29.880561,11.107,13.65506624,20.404839,3.58412
16,1.072706238,-0.002761,104.461,1.072706238,-0.002761,104.461,-19.87423376,-0.485561,149.949,23.56236624,-0.283261,148.181,-17.82973376,-1.236761,92.9365,19.21806624,1.122239,92.4766,-15.34493376,2.706639,52.7058,16.17636624,10.351539,53.2332,-11.14764376,-29.433761,23.8736,10.66076624,8.849239,8.99005,-13.61433376,-29.409161,11.4648,13.65826624,19.809739,3.56776
16.5,1.112766238,-0.010161,104.531,1.112766238,-0.010161,104.531,-19.83793376,-0.573361,150.013,23.60806624,-0.276361,148.25,-17.76753376,-1.244461,92.9976,19.28356624,1.076939,92.5393,-15.36983376,3.342639,52.8161,16.20566624,9.968039,53.2241,-11.15332376,-28.829261,24.1887,10.66546624,8.262639,8.9906,-13.57863376,-28.818161,11.777,13.66136624,19.218839,3.55048
17,1.152696238,-0.019461,104.602,1.152696238,-0.019461,104.602,-19.80163376,-0.662561,150.073,23.64996624,-0.272161,148.321,-17.70183376,-1.258161,93.0656,19.34496624,1.031239,92.6025,-15.38723376,3.967239,52.9477,16.23656624,9.579839,53.2174,-11.15848376,-28.204461,24.4635,10.67396624,7.675839,8.99266,-13.54143376,-28.160761,12.0522,13.66506624,18.629839,3.5351
17.5,1.192106238,-0.029461,104.673,1.192106238,-0.029461,104.673,-19.76633376,-0.752261,150.13,23.68986624,-0.269361,148.392,-17.63503376,-1.273661,93.1352,19.40436624,0.985739,92.6656,-15.40233376,4.588039,53.0858,16.26796624,9.190539,53.2112,-11.16250376,-27.573161,24.7255,10.68336624,7.088939,8.99539,-13.50453376,-27.482561,12.3169,13.66876624,18.041439,3.52034
18,1.229666238,-0.041161,104.745,1.229666238,-0.041161,104.745,-19.73583376,-0.842461,150.182,23.72286624,-0.270561,148.466,-17.56223376,-1.292661,93.2162,19.45506624,0.937539,92.7293,-15.40553376,5.190839,53.2546,16.30116624,8.798139,53.2094,-11.16322376,-26.915361,24.9283,10.69476624,6.503639,9.00009,-13.47063376,-26.720461,12.5295,13.67326624,17.454639,3.50943
18.5,1.265976238,-0.053961,104.82,1.265976238,-0.053961,104.82,-19.70583376,-0.931861,150.232,23.75246624,-0.274261,148.545,-17.49153376,-1.315161,93.3037,19.49946624,0.885739,92.7944,-15.40073376,5.781639,53.4435,16.33726624,8.405139,53.2123,-11.16159376,-26.235761,25.0793,10.70896624,5.917839,9.006,-13.43783376,-25.896661,12.6932,13.67916624,16.869239,3.50365
19,1.301406238,-0.067361,104.894,1.301406238,-0.067361,104.894,-19.67673376,-1.020961,150.28,23.77976624,-0.280361,148.626,-17.42053376,-1.338961,93.3925,19.53996624,0.833439,92.86,-15.39213376,6.367239,53.64,16.37476624,8.012939,53.2164,-11.15780376,-25.547261,25.2084,10.72456624,5.331339,9.01297,-13.40673376,-25.047161,12.8369,13.68466624,16.283739,3.49971
19.5,1.335316238,-0.081261,104.969,1.335316238,-0.081261,104.969,-19.65023376,-1.108061,150.326,23.80246624,-0.289361,148.71,-17.34683376,-1.361261,93.4862,19.57356624,0.777939,92.9258,-15.37703376,6.939139,53.8499,16.41446624,7.622139,53.2235,-11.15045376,-24.840961,25.2934,10.74006624,4.743739,9.02085,-13.37663376,-24.152961,12.9383,13.69086624,15.696039,3.49999
20,1.366166238,-0.095361,105.045,1.366166238,-0.095361,105.045,-19.62583376,-1.192361,150.373,23.82176624,-0.299761,148.8,-17.28043376,-1.382461,93.5835,19.59986624,0.716739,92.9917,-15.35693376,7.497539,54.0727,16.45596624,7.232039,53.2346,-11.13901376,-24.112861,25.3265,10.75526624,4.154839,9.02887,-13.35033376,-23.211661,12.9913,13.69896624,15.107139,3.5058
20.5,1.395096238,-0.109561,105.12,1.395096238,-0.109561,105.12,-19.60303376,-1.273761,150.419,23.83926624,-0.312661,148.893,-17.21883376,-1.402661,93.6801,19.62136624,0.652539,93.0571,-15.33343376,8.046639,54.301,16.49916624,6.843339,53.2468,-11.12465376,-23.369661,25.3239,10.77076624,3.564139,9.03757,-13.32863376,-22.240661,13.0117,13.70626624,14.516339,3.51399
21,1.422896238,-0.123761,105.195,1.422896238,-0.123761,105.195,-19.58133376,-1.352661,150.465,23.85456624,-0.326761,148.988,-17.15753376,-1.420361,93.7768,19.63966624,0.585739,93.1216,-15.30863376,8.586539,54.5312,16.54306624,6.454839,53.2596,-11.10781376,-22.615961,25.2974,10.78546624,2.971239,9.04641,-13.30643376,-21.251661,13.0083,13.71336624,13.922539,3.52392
21.5,1.446156238,-0.137561,105.269,1.446156238,-0.137561,105.269,-19.56283376,-1.425661,150.513,23.86716624,-0.341061,149.089,-17.10893376,-1.432861,93.8719,19.65096624,0.511539,93.183,-15.28283376,9.106939,54.7641,16.58646624,6.065539,53.2737,-11.08561376,-21.835961,25.2151,10.79666624,2.374739,9.05439,-13.28943376,-20.223461,12.9543,13.72196624,13.323839,3.53738
22,1.466466238,-0.150861,105.34,1.466466238,-0.150861,105.34,-19.54673376,-1.494261,150.561,23.87896624,-0.355161,149.191,-17.07023376,-1.442361,93.9638,19.65996624,0.433039,93.2413,-15.25823376,9.615539,54.996,16.62966624,5.674339,53.2871,-11.06136376,-21.040361,25.102,10.80626624,1.776339,9.06201,-13.27863376,-19.175661,12.8751,13.72976624,12.722339,3.55109
22.5,1.485586238,-0.164161,105.411,1.485586238,-0.164161,105.411,-19.53123376,-1.560361,150.61,23.88986624,-0.369561,149.294,-17.03463376,-1.449961,94.0537,19.66756624,0.352439,93.2979,-15.23413376,10.116839,55.2262,16.67206624,5.282139,53.2999,-11.03597376,-20.236161,24.9725,10.81476624,1.176239,9.06947,-13.26873376,-18.117561,12.781,13.73696624,12.118839,3.56467
23,1.500036238,-0.176561,105.477,1.500036238,-0.176561,105.477,-19.51883376,-1.618361,150.659,23.89976624,-0.382461,149.4,-17.01453376,-1.451661,94.137,19.67166624,0.265039,93.3479,-15.21343376,10.593339,55.4491,16.71086624,4.884839,53.3105,-11.00661376,-19.404361,24.7937,10.81906624,0.571239,9.07584,-13.26253376,-17.028961,12.6448,13.74386624,11.509439,3.57739
23.5,1.510416238,-0.188461,105.539,1.510416238,-0.188461,105.539,-19.50953376,-1.671461,150.707,23.90796624,-0.392061,149.506,-17.00733376,-1.449961,94.2154,19.67506624,0.173039,93.3921,-15.19733376,11.053339,55.6664,16.74666624,4.481939,53.3186,-10.97589376,-18.554961,24.5871,10.82026624,-0.035161,9.08149,-13.26523376,-15.923861,12.4913,13.74976624,10.897739,3.58771
24,1.519816238,-0.200161,105.6,1.519816238,-0.200161,105.6,-19.50103376,-1.722561,150.755,23.91686624,-0.401161,149.611,-17.00373376,-1.446961,94.2919,19.67796624,0.079339,93.4344,-15.18263376,11.507339,55.8815,16.78106624,4.077639,53.326,-10.94585376,-17.698361,24.3695,10.82026624,-0.641961,9.08679,-13.26993376,-14.811761,12.3296,13.75536624,10.285039,3.59685
24.5,1.524316238,-0.211061,105.654,1.524316238,-0.211061,105.654,-19.49463376,-1.764361,150.802,23.92476624,-0.406761,149.715,-17.01903376,-1.441161,94.3585,19.68136624,-0.019261,93.4676,-15.17353376,11.931539,56.0844,16.80796624,3.664439,53.3289,-10.91494376,-16.812661,24.107,10.81696624,-1.252361,9.09146,-13.27903376,-13.670161,12.136,13.75896624,9.669639,3.60132
25,1.525756238,-0.221561,105.704,1.525756238,-0.221561,105.704,-19.49063376,-1.802761,150.845,23.93086624,-0.407461,149.816,-17.04223376,-1.433861,94.421,19.68446624,-0.120761,93.495,-15.16803376,12.338339,56.2805,16.83076624,3.245739,53.3291,-10.88423376,-15.911161,23.824,10.81156624,-1.862861,9.09611,-13.29693376,-12.513261,11.9343,13.76086624,9.053239,3.60193
25.5,1.525456238,-0.231561,105.75,1.525456238,-0.231561,105.75,-19.48793376,-1.838261,150.888,23.93716624,-0.405661,149.915,-17.07093376,-1.425261,94.4808,19.68766624,-0.224361,93.5186,-15.16543376,12.733139,56.4725,16.85026624,2.824039,53.3279,-10.85570376,-14.997961,23.5257,10.80436624,-2.472961,9.10039,-13.31823376,-11.344461,11.7243,13.76256624,8.436939,3.60011
26,1.521856238,-0.241261,105.791,1.521856238,-0.241261,105.791,-19.48573376,-1.867961,150.926,23.94226624,-0.400061,150.008,-17.11343376,-1.418661,94.5338,19.69276624,-0.329361,93.5354,-15.16523376,13.103939,56.6559,16.86266624,2.396139,53.3239,-10.82966376,-14.063061,23.1971,10.79626624,-3.082461,9.10504,-13.34603376,-10.151261,11.4997,13.76256624,7.822539,3.59395
26.5,1.516246238,-0.250661,105.826,1.516246238,-0.250661,105.826,-19.48493376,-1.894661,150.96,23.94536624,-0.389661,150.097,-17.16003376,-1.413561,94.5827,19.69806624,-0.435561,93.5467,-15.16603376,13.454439,56.832,16.87016624,1.965139,53.3174,-10.80577376,-13.111061,22.8476,10.78786624,-3.691061,9.11067,-13.38153376,-8.938061,11.2681,13.76006624,7.208939,3.58382
27,1.509046238,-0.259561,105.857,1.509046238,-0.259561,105.857,-19.48473376,-1.919361,150.991,23.94686624,-0.374261,150.181,-17.20943376,-1.408861,94.6295,19.70276624,-0.542961,93.5538,-15.16753376,13.787239,57.0028,16.87336624,1.532139,53.3099,-10.78556376,-12.143461,22.4798,10.77836624,-4.297561,9.11664,-13.42243376,-7.706361,11.0303,13.75736624,6.597339,3.57128
27.5,1.500336238,-0.268361,105.884,1.500336238,-0.268361,105.884,-19.48413376,-1.941761,151.018,23.94696624,-0.356161,150.259,-17.26533376,-1.407561,94.673,19.70876624,-0.649761,93.5574,-15.16783376,14.103339,57.169,16.87226624,1.097839,53.3017,-10.76880376,-11.161761,22.093,10.76906624,-4.901561,9.12341,-13.46953376,-6.456161,10.7868,13.75416624,5.988739,3.557
28,1.490396238,-0.277061,105.905,1.490396238,-0.277061,105.905,-19.48363376,-1.961861,151.039,23.94376624,-0.333661,150.33,-17.32203376,-1.411361,94.7127,19.71476624,-0.756061,93.5561,-15.16463376,14.394239,57.3271,16.86626624,0.664739,53.292,-10.75720376,-10.159161,21.6818,10.76156624,-5.502061,9.13229,-13.52563376,-5.177961,10.5371,13.74856624,5.383539,3.5404
28.5,1.480326238,-0.285361,105.923,1.480326238,-0.285361,105.923,-19.48263376,-1.982061,151.055,23.93766624,-0.306061,150.395,-17.37473376,-1.417161,94.7512,19.71906624,-0.862061,93.5526,-15.15703376,14.667039,57.4794,16.85766624,0.234539,53.2825,-10.74944376,-9.141261,21.2553,10.75456624,-6.099761,9.14217,-13.58773376,-3.879961,10.2842,13.74246624,4.780839,3.52327
29,1.469926238,-0.293661,105.938,1.469926238,-0.293661,105.938,-19.48103376,-2.002061,151.069,23.93036624,-0.276461,150.455,-17.42833376,-1.425561,94.7886,19.72336624,-0.966761,93.5473,-15.14613376,14.927339,57.628,16.84716624,-0.193861,53.2732,-10.74455376,-8.113261,20.8166,10.74766624,-6.694961,9.15292,-13.65423376,-2.568061,10.0284,13.73696624,4.180339,3.50662
29.5,1.459336238,-0.302161,105.947,1.459336238,-0.302161,105.947,-19.47813376,-2.022061,151.076,23.91756624,-0.243561,150.506,-17.47803376,-1.440561,94.8221,19.72646624,-1.069461,93.5387,-15.12583376,15.158939,57.7663,16.83396624,-0.615061,53.2639,-10.74671376,-7.061661,20.3538,10.74346624,-7.284661,9.16627,-13.73143376,-1.224061,9.76893,13.73046624,3.583939,3.4913
30,1.449926238,-0.310261,105.951,1.449926238,-0.310261,105.951,-19.47473376,-2.043061,151.079,23.90236624,-0.206661,150.551,-17.51883376,-1.457661,94.854,19.72756624,-1.170861,93.529,-15.09773376,15.370739,57.8954,16.82056624,-1.028661,53.2552,-10.75312376,-5.993561,19.88,10.74086624,-7.871561,9.18075,-13.81353376,0.139439,9.5085,13.72366624,2.989239,3.47749
30.5,1.440826238,-0.318361,105.955,1.440826238,-0.318361,105.955,-19.47063376,-2.065061,151.079,23.88536624,-0.168461,150.592,-17.55693376,-1.476461,94.8848,19.72746624,-1.270861,93.5185,-15.06433376,15.572439,58.0202,16.80676624,-1.438961,53.2468,-10.76111376,-4.917061,19.3984,10.73826624,-8.456761,9.1961,-13.89873376,1.513839,9.24654,13.71766624,2.395639,3.46552
31,1.432976238,-0.326761,105.951,1.432976238,-0.326761,105.951,-19.46513376,-2.089161,151.074,23.86286624,-0.127361,150.623,-17.58463376,-1.499461,94.9106,19.72506624,-1.367461,93.5054,-15.01783376,15.739739,58.127,16.79426624,-1.837061,53.239,-10.77628376,-3.814061,18.9002,10.73746624,-9.036961,9.21356,-13.99343376,2.918439,8.98584,13.71246624,1.803539,3.45821
31.5,1.426206238,-0.334961,105.944,1.426206238,-0.334961,105.944,-19.45973376,-2.113761,151.066,23.83886624,-0.085161,150.649,-17.60583376,-1.523161,94.9329,19.72176624,-1.462661,93.4914,-14.96523376,15.890839,58.2231,16.78316624,-2.228261,53.2313,-10.79483376,-2.697961,18.3992,10.73776624,-9.615561,9.23155,-14.08973376,4.335639,8.72773,13.70796624,1.211839,3.45324
32,1.420206238,-0.342961,105.935,1.420206238,-0.342961,105.935,-19.45433376,-2.139561,151.056,23.81246624,-0.041661,150.671,-17.62143376,-1.548061,94.9522,19.71686624,-1.555361,93.4764,-14.90433376,16.026539,58.3093,16.77296624,-2.613961,53.2236,-10.81523376,-1.568961,17.8942,10.73826624,-10.192961,9.25037,-14.18973376,5.765739,8.47177,13.70406624,0.620439,3.45123
32.5,1.416036238,-0.351361,105.919,1.416036238,-0.351361,105.919,-19.44923376,-2.167961,151.041,23.78306624,0.003639,150.683,-17.62423376,-1.572561,94.9642,19.70936624,-1.645261,93.4581,-14.83333376,16.127239,58.3708,16.76616624,-2.988461,53.2152,-10.84035376,-0.415961,17.3865,10.73836624,-10.768361,9.27016,-14.29303376,7.215439,8.2234,13.70186624,0.027139,3.45384
33,1.412606238,-0.359561,105.899,1.412606238,-0.359561,105.899,-19.44443376,-2.196461,151.024,23.75226624,0.049139,150.691,-17.62263376,-1.595761,94.9706,19.70186624,-1.732961,93.4383,-14.75813376,16.210539,58.418,16.76156624,-3.357661,53.2066,-10.86856376,0.749339,16.8835,10.73866624,-11.343161,9.28981,-14.39613376,8.673139,7.98327,13.70096624,-0.566761,3.4588
33.5,1.409666238,-0.367661,105.876,1.409666238,-0.367661,105.876,-19.44153376,-2.224961,151.005,23.71976624,0.094639,150.693,-17.61623376,-1.618761,94.9701,19.69396624,-1.817161,93.4157,-14.67693376,16.272039,58.4476,16.75886624,-3.721961,53.1969,-10.89908376,1.930239,16.3867,10.73836624,-11.917661,9.30981,-14.50003376,10.140939,7.75408,13.70106624,-1.161661,3.46646
34,1.407706238,-0.375861,105.846,1.407706238,-0.375861,105.846,-19.44113376,-2.254261,150.981,23.68696624,0.141139,150.688,-17.60133376,-1.638661,94.9619,19.68466624,-1.898761,93.3894,-14.59213376,16.305039,58.4536,16.75886624,-4.080261,53.1855,-10.93194376,3.127939,15.8996,10.73686624,-12.492761,9.32978,-14.60163376,11.616539,7.53851,13.70206624,-1.758861,3.47609
34.5,1.406286238,-0.383761,105.811,1.406286238,-0.383761,105.811,-19.44203376,-2.283461,150.956,23.65326624,0.188139,150.677,-17.58213376,-1.654661,94.9445,19.67586624,-1.976961,93.3598,-14.50573376,16.313839,58.4375,16.76106624,-4.434461,53.1733,-10.96733376,4.338139,15.428,10.73376624,-13.068461,9.34898,-14.70003376,13.094839,7.34093,13.70456624,-2.357761,3.48684
35,1.404246238,-0.391661,105.772,1.404246238,-0.391661,105.772,-19.44633376,-2.310361,150.927,23.61976624,0.233639,150.66,-17.56323376,-1.669061,94.9184,19.66846624,-2.050861,93.3259,-14.42103376,16.300439,58.4014,16.76456624,-4.787361,53.1594,-11.00491376,5.558639,14.9756,10.72936624,-13.644861,9.36813,-14.79243376,14.573639,7.16456,13.70856624,-2.957761,3.49864
35.5,1.402056238,-0.399361,105.728,1.402056238,-0.399361,105.728,-19.45453376,-2.336161,150.895,23.58646624,0.279739,150.638,-17.54063376,-1.680761,94.8853,19.66106624,-2.121961,93.2883,-14.33723376,16.265639,58.3467,16.76886624,-5.137761,53.144,-11.04389376,6.789339,14.5381,10.72396624,-14.222061,9.38694,-14.88113376,16.053339,7.00543,13.71236624,-3.558561,3.51002
36,1.399296238,-0.406461,105.677,1.399296238,-0.406461,105.677,-19.46713376,-2.360061,150.858,23.55466624,0.326339,150.607,-17.51663376,-1.686161,94.8397,19.65496624,-2.187361,93.245,-14.25913376,16.200439,58.2629,16.77416624,-5.485861,53.1269,-11.08427376,8.025839,14.1341,10.71546624,-14.801061,9.40476,-14.95903376,17.522239,6.88053,13.71716624,-4.160761,3.51943
36.5,1.395146238,-0.413561,105.623,1.395146238,-0.413561,105.623,-19.48243376,-2.380561,150.819,23.52326624,0.370939,150.571,-17.49653376,-1.690061,94.787,19.65046624,-2.248161,93.1976,-14.18813376,16.120439,58.1649,16.77866624,-5.834761,53.1087,-11.12546376,9.260839,13.7542,10.70576624,-15.380661,9.42266,-15.02703376,18.980639,6.77985,13.72276624,-4.762861,3.52823
37,1.389766238,-0.420261,105.565,1.389766238,-0.420261,105.565,-19.50223376,-2.398461,150.776,23.49236624,0.415439,150.53,-17.47723376,-1.692161,94.728,19.64736624,-2.305161,93.1466,-14.12263376,16.023139,58.0519,16.78276624,-6.182861,53.0897,-11.16808376,10.499439,13.3951,10.69506624,-15.960661,9.44027,-15.08913376,20.432939,6.70219,13.72796624,-5.364561,3.53517
37.5,1.381796238,-0.426161,105.5,1.381796238,-0.426161,105.5,-19.52963376,-2.411461,150.725,23.46396624,0.459539,150.48,-17.46183376,-1.688561,94.6572,19.64546624,-2.353961,93.0891,-14.07113376,15.900239,57.9138,16.78436624,-6.527661,53.0695,-11.20981376,11.722939,13.0825,10.68216624,-16.541161,9.45807,-15.13243376,21.851439,6.67087,13.73276624,-5.964761,3.53744
38,1.372616238,-0.431861,105.434,1.372616238,-0.431861,105.434,-19.55823376,-2.421861,150.673,23.43596624,0.502339,150.427,-17.44993376,-1.684361,94.5827,19.64416624,-2.398861,93.0291,-14.02623376,15.771639,57.7693,16.78426624,-6.872061,53.049,-11.25075376,12.935139,12.7885,10.66816624,-17.121561,9.47629,-15.16723376,23.252939,6.65723,13.73746624,-6.564061,3.53849
38.5,1.361036238,-0.437261,105.364,1.361036238,-0.437261,105.364,-19.59133376,-2.428361,150.616,23.40866624,0.543739,150.368,-17.44323376,-1.678461,94.5026,19.64406624,-2.437861,92.9651,-13.99343376,15.629639,57.6128,16.78186624,-7.214461,53.0287,-11.29129376,14.133139,12.5268,10.65356624,-17.701361,9.49523,-15.18843376,24.628839,6.67646,13.74156624,-7.161861,3.53665
39,1.345816238,-0.441461,105.29,1.345816238,-0.441461,105.29,-19.63193376,-2.428561,150.552,23.38206624,0.583739,150.304,-17.44343376,-1.670161,94.4157,19.64466624,-2.467861,92.8969,-13.97523376,15.477239,57.4448,16.77546624,-7.549061,53.0085,-11.32912376,15.293939,12.3055,10.63866624,-18.278561,9.51605,-15.19163376,25.953139,6.73568,13.74466624,-7.755761,3.53105
39.5,1.328976238,-0.445561,105.215,1.328976238,-0.445561,105.215,-19.67473376,-2.426661,150.485,23.35576624,0.622539,150.236,-17.44693376,-1.661461,94.3266,19.64436624,-2.493561,92.8265,-13.96373376,15.323439,57.2742,16.76636624,-7.879961,52.9881,-11.36417376,16.430639,12.1022,10.62336624,-18.854561,9.53831,-15.18513376,27.247639,6.81083,13.74686624,-8.348261,3.524
40,1.309946238,-0.449361,105.139,1.309946238,-0.449361,105.139,-19.71953376,-2.421361,150.415,23.33006624,0.659039,150.164,-17.45613376,-1.651661,94.2353,19.64336624,-2.513261,92.7538,-13.96363376,15.168139,57.1005,16.75386624,-8.203861,52.9687,-11.39493376,17.529639,11.9274,10.60796624,-19.428461,9.56285,-15.16243376,28.495439,6.91113,13.74786624,-8.938661,3.51516
40.5,1.287116238,-0.451761,105.061,1.287116238,-0.451761,105.061,-19.77013376,-2.409861,150.338,23.30226624,0.693139,150.089,-17.47223376,-1.640461,94.1412,19.64166624,-2.523261,92.6788,-13.97623376,15.015239,56.9252,16.73786624,-8.514361,52.9503,-11.42071376,18.569539,11.7853,10.59386624,-19.997561,9.59117,-15.12353376,29.671839,7.04076,13.74846624,-9.525461,3.50517
41,1.261906238,-0.454061,104.982,1.261906238,-0.454061,104.982,-19.82443376,-2.396061,150.257,23.27346624,0.725039,150.012,-17.49233376,-1.629461,94.0464,19.63786624,-2.528461,92.6021,-13.99453376,14.867539,56.7524,16.71886624,-8.815361,52.9311,-11.44128376,19.566339,11.6581,10.58036624,-20.563361,9.62278,-15.07333376,30.799439,7.18087,13.74806624,-10.110461,3.49532
41.5,1.235336238,-0.456161,104.903,1.235336238,-0.456161,104.903,-19.87903376,-2.380061,150.173,23.24496624,0.754439,149.932,-17.51563376,-1.617061,93.952,19.63076624,-2.527961,92.5246,-14.01833376,14.729039,56.5834,16.69626624,-9.102961,52.9128,-11.45343376,20.502039,11.5482,10.56776624,-21.125461,9.65822,-15.01073376,31.857939,7.32942,13.74596624,-10.693761,3.48542
42,1.206176238,-0.457461,104.824,1.206176238,-0.457461,104.824,-19.93613376,-2.360661,150.086,23.21326624,0.780739,149.852,-17.54353376,-1.602461,93.8574,19.62126624,-2.520361,92.4462,-14.04893376,14.600739,56.4184,16.67206624,-9.375161,52.8948,-11.45853376,21.370939,11.4573,10.55676624,-21.682861,9.69875,-14.93513376,32.840139,7.48761,13.74426624,-11.275861,3.47748
42.5,1.174046238,-0.458561,104.745,1.174046238,-0.458561,104.745,-19.99743376,-2.338361,149.994,23.17726624,0.802939,149.77,-17.57503376,-1.587061,93.7633,19.60816624,-2.505761,92.3664,-14.08243376,14.489039,56.2618,16.64506624,-9.627161,52.8749,-11.45353376,22.154839,11.3768,10.54786624,-22.234061,9.74589,-14.84703376,33.728339,7.6431,13.74226624,-11.856661,3.4731
43,1.141486238,-0.459561,104.665,1.141486238,-0.459561,104.665,-20.05943376,-2.315361,149.901,23.14136624,0.823239,149.687,-17.60683376,-1.569261,93.6699,19.59176624,-2.488261,92.2865,-14.11433376,14.387539,56.1098,16.61666624,-9.866961,52.8546,-11.44086376,22.886139,11.2987,10.53996624,-22.781961,9.79679,-14.75513376,34.557739,7.79014,13.73936624,-12.437161,3.47008
43.5,1.107486238,-0.460361,104.586,1.107486238,-0.460361,104.586,-20.12163376,-2.291061,149.805,23.10286624,0.840139,149.603,-17.64143376,-1.547261,93.5767,19.57096624,-2.465561,92.2059,-14.14713376,14.300839,55.9637,16.58716624,-10.088861,52.8331,-11.41780376,23.538039,11.2294,10.53406624,-23.325561,9.8541,-14.65223376,35.298539,7.92852,13.73686624,-13.018161,3.47073
44,1.071426238,-0.461061,104.506,1.071426238,-0.461061,104.506,-20.18683376,-2.264761,149.706,23.05696624,0.851439,149.52,-17.67603376,-1.520361,93.4838,19.54616624,-2.435461,92.1238,-14.17623376,14.238939,55.8281,16.55716624,-10.282761,52.8072,-11.38147376,24.067839,11.1585,10.53086624,-23.862161,9.92139,-14.54183376,35.903139,8.03655,13.73606624,-13.600361,3.47852
44.5,1.035076238,-0.461961,104.426,1.035076238,-0.461961,104.426,-20.25363376,-2.238261,149.604,23.01086624,0.861439,149.436,-17.71043376,-1.491161,93.3909,19.51956624,-2.404361,92.0414,-14.20223376,14.182539,55.6947,16.52686624,-10.469661,52.7805,-11.34068376,24.565839,11.0847,10.52836624,-24.396761,9.99134,-14.43223376,36.471739,8.13316,13.73516624,-14.182761,3.48759
45,0.998096238,-0.462861,104.345,0.998096238,-0.462861,104.345,-20.32103376,-2.211261,149.501,22.96196624,0.867439,149.35,-17.74513376,-1.454361,93.2969,19.48776624,-2.368861,91.958,-14.22113376,14.146139,55.5681,16.49606624,-10.633761,52.7495,-11.28617376,24.958439,11.007,10.52866624,-24.926461,10.0703,-14.31743376,36.922439,8.19488,13.73516624,-14.766661,3.50172
45.5,0.960376238,-0.464161,104.262,0.960376238,-0.464161,104.262,-20.38983376,-2.183961,149.396,22.90706624,0.868739,149.263,-17.77763376,-1.409161,93.2019,19.45326624,-2.328461,91.8726,-14.23383376,14.127439,55.4467,16.46576624,-10.774961,52.7132,-11.22177376,25.241639,10.9217,10.53096624,-25.451761,10.1592,-14.20233376,37.248639,8.21276,13.73776624,-15.352661,3.52163
46,0.922496238,-0.465561,104.178,0.922496238,-0.465561,104.178,-20.45993376,-2.156361,149.289,22.85046624,0.868439,149.175,-17.80933376,-1.360361,93.1064,19.41826624,-2.286561,91.7868,-14.24293376,14.115239,55.327,16.43596624,-10.907961,52.675,-11.15358376,25.485839,10.8314,10.53406624,-25.975361,10.2516,-14.08913376,37.530039,8.21251,13.74146624,-15.939461,3.54343
46.5,0.884026238,-0.467161,104.092,0.884026238,-0.467161,104.092,-20.53313376,-2.128261,149.179,22.79116624,0.864539,149.085,-17.83993376,-1.302961,93.0087,19.38016624,-2.241761,91.6997,-14.24263376,14.116839,55.211,16.40556624,-11.022761,52.632,-11.07631376,25.638539,10.73,10.53986624,-26.494961,10.353,-13.98053376,37.706939,8.16776,13.74656624,-16.527161,3.56842
47,0.845316238,-0.469361,104.003,0.845316238,-0.469361,104.003,-20.60713376,-2.100761,149.067,22.72816624,0.856539,148.991,-17.86823376,-1.235261,92.9092,19.34086624,-2.193361,91.6108,-14.23663376,14.130039,55.0968,16.37446624,-11.117161,52.5831,-10.99323376,25.691339,10.6207,10.54766624,-27.010861,10.4649,-13.87643376,37.768539,8.07354,13.75396624,-17.115761,3.59618
47.5,0.806766238,-0.471461,103.913,0.806766238,-0.471461,103.913,-20.68213376,-2.072761,148.954,22.66316624,0.847339,148.896,-17.89483376,-1.161961,92.8093,19.30256624,-2.142661,91.5213,-14.22753376,14.147739,54.9829,16.34366624,-11.201961,52.5317,-10.90845376,25.697939,10.5058,10.55616624,-27.525161,10.5818,-13.77753376,37.775739,7.95371,13.76316624,-17.704761,3.62471
48,0.767116238,-0.473361,103.821,0.767116238,-0.473361,103.821,-20.76093376,-2.043461,148.839,22.59526624,0.835539,148.797,-17.92093376,-1.081661,92.7079,19.26396624,-2.089761,91.4315,-14.21373376,14.171639,54.8705,16.31156624,-11.275161,52.4775,-10.82204376,25.645639,10.3831,10.56666624,-28.036061,10.7063,-13.68703376,37.713739,7.8004,13.77456624,-18.293661,3.65397
48.5,0.726996238,-0.475661,103.727,0.726996238,-0.475661,103.727,-20.84153376,-2.014961,148.721,22.52516624,0.820139,148.694,-17.94533376,-0.992261,92.606,19.22606624,-2.032961,91.3413,-14.19683376,14.202339,54.7597,16.27636624,-11.326961,52.418,-10.73592376,25.505139,10.2545,10.57976624,-28.541661,10.8423,-13.60693376,37.549239,7.60017,13.78716624,-18.880361,3.68228
49,0.686536238,-0.477261,103.632,0.686536238,-0.477261,103.632,-20.92383376,-1.985261,148.601,22.45406624,0.803539,148.587,-17.96883376,-0.895461,92.5058,19.19076624,-1.972861,91.2515,-14.18073376,14.232739,54.6489,16.23956624,-11.365061,52.3565,-10.65356376,25.314439,10.1237,10.59376624,-29.042961,10.9866,-13.53803376,37.324239,7.37179,13.80136624,-19.465361,3.70863
49.5,0.645056238,-0.478361,103.537,0.645056238,-0.478361,103.537,-21.00763376,-1.954561,148.481,22.38086624,0.786039,148.48,-17.99253376,-0.795561,92.4066,19.15636624,-1.910861,91.1627,-14.16573376,14.264639,54.5397,16.20056624,-11.395861,52.2944,-10.57433376,25.098339,9.99239,10.60856624,-29.541161,11.136,-13.47443376,37.069139,7.13062,13.81696624,-20.049461,3.73449
50,0.602206238,-0.478761,103.443,0.602206238,-0.478761,103.443,-21.09433376,-1.923361,148.36,22.30486624,0.765639,148.369,-18.01493376,-0.690661,92.3101,19.12466624,-1.844261,91.0762,-14.15333376,14.300439,54.4344,16.15666624,-11.404061,52.2298,-10.50227376,24.820539,9.86003,10.62586624,-30.030561,11.297,-13.42573376,36.741239,6.86001,13.83356624,-20.629461,3.75737
50.5,0.557386238,-0.477161,103.35,0.557386238,-0.477161,103.35,-21.18393376,-1.890161,148.238,22.22936624,0.743939,148.255,-18.03953376,-0.579661,92.2221,19.09596624,-1.771961,90.9935,-14.14973376,14.330939,54.3338,16.10736624,-11.385561,52.1648,-10.44332376,24.493239,9.73483,10.64496624,-30.506161,11.4729,-13.39473376,36.354539,6.5722,13.84966624,-21.203361,3.77638
51,0.512176238,-0.475161,103.258,0.512176238,-0.475161,103.258,-21.27303376,-1.856561,148.116,22.15276624,0.722239,148.142,-18.06443376,-0.468261,92.1359,19.06806624,-1.698761,90.9119,-14.14843376,14.361939,54.2347,16.05656624,-11.362661,52.1,-10.38698376,24.159939,9.61165,10.66386624,-30.979361,11.6513,-13.36493376,35.961139,6.28378,13.86636624,-21.776661,3.79533
51.5,0.464166238,-0.470461,103.171,0.464166238,-0.470461,103.171,-21.36463376,-1.821261,147.996,22.07256624,0.698639,148.03,-18.08943376,-0.355661,92.0602,19.04356624,-1.618861,90.8366,-14.15953376,14.394139,54.145,15.99846624,-11.306461,52.0355,-10.34626376,23.784239,9.49734,10.68446624,-31.434261,11.8455,-13.35263376,35.517539,5.99006,13.88356624,-22.343661,3.81255
52,0.413456238,-0.462961,103.091,0.413456238,-0.462961,103.091,-21.45833376,-1.784061,147.88,21.99266624,0.673739,147.92,-18.11833376,-0.243461,91.9979,19.02066624,-1.533061,90.7679,-14.18283376,14.421839,54.0657,15.93496624,-11.214761,51.9718,-10.32078376,23.381139,9.39591,10.70666624,-31.866261,12.0568,-13.35583376,35.043839,5.70407,13.89836624,-22.903361,3.83025
52.5,0.361816238,-0.454461,103.013,0.361816238,-0.454461,103.013,-21.55243376,-1.746161,147.764,21.91276624,0.648639,147.812,-18.14853376,-0.131561,91.94,18.99776624,-1.445661,90.7011,-14.21033376,14.448139,53.9898,15.86956624,-11.112961,51.9084,-10.29994376,22.971339,9.29874,10.72906624,-32.291361,12.2731,-13.36283376,34.563039,5.42148,13.91246624,-23.460961,3.84843
53,0.307506238,-0.441861,102.944,0.307506238,-0.441861,102.944,-21.64533376,-1.706661,147.655,21.82976624,0.623339,147.711,-18.18023376,-0.022361,91.8984,18.97686624,-1.352161,90.6428,-14.25433376,14.474339,53.9271,15.79746624,-10.968861,51.8459,-10.29544376,22.541539,9.21724,10.75066624,-32.688761,12.5079,-13.38063376,34.061039,5.15857,13.92596624,-24.011961,3.87181
53.5,0.250086238,-0.425361,102.886,0.250086238,-0.425361,102.886,-21.73983376,-1.665261,147.554,21.74566624,0.596539,147.621,-18.21603376,0.082039,91.8739,18.95566624,-1.252561,90.5927,-14.31153376,14.497639,53.8791,15.72206624,-10.778061,51.7837,-10.30537376,22.095139,9.15069,10.77306624,-33.051961,12.7638,-13.41213376,33.543039,4.92095,13.93666624,-24.554861,3.90413
54,0.190846238,-0.406761,102.834,0.190846238,-0.406761,102.834,-21.83503376,-1.622461,147.456,21.66126624,0.569239,147.535,-18.25423376,0.183739,91.8587,18.93296624,-1.150361,90.5464,-14.37543376,14.518339,53.839,15.64496624,-10.563761,51.7214,-10.32273376,21.641839,9.09236,10.79576624,-33.396661,13.0307,-13.44903376,33.019839,4.69755,13.94526624,-25.093161,3.9422
54.5,0.130086238,-0.384661,102.791,0.130086238,-0.384661,102.791,-21.92783376,-1.578961,147.367,21.57596624,0.542639,147.46,-18.29433376,0.281839,91.8576,18.90976624,-1.045061,90.5061,-14.45033376,14.536739,53.8097,15.56496624,-10.310961,51.658,-10.34933376,21.180639,9.04617,10.81646624,-33.712061,13.3143,-13.48953376,32.491039,4.4984,13.95226624,-25.624961,3.99196
55,0.066376238,-0.357361,102.763,0.066376238,-0.357361,102.763,-22.02043376,-1.533461,147.291,21.48876624,0.514939,147.402,-18.33903376,0.373639,91.8763,18.88416624,-0.934761,90.4746,-14.53743376,14.550539,53.7969,15.48516624,-9.998561,51.5926,-10.38710376,20.708239,9.01607,10.83566624,-33.978661,13.6255,-13.53913376,31.954339,4.33782,13.95646624,-26.146161,4.06362
55.5,0.000726238,-0.326761,102.745,0.000726238,-0.326761,102.745,-22.11273376,-1.486161,147.223,21.40026624,0.486739,147.357,-18.38563376,0.459039,91.9089,18.85456624,-0.821761,90.4483,-14.63113376,14.559739,53.7959,15.40666624,-9.645161,51.5254,-10.43207376,20.228039,8.99625,10.85436624,-34.208061,13.956,-13.59263376,31.414339,4.20357,13.95796624,-26.658061,4.15391
56,-0.065273762,-0.294361,102.731,-0.065273762,-0.294361,102.731,-22.20403376,-1.438561,147.161,21.31226624,0.459139,147.319,-18.43343376,0.542639,91.9476,18.82396624,-0.708461,90.424,-14.72773376,14.565439,53.7991,15.32846624,-9.270861,51.4563,-10.47910376,19.744539,8.9807,10.87166624,-34.419261,14.2958,-13.64633376,30.872939,4.08129,13.95826624,-27.164661,4.25396
56.5,-0.133453762,-0.256261,102.734,-0.133453762,-0.256261,102.734,-22.29363376,-1.389161,147.115,21.22406624,0.431139,147.304,-18.48753376,0.620639,92.0062,18.78776624,-0.593661,90.4065,-14.83133376,14.558239,53.8171,15.25516624,-8.826861,51.3813,-10.53068376,19.250339,8.9796,10.88486624,-34.563561,14.6707,-13.70143376,30.327439,4.0029,13.95456624,-27.652361,4.39305
57,-0.202113762,-0.214461,102.749,-0.202113762,-0.214461,102.749,-22.38093376,-1.337661,147.084,21.13366624,0.403239,147.31,-18.54053376,0.689739,92.0781,18.74556624,-0.478061,90.3934,-14.93573376,14.540239,53.8454,15.18966624,-8.329861,51.3021,-10.58426376,18.745739,8.98628,10.89586624,-34.650561,15.0719,-13.75603376,29.777339,3.95422,13.94966624,-28.120261,4.56814
57.5,-0.270833762,-0.172061,102.766,-0.270833762,-0.172061,102.766,-22.46843376,-1.286061,147.055,21.04386624,0.375439,147.318,-18.59413376,0.758239,92.1515,18.70266624,-0.362861,90.3806,-15.03993376,14.519639,53.8744,15.12516624,-7.825361,51.2219,-10.63756376,18.239639,8.99352,10.90656624,-34.729661,15.4768,-13.81053376,29.226539,3.90885,13.94396624,-28.584561,4.7481
58,-0.339693762,-0.125561,102.796,-0.339693762,-0.125561,102.796,-22.55413376,-1.232361,147.043,20.95676624,0.347839,147.349,-18.65323376,0.822239,92.2379,18.65256624,-0.251561,90.3703,-15.14023376,14.473939,53.9102,15.07126624,-7.257061,51.134,-10.68699376,17.720339,9.00786,10.91236624,-34.732361,15.9169,-13.85903376,28.670839,3.89533,13.93386624,-29.014461,4.97866
58.5,-0.407363762,-0.076661,102.836,-0.407363762,-0.076661,102.836,-22.63693376,-1.177361,147.045,20.86906624,0.320839,147.399,-18.71023376,0.879339,92.3305,18.59656624,-0.142961,90.3618,-15.23423376,14.408739,53.9488,15.02836624,-6.645661,51.0424,-10.73165376,17.190239,9.02459,10.91476624,-34.674761,16.3805,-13.90183376,28.109539,3.90019,13.92356624,-29.411661,5.24999
59,-0.474425762,-0.027261,102.878,-0.474425762,-0.027261,102.878,-22.71873376,-1.121961,147.049,20.78126624,0.294139,147.452,-18.76583376,0.934639,92.4244,18.53966624,-0.035061,90.3536,-15.32703376,14.339739,53.9877,14.98806624,-6.025861,50.9504,-10.77543376,16.657839,9.04176,10.91656624,-34.605161,16.8486,-13.94353376,27.546839,3.90855,13.91366624,-29.801761,5.52962
59.5,-0.540155762,0.023239,102.927,-0.540155762,0.023239,102.927,-22.80073376,-1.064661,147.064,20.69786624,0.266539,147.522,-18.82473376,0.986039,92.5213,18.47646624,0.065239,90.3451,-15.40703376,14.237839,54.0244,14.96086624,-5.364261,50.8549,-10.81050376,16.112239,9.05834,10.91556624,-34.465861,17.3415,-13.97713376,26.977839,3.92875,13.89956624,-30.141061,5.8551
60,-0.603104762,0.074239,102.982,-0.603104762,0.074239,102.982,-22.87923376,-1.006461,147.09,20.61696624,0.239939,147.603,-18.88113376,1.031939,92.6184,18.40876624,0.159439,90.3368,-15.47603376,14.107739,54.0575,14.94476624,-4.674561,50.7599,-10.83759376,15.556139,9.0739,10.91096624,-34.267861,17.8505,-14.00153376,26.403539,3.95468,13.88486624,-30.430261,6.21785
60.5,-0.664204762,0.125039,103.038,-0.664204762,0.125039,103.038,-22.95543376,-0.948261,147.12,20.53676624,0.214139,147.69,-18.93433376,1.074539,92.715,18.33966624,0.250639,90.3289,-15.54023376,13.965339,54.0881,14.93416624,-3.974461,50.6662,-10.86088376,14.995539,9.0885,10.90506624,-34.045061,18.365,-14.02203376,25.826239,3.982,13.87126624,-30.695361,6.59612
61,-0.723506762,0.174639,103.097,-0.723506762,0.174639,103.097,-23.03173376,-0.889161,147.153,20.46006624,0.186639,147.782,-18.98783376,1.113239,92.809,18.26766624,0.335639,90.3212,-15.59333376,13.797639,54.1135,14.93196624,-3.260961,50.5767,-10.87810376,14.427439,9.10053,10.89866624,-33.780261,18.8862,-14.03683376,25.245139,4.00762,13.85526624,-30.911961,6.99674
61.5,-0.778782762,0.222239,103.158,-0.778782762,0.222239,103.158,-23.10473376,-0.829561,147.193,20.38876624,0.159139,147.879,-19.03803376,1.144739,92.8991,18.19266624,0.411139,90.3146,-15.63143376,13.592639,54.131,14.93986624,-2.532961,50.4955,-10.88674376,13.849139,9.10915,10.89006624,-33.454961,19.4126,-14.04163376,24.659339,4.02847,13.83656624,-31.051361,7.42643
62,-0.830954762,0.267839,103.219,-0.830954762,0.267839,103.219,-23.17433376,-0.771061,147.236,20.32066624,0.132439,147.978,-19.08433376,1.171239,92.9852,18.11706624,0.480639,90.3096,-15.66193376,13.365539,54.1423,14.95326624,-1.802061,50.4231,-10.88973376,13.266339,9.1155,10.88026624,-33.096961,19.937,-14.04043376,24.070739,4.04481,13.81886624,-31.139861,7.86814
62.5,-0.881932762,0.312039,103.281,-0.881932762,0.312039,103.281,-23.24323376,-0.712861,147.279,20.25426624,0.104239,148.077,-19.12993376,1.194639,93.0693,18.04116624,0.547439,90.306,-15.68793376,13.127139,54.1507,14.96906624,-1.071161,50.3567,-10.89095376,12.681339,9.1208,10.87066624,-32.722161,20.4579,-14.03723376,23.481239,4.05812,13.80026624,-31.198561,8.31317
63,-0.927733762,0.351339,103.343,-0.927733762,0.351339,103.343,-23.30773376,-0.655661,147.324,20.19416624,0.073839,148.175,-19.16853376,1.205639,93.1475,17.96476624,0.603739,90.3074,-15.69923376,12.849039,54.1501,14.99176624,-0.342261,50.3122,-10.88670376,12.089139,9.12239,10.86076624,-32.289761,20.9638,-14.02683376,22.888739,4.06004,13.77736624,-31.150261,8.76626
63.5,-0.970068762,0.386439,103.404,-0.970068762,0.386439,103.404,-23.36813376,-0.601861,147.369,20.14036624,0.043239,148.268,-19.20523376,1.209139,93.2204,17.88976624,0.652139,90.3143,-15.70403376,12.544239,54.1428,15.01506624,0.376939,50.288,-10.87824376,11.494739,9.12201,10.85066624,-31.823361,21.4507,-14.01133376,22.295939,4.05384,13.75316624,-31.021061,9.21297
64,-1.012158762,0.421039,103.466,-1.012158762,0.421039,103.466,-23.42803376,-0.548361,147.414,20.08676624,0.012139,148.361,-19.24173376,1.211839,93.2929,17.81496624,0.700239,90.3218,-15.70833376,12.237639,54.1352,15.03846624,1.095339,50.2657,-10.86967376,10.900339,9.12163,10.84046624,-31.354261,21.9357,-13.99553376,21.703139,4.04715,13.72886624,-30.885261,9.65879
64.5,-1.048556762,0.448439,103.527,-1.048556762,0.448439,103.527,-23.48023376,-0.499661,147.459,20.03936624,-0.023061,148.447,-19.26883376,1.196339,93.3611,17.74356624,0.739839,90.3409,-15.70483376,11.898739,54.1218,15.06116624,1.795739,50.2803,-10.86115376,10.304039,9.11999,10.83056624,-30.836961,22.3769,-13.97813376,21.110139,4.03058,13.70016624,-30.620261,10.0772
65,-1.081974762,0.470939,103.588,-1.081974762,0.470939,103.588,-23.52803376,-0.455661,147.504,19.99856624,-0.059861,148.526,-19.29433376,1.171039,93.4267,17.67576624,0.773039,90.3685,-15.69983376,11.540739,54.1059,15.07926624,2.480139,50.3213,-10.85288376,9.708339,9.11826,10.82126624,-30.291961,22.7834,-13.96003376,20.518439,4.009,13.66716624,-30.266461,10.4673
65.5,-1.115389762,0.492539,103.649,-1.115389762,0.492539,103.649,-23.57553376,-0.413061,147.548,19.95886624,-0.096961,148.603,-19.32153376,1.144639,93.4917,17.60826624,0.805239,90.3979,-15.69453376,11.179039,54.0897,15.09616624,3.161439,50.3666,-10.84437376,9.112939,9.11635,10.81216624,-29.742761,23.1839,-13.94183376,19.927139,3.98682,13.63346624,-29.898461,10.852
66,-1.144438762,0.508039,103.711,-1.144438762,0.508039,103.711,-23.61413376,-0.377261,147.593,19.92356624,-0.137561,148.674,-19.34043376,1.101639,93.5568,17.54646624,0.833739,90.4398,-15.69103376,10.802839,54.074,15.10646624,3.822439,50.4464,-10.83952376,8.519439,9.11603,10.80166624,-29.163061,23.5299,-13.92713376,19.336739,3.96362,13.59576624,-29.425661,11.1872
66.5,-1.171067762,0.518639,103.774,-1.171067762,0.518639,103.774,-23.64743376,-0.347861,147.639,19.89336624,-0.180861,148.738,-19.35783376,1.046639,93.6222,17.48966624,0.858439,90.4925,-15.69053376,10.415639,54.0599,15.10906624,4.465039,50.5555,-10.83779376,7.927839,9.11693,10.79106624,-28.558761,23.826,-13.91593376,18.746939,3.94103,13.55316624,-28.861561,11.4743
67,-1.197601762,0.527239,103.837,-1.197601762,0.527239,103.837,-23.67953376,-0.321661,147.685,19.86576624,-0.225261,148.799,-19.37863376,0.988539,93.6877,17.43476624,0.881639,90.5498,-15.69133376,10.024139,54.0468,15.10766624,5.100039,50.6757,-10.83727376,7.336939,9.11818,10.78096624,-27.945361,24.102,-13.90653376,18.157939,3.9192,13.50786624,-28.263161,11.7409
67.5,-1.221762762,0.532539,103.902,-1.221762762,0.532539,103.902,-23.70563376,-0.300861,147.735,19.84066624,-0.270861,148.858,-19.39473376,0.920539,93.7548,17.38476624,0.904039,90.6147,-15.69703376,9.628739,54.0368,15.09996624,5.721539,50.8156,-10.83940376,6.747639,9.12103,10.76816624,-27.314361,24.3346,-13.90143376,17.568539,3.90129,13.45986624,-27.602761,11.9633
68,-1.243500762,0.533439,103.969,-1.243500762,0.533439,103.969,-23.72473376,-0.288361,147.788,19.81956624,-0.318561,148.913,-19.40903376,0.840039,93.8241,17.34186624,0.925139,90.6907,-15.70983376,9.228939,54.0312,15.08316624,6.323139,50.9845,-10.84529376,6.160439,9.12602,10.75256624,-26.657761,24.5019,-13.90253376,16.978039,3.8898,13.40766624,-26.850661,12.1192
68.5,-1.265227762,0.532139,104.037,-1.265227762,0.532139,104.037,-23.74193376,-0.280461,147.844,19.80136624,-0.367861,148.966,-19.42813376,0.755339,93.8945,17.30286624,0.945939,90.7725,-15.72623376,8.827639,54.0288,15.06056624,6.914239,51.1667,-10.85378376,5.573439,9.13184,10.73666624,-25.987261,24.6337,-13.90813376,16.386939,3.88246,13.35206624,-26.052361,12.2373
69,-1.286184762,0.529939,104.105,-1.286184762,0.529939,104.105,-23.75713376,-0.274661,147.902,19.78386624,-0.416761,149.02,-19.44533376,0.667339,93.9653,17.26596624,0.966339,90.8564,-15.74523376,8.425139,54.0283,15.03546624,7.499439,51.3548,-10.86261376,4.986639,9.13804,10.71896624,-25.307561,24.7435,-13.91593376,15.794839,3.87794,13.29536624,-25.228961,12.3332
69.5,-1.304723762,0.524739,104.176,-1.304723762,0.524739,104.176,-23.76533376,-0.277461,147.969,19.77076624,-0.465061,149.072,-19.46263376,0.570139,94.0376,17.23816624,0.987139,90.948,-15.77313376,8.020439,54.0332,15.00226624,8.063939,51.5647,-10.87278376,4.400239,9.1459,10.69466624,-24.598161,24.7784,-13.92953376,15.199339,3.88283,13.23596624,-24.320861,12.3521
70,-1.322973762,0.518339,104.248,-1.322973762,0.518339,104.248,-23.77153376,-0.284361,148.041,19.75956624,-0.513661,149.126,-19.48413376,0.469739,94.11,17.21586624,1.009039,91.0431,-15.80483376,7.615739,54.0414,14.96496624,8.616139,51.7835,-10.88502376,3.812639,9.15433,10.66846624,-23.868661,24.7669,-13.94853376,14.600639,3.89368,13.17536624,-23.364761,12.3243
70.5,-1.341199762,0.511739,104.319,-1.341199762,0.511739,104.319,-23.77753376,-0.291361,148.114,19.74826624,-0.561961,149.179,-19.50553376,0.368939,94.1821,17.19386624,1.030539,91.1381,-15.83713376,7.210339,54.0501,14.92736624,9.166639,52.0028,-10.89701376,3.224639,9.16278,10.64176624,-23.135761,24.7491,-13.96793376,14.001439,3.90516,13.11466624,-22.402961,12.2908
71,-1.357340862,0.504639,104.391,-1.357340862,0.504639,104.391,-23.78043376,-0.302861,148.196,19.74106624,-0.605561,149.235,-19.52783376,0.265539,94.2516,17.18026624,1.051739,91.234,-15.87433376,6.799739,54.0623,14.88716624,9.697139,52.2296,-10.90637376,2.634339,9.17079,10.60786624,-22.368461,24.6618,-13.98973376,13.397739,3.92269,13.05406624,-21.374361,12.1912
71.5,-1.372811662,0.497439,104.462,-1.372811662,0.497439,104.462,-23.78163376,-0.316261,148.284,19.73496624,-0.646961,149.292,-19.55383376,0.161339,94.3181,17.17226624,1.073839,91.3287,-15.91313376,6.386239,54.0756,14.84616624,10.213039,52.4581,-10.91464376,2.041739,9.17846,10.56996624,-21.576661,24.5278,-14.01383376,12.790139,3.94391,12.99706624,-20.303761,12.0499
72,-1.387837662,0.490339,104.533,-1.387837662,0.490339,104.533,-23.78243376,-0.329561,148.374,19.72906624,-0.687861,149.35,-19.57893376,0.056939,94.3841,17.16516624,1.096339,91.4233,-15.95223376,5.972639,54.0888,14.80556624,10.727239,52.6866,-10.92326376,1.448739,9.18635,10.53166624,-20.781261,24.3875,-14.03843376,12.181739,3.9655,12.94046624,-19.228061,11.9032
72.5,-1.401706062,0.484339,104.601,-1.401706062,0.484339,104.601,-23.78423376,-0.341161,148.469,19.72526624,-0.722761,149.41,-19.60573376,-0.045161,94.4434,17.16266624,1.116439,91.5134,-15.98983376,5.550739,54.1024,14.76786624,11.222939,52.9115,-10.92714376,0.852539,9.1926,10.48946624,-19.953461,24.1982,-14.06023376,11.570939,3.98607,12.88886624,-18.109861,11.7198
73,-1.414103562,0.479339,104.667,-1.414103562,0.479339,104.667,-23.78553376,-0.351361,148.57,19.72336624,-0.752461,149.47,-19.63423376,-0.145761,94.4959,17.16546624,1.136139,91.5991,-16.02543376,5.121339,54.1148,14.73266624,11.700239,53.1322,-10.92759376,0.253739,9.19779,10.44296624,-19.096961,23.9654,-14.08023376,10.957739,4.00562,12.84366624,-16.954061,11.5043
73.5,-1.425468662,0.474739,104.732,-1.425468662,0.474739,104.732,-23.78603376,-0.360261,148.672,19.72156624,-0.780161,149.53,-19.66023376,-0.246461,94.5463,17.16946624,1.155739,91.6831,-16.06043376,4.689939,54.1265,14.69906624,12.172039,53.351,-10.92733376,-0.345561,9.20303,10.39556624,-18.231261,23.7191,-14.09963376,10.343639,4.02459,12.80176624,-15.787261,11.2803
74,-1.436055562,0.471439,104.793,-1.436055562,0.471439,104.793,-23.78803376,-0.364861,148.776,19.72056624,-0.803461,149.589,-19.68713376,-0.344861,94.5903,17.17536624,1.172639,91.7631,-16.09133376,4.252939,54.1369,14.66906624,12.629039,53.5647,-10.92416376,-0.946161,9.20729,10.34786624,-17.343461,23.4469,-14.11443376,9.730039,4.03915,12.76746624,-14.597661,11.0448
74.5,-1.444867252,0.469639,104.85,-1.444867252,0.469639,104.85,-23.79143376,-0.363561,148.882,19.72146624,-0.819761,149.647,-19.71323376,-0.440961,94.6244,17.18436624,1.186339,91.8374,-16.11613376,3.805839,54.1453,14.64346624,13.062239,53.7704,-10.91689376,-1.548561,9.21029,10.29846624,-16.423061,23.1339,-14.12403376,9.117039,4.04787,12.74236624,-13.371361,10.7883
75,-1.452016372,0.468639,104.903,-1.452016372,0.468639,104.903,-23.79363376,-0.358261,148.988,19.72246624,-0.832161,149.703,-19.73483376,-0.537461,94.654,17.19386624,1.198439,91.9084,-16.13843376,3.354239,54.1521,14.62016624,13.483839,53.9722,-10.90747376,-2.150661,9.21329,10.24876624,-15.487161,22.8021,-14.13023376,8.504739,4.0537,12.72486624,-12.127861,10.525
75.5,-1.458561952,0.468339,104.955,-1.458561952,0.468339,104.955,-23.79583376,-0.350161,149.093,19.72406624,-0.842861,149.758,-19.75693376,-0.633461,94.6805,17.20416624,1.209139,91.978,-16.15783376,2.901939,54.1578,14.59826624,13.896039,54.1713,-10.89765376,-2.752361,9.21632,10.20016624,-14.539961,22.46,-14.13353376,7.893939,4.0566,12.71326624,-10.873961,10.2607
76,-1.463457562,0.469339,105.001,-1.463457562,0.469339,105.001,-23.79993376,-0.332361,149.196,19.72606624,-0.846861,149.808,-19.77473376,-0.729061,94.6963,17.21446624,1.213939,92.0433,-16.16903376,2.442639,54.1619,14.58006624,14.277939,54.3617,-10.88579376,-3.353461,9.21919,10.15486624,-13.558461,22.0795,-14.13043376,7.286839,4.05164,12.71526624,-9.582761,9.98592
76.5,-1.466356862,0.471239,105.043,-1.466356862,0.471239,105.043,-23.80173376,-0.308061,149.297,19.72886624,-0.846461,149.854,-19.78693376,-0.826261,94.7066,17.22356624,1.214739,92.1057,-16.17593376,1.979939,54.1648,14.56196624,14.641339,54.5475,-10.87149376,-3.952461,9.22236,10.11136624,-12.556761,21.6777,-14.12213376,6.683039,4.04258,12.72736624,-8.268361,9.70797
77,-1.468781162,0.473339,105.083,-1.468781162,0.473339,105.083,-23.80323376,-0.282361,149.396,19.73216624,-0.845261,149.898,-19.79913376,-0.924161,94.7156,17.23326624,1.215139,92.1677,-16.18173376,1.518539,54.1672,14.54376624,14.998839,54.7316,-10.85750376,-4.550661,9.22575,10.06886624,-11.549361,21.272,-14.11283376,6.080239,4.03261,12.74296624,-6.948461,9.43058
77.5,-1.469982462,0.475739,105.118,-1.469982462,0.475739,105.118,-23.80363376,-0.248061,149.49,19.73456624,-0.840761,149.937,-19.80623376,-1.025061,94.7178,17.24086624,1.209939,92.2285,-16.18163376,1.058939,54.169,14.52456624,15.324339,54.9087,-10.84488376,-5.145661,9.23084,10.03336624,-10.512261,20.8364,-14.09953376,5.482039,4.01852,12.77386624,-5.596061,9.14996
78,-1.469264962,0.478539,105.149,-1.469264962,0.478539,105.149,-23.80113376,-0.206161,149.579,19.73866624,-0.833061,149.97,-19.80763376,-1.129061,94.7155,17.24576624,1.199139,92.2883,-16.17743376,0.601939,54.1711,14.50226624,15.625039,55.0801,-10.83207376,-5.737161,9.23702,10.00296624,-9.451961,20.3788,-14.08273376,4.887939,4.00186,12.81416624,-4.217161,8.86762
78.5,-1.468341762,0.481339,105.179,-1.468341762,0.481339,105.179,-23.79793376,-0.162861,149.666,19.74276624,-0.824761,150.002,-19.80853376,-1.234061,94.7121,17.25036624,1.187339,92.3475,-16.17243376,0.146239,54.1731,14.47856624,15.919239,55.2496,-10.81883376,-6.327661,9.24323,9.974066238,-8.385961,19.9174,-14.06523376,4.294739,3.98525,12.85746624,-2.831861,8.5858
79,-1.466526262,0.483639,105.205,-1.466526262,0.483639,105.205,-23.79173376,-0.115161,149.747,19.74656624,-0.815861,150.03,-19.80643376,-1.343361,94.7061,17.25346624,1.172539,92.4062,-16.16573376,-0.301361,54.1752,14.45036624,16.185139,55.4111,-10.80853376,-6.914761,9.25162,9.952266238,-7.297361,19.4399,-14.04763376,3.704039,3.96974,12.91176624,-1.423161,8.30396
79.5,-1.463222262,0.485639,105.226,-1.463222262,0.485639,105.226,-23.78083376,-0.060461,149.82,19.75156624,-0.805961,150.051,-19.79883376,-1.456861,94.6974,17.25286624,1.151539,92.4644,-16.15723376,-0.738461,54.1782,14.41506624,16.418339,55.5634,-10.80058376,-7.497861,9.26206,9.938766238,-6.181361,18.9411,-14.03053376,3.115939,3.95591,12.97566624,0.014239,8.02153
80,-1.459934912,0.487439,105.246,-1.459934912,0.487439,105.246,-23.76893376,-0.004161,149.892,19.75706624,-0.795761,150.071,-19.79183376,-1.571261,94.6878,17.25126624,1.129039,92.522,-16.14783376,-1.172861,54.1816,14.37646624,16.643239,55.7127,-10.79202376,-8.079861,9.27235,9.927666238,-5.058561,18.4383,-14.01323376,2.528739,3.94265,13.04196624,1.458939,7.73966
80.5,-1.456032202,0.488439,105.263,-1.456032202,0.488439,105.263,-23.75413376,0.053139,149.957,19.76296624,-0.785961,150.088,-19.78373376,-1.688561,94.6771,17.24916624,1.105539,92.5769,-16.13953376,-1.598961,54.1848,14.33406624,16.843739,55.8505,-10.78585376,-8.659961,9.28422,9.923166238,-3.917861,17.9334,-13.99853376,1.941039,3.93354,13.11196624,2.918439,7.46184
81,-1.451258222,0.488439,105.275,-1.451258222,0.488439,105.275,-23.73373376,0.114239,150.015,19.77006624,-0.776961,150.102,-19.77343376,-1.808461,94.6653,17.24436624,1.077539,92.6288,-16.13213376,-2.010961,54.1882,14.28276624,17.006739,55.973,-10.78265376,-9.237061,9.29828,9.927566238,-2.748261,17.4158,-13.98763376,1.353339,3.92983,13.19066624,4.403039,7.18725
81.5,-1.446408372,0.488239,105.284,-1.446408372,0.488239,105.284,-23.71153376,0.177039,150.068,19.77856624,-0.768261,150.113,-19.76483376,-1.928761,94.6525,17.23886624,1.048039,92.6782,-16.12483376,-2.416361,54.1916,14.22666624,17.153939,56.0867,-10.77995376,-9.813561,9.31233,9.936366238,-1.565961,16.8965,-13.97883376,0.765239,3.92831,13.27076624,5.897039,6.91598
82,-1.441382762,0.487539,105.291,-1.441382762,0.487539,105.291,-23.68843376,0.239339,150.118,19.78736624,-0.759461,150.123,-19.75613376,-2.048861,94.6384,17.23296624,1.018339,92.7239,-16.11843376,-2.818461,54.1948,14.17006624,17.287839,56.191,-10.77769376,-10.389961,9.32687,9.949566238,-0.375661,16.3848,-13.97203376,0.175539,3.9295,13.34866624,7.394739,6.65228
82.5,-1.435427962,0.485539,105.292,-1.435427962,0.485539,105.292,-23.65983376,0.302439,150.158,19.79876624,-0.751761,150.129,-19.74963376,-2.167961,94.623,17.22716624,0.986239,92.7606,-16.11463376,-3.208561,54.1962,14.10686624,17.379239,56.2703,-10.77730376,-10.965461,9.34291,9.971166238,0.845239,15.8774,-13.97033376,-0.416361,3.937,13.43096624,8.911439,6.40248
83,-1.429300962,0.483339,105.289,-1.429300962,0.483339,105.289,-23.62953376,0.366239,150.191,19.81236624,-0.744261,150.134,-19.74583376,-2.284661,94.6053,17.22176624,0.953639,92.7905,-16.11233376,-3.590861,54.1962,14.04056624,17.446539,56.3321,-10.77835376,-11.541661,9.35916,9.998566238,2.083839,15.3783,-13.97283376,-1.010661,3.94745,13.51246624,10.435439,6.16504
83.5,-1.422962162,0.481039,105.284,-1.422962162,0.481039,105.284,-23.59913376,0.429639,150.222,19.82646624,-0.736361,150.137,-19.74213376,-2.399561,94.5863,17.21586624,0.920939,92.8165,-16.11013376,-3.972161,54.196,13.97536624,17.505539,56.3865,-10.77916376,-12.118261,9.37562,10.02916624,3.324839,14.8895,-13.97633376,-1.606061,3.95868,13.59066624,11.957839,5.93747
84,-1.415556462,0.477939,105.273,-1.415556462,0.477939,105.273,-23.56633376,0.492439,150.244,19.84396624,-0.727961,150.137,-19.74233376,-2.508961,94.5641,17.21206624,0.887439,92.8298,-16.10913376,-4.349061,54.1932,13.91136624,17.531139,56.4151,-10.77968376,-12.695861,9.3924,10.06626624,4.585439,14.4242,-13.98283376,-2.203661,3.97241,13.66606624,13.484439,5.73653
84.5,-1.407761862,0.474639,105.255,-1.407761862,0.474639,105.255,-23.53293376,0.554839,150.256,19.86356624,-0.718861,150.134,-19.74603376,-2.611861,94.5376,17.20996624,0.854339,92.8306,-16.11013376,-4.721661,54.1876,13.84966624,17.525639,56.4183,-10.78107376,-13.275161,9.40961,10.10896624,5.864139,13.9838,-13.99263376,-2.803661,3.9876,13.73776624,15.012839,5.56426
85,-1.399376262,0.471439,105.235,-1.399376262,0.471439,105.235,-23.49933376,0.617039,150.266,19.88466624,-0.708961,150.129,-19.74983376,-2.711961,94.5096,17.20816624,0.821339,92.8271,-16.11093376,-5.093461,54.1814,13.79006624,17.512539,56.4139,-10.78283376,-13.854961,9.42729,10.15396624,7.142639,13.5557,-14.00303376,-3.404461,4.00215,13.80636624,16.535639,5.40463
85.5,-1.389717362,0.468239,105.21,-1.389717362,0.468239,105.21,-23.46573376,0.678939,150.269,19.90886624,-0.697361,150.12,-19.75553376,-2.805261,94.4779,17.20806624,0.787839,92.813,-16.11093376,-5.464861,54.1738,13.73706624,17.480839,56.3921,-10.78354376,-14.435461,9.44528,10.20336624,8.423139,13.1571,-14.01393376,-4.005661,4.0154,13.86896624,18.048139,5.27569
86,-1.379115862,0.465039,105.177,-1.379115862,0.465039,105.177,-23.43313376,0.739739,150.259,19.93476624,-0.682961,150.105,-19.76493376,-2.887061,94.4392,17.21086624,0.754739,92.781,-16.11143376,-5.836561,54.1632,13.69556624,17.416039,56.3402,-10.78390376,-15.017761,9.46416,10.25786624,9.711239,12.8073,-14.02403376,-4.607261,4.02581,13.92236624,19.547139,5.1996
86.5,-1.367644162,0.462039,105.141,-1.367644162,0.462039,105.141,-23.40073376,0.800239,150.246,19.96276624,-0.667561,150.088,-19.77343376,-2.965561,94.3989,17.21426624,0.722439,92.7445,-16.11213376,-6.208061,54.152,13.65816624,17.344039,56.2811,-10.78549376,-15.600261,9.48413,10.31316624,10.995839,12.4719,-14.03423376,-5.208761,4.03479,13.97276624,21.036839,5.13867
87,-1.354854362,0.459339,105.103,-1.354854362,0.459339,105.103,-23.36873376,0.860939,150.228,19.99296624,-0.650161,150.066,-19.78153376,-3.037961,94.3558,17.21876624,0.689439,92.702,-16.11073376,-6.577761,54.1409,13.62776624,17.266339,56.2147,-10.78625376,-16.181961,9.50516,10.37026624,12.264339,12.1621,-14.04383376,-5.809161,4.04095,14.01756624,22.502939,5.10451
87.5,-1.340149762,0.456839,105.056,-1.340149762,0.456839,105.056,-23.33833376,0.920639,150.197,20.02486624,-0.628761,150.035,-19.79013376,-3.097661,94.3053,17.22576624,0.656039,92.6427,-16.10803376,-6.947461,54.129,13.61666624,17.165839,56.1248,-10.78695376,-16.763561,9.52858,10.43096624,13.514639,11.9142,-14.04853376,-6.407261,4.04082,14.04916624,23.930839,5.13565
88,-1.324610762,0.454239,105.008,-1.324610762,0.454239,105.008,-23.30873376,0.979439,150.162,20.05816624,-0.605661,150.001,-19.79683376,-3.152961,94.2528,17.23266624,0.623339,92.5783,-16.10563376,-7.317861,54.1176,13.61296624,17.058539,56.0278,-10.78899376,-17.344661,9.55393,10.49066624,14.753739,11.6873,-14.05153376,-7.003961,4.03845,14.07546624,25.341739,5.18927
88.5,-1.307674762,0.452139,104.958,-1.307674762,0.452139,104.958,-23.27913376,1.038139,150.123,20.09346624,-0.580961,149.962,-19.80183376,-3.203361,94.1991,17.24106624,0.590639,92.5121,-16.10093376,-7.681961,54.1065,13.61376624,16.953439,55.9308,-10.79095376,-17.923461,9.58137,10.54906624,15.960539,11.4777,-14.05383376,-7.598561,4.03386,14.09826624,26.715639,5.25986
89,-1.288586762,0.449939,104.903,-1.288586762,0.449939,104.903,-23.24993376,1.095539,150.075,20.12946624,-0.553161,149.913,-19.80323376,-3.243761,94.1399,17.24966624,0.556639,92.4361,-16.09483376,-8.039261,54.0979,13.63436624,16.843139,55.8242,-10.79417376,-18.499261,9.61332,10.60826624,17.118239,11.3226,-14.05123376,-8.190061,4.02422,14.10836624,28.026439,5.386
89.5,-1.268257762,0.447439,104.846,-1.268257762,0.447439,104.846,-23.22093376,1.150939,150.022,20.16606624,-0.523061,149.859,-19.80123376,-3.278161,94.079,17.25756624,0.522739,92.3559,-16.08773376,-8.393161,54.0918,13.66636624,16.731239,55.7136,-10.79855376,-19.072361,9.64897,10.66356624,18.237039,11.1983,-14.04413376,-8.778661,4.01164,14.10876624,29.291939,5.543
90,-1.247023762,0.444839,104.788,-1.247023762,0.444839,104.788,-23.19183376,1.205439,149.967,20.20376624,-0.492461,149.801,-19.79723376,-3.309461,94.018,17.26676624,0.489539,92.2758,-16.07973376,-8.738161,54.0859,13.70066624,16.623639,55.6053,-10.80342376,-19.642761,9.68729,10.71536624,19.318539,11.0824,-14.03703376,-9.365461,3.99912,14.10686624,30.516439,5.70508
90.5,-1.224097762,0.441539,104.729,-1.224097762,0.441539,104.729,-23.16103376,1.257139,149.908,20.24196624,-0.460761,149.736,-19.78853376,-3.334961,93.9552,17.27506624,0.455839,92.1939,-16.07133376,-9.069461,54.083,13.74576624,16.523839,55.4988,-10.81034376,-20.208661,9.73118,10.76396624,20.332539,10.9961,-14.02763376,-9.950361,3.98586,14.09696624,31.665339,5.89232
91,-1.199378762,0.437439,104.67,-1.199378762,0.437439,104.67,-23.12793376,1.305339,149.846,20.28066624,-0.427161,149.664,-19.77503376,-3.354061,93.8917,17.28236624,0.422039,92.1108,-16.06193376,-9.385961,54.084,13.80236624,16.433339,55.3946,-10.81900376,-20.769161,9.78139,10.80546624,21.266439,10.9402,-14.01433376,-10.532961,3.97193,14.07576624,32.725939,6.10364
91.5,-1.174255762,0.432739,104.61,-1.174255762,0.432739,104.61,-23.09443376,1.351339,149.782,20.31946624,-0.394161,149.589,-19.75983376,-3.370761,93.8286,17.29026624,0.389439,92.0286,-16.05193376,-9.692361,54.0855,13.86026624,16.347439,55.2925,-10.82793376,-21.326961,9.83477,10.84136624,22.156139,10.8888,-14.00083376,-11.114261,3.9598,14.05076624,33.738539,6.31229
92,-1.148256762,0.426939,104.55,-1.148256762,0.426939,104.55,-23.05863376,1.393839,149.718,20.35856624,-0.361661,149.511,-19.74173376,-3.384161,93.7657,17.29786624,0.358039,91.9475,-16.04243376,-9.983661,54.0879,13.92026624,16.270639,55.1943,-10.83828376,-21.881161,9.89301,10.87186624,22.983039,10.845,-13.98773376,-11.695061,3.95021,14.02216624,34.682339,6.51885
92.5,-1.119990762,0.419139,104.491,-1.119990762,0.419139,104.491,-23.01703376,1.429039,149.653,20.39996624,-0.329261,149.424,-19.71883376,-3.391461,93.7038,17.30496624,0.328739,91.8686,-16.03323376,-10.245961,54.0934,13.98566624,16.213939,55.1035,-10.85129376,-22.427661,9.9611,10.89056624,23.679139,10.8181,-13.97533376,-12.275661,3.94563,13.98486624,35.482939,6.72168
93,-1.091563762,0.410339,104.432,-1.091563762,0.410339,104.432,-22.97383376,1.461239,149.589,20.44056624,-0.297861,149.338,-19.69533376,-3.396061,93.6427,17.31276624,0.301239,91.791,-16.02313376,-10.496461,54.099,14.05066624,16.162139,55.0143,-10.86383376,-22.971461,10.0324,10.90246624,24.325139,10.7919,-13.96283376,-12.856161,3.94375,13.94246624,36.228439,6.91396
93.5,-1.063004762,0.400539,104.373,-1.063004762,0.400539,104.373,-22.92943376,1.490339,149.525,20.48126624,-0.267861,149.25,-19.67073376,-3.398861,93.5821,17.32066624,0.276039,91.714,-16.01333376,-10.736061,54.1035,14.11406624,16.113739,54.9257,-10.87690376,-23.513561,10.1072,10.90946624,24.927839,10.7624,-13.95113376,-13.436561,3.94472,13.89806624,36.925339,7.09148
94,-1.032090762,0.387539,104.315,-1.032090762,0.387539,104.315,-22.87663376,1.507939,149.463,20.52716624,-0.240261,149.156,-19.64483376,-3.394361,93.5232,17.33036624,0.257939,91.64,-16.00473376,-10.937461,54.1066,14.17236624,16.087639,54.8433,-10.89166376,-24.047661,10.1941,10.90116624,25.365139,10.7289,-13.94633376,-14.018261,3.95619,13.85086624,37.437839,7.22512
94.5,-1.000690762,0.373539,104.257,-1.000690762,0.373539,104.257,-22.82093376,1.521939,149.403,20.57276624,-0.213961,149.062,-19.61943376,-3.386761,93.4652,17.34226624,0.243139,91.567,-15.99473376,-11.124261,54.1085,14.22806624,16.066639,54.7617,-10.90572376,-24.579161,10.2848,10.88526624,25.742139,10.6916,-13.94293376,-14.601261,3.97085,13.79876624,37.882339,7.33809
95,-0.969331762,0.358239,104.198,-0.969331762,0.358239,104.198,-22.76393376,1.532339,149.344,20.61826624,-0.189461,148.968,-19.59383376,-3.376861,93.4077,17.35396624,0.231939,91.4938,-15.98433376,-11.300761,54.1084,14.28126624,16.044539,54.6773,-10.91970376,-25.109261,10.3793,10.86496624,26.078439,10.6482,-13.94003376,-15.184161,3.98803,13.74506624,38.279139,7.42969
95.5,-0.936044762,0.340439,104.138,-0.936044762,0.340439,104.138,-22.70063376,1.532339,149.286,20.67026624,-0.167761,148.871,-19.57083376,-3.359661,93.3509,17.37006624,0.230939,91.421,-15.97313376,-11.448061,54.1024,14.32426624,16.033039,54.5924,-10.93284376,-25.634061,10.4835,10.83346624,26.285439,10.5893,-13.94473376,-15.767061,4.01358,13.69316624,38.527839,7.46311
96,-0.901432762,0.321339,104.078,-0.901432762,0.321339,104.078,-22.63263376,1.526739,149.231,20.72476624,-0.147761,148.774,-19.54963376,-3.337261,93.2949,17.39086624,0.237339,91.3484,-15.96083376,-11.573861,54.0922,14.36046624,16.026239,54.5067,-10.94560376,-26.155461,10.594,10.79336624,26.404339,10.5198,-13.95493376,-16.351461,4.04388,13.63996624,38.673639,7.45535
96.5,-0.866341762,0.301139,104.018,-0.866341762,0.301139,104.018,-22.56253376,1.516839,149.177,20.77996624,-0.129761,148.678,-19.52873376,-3.311461,93.2395,17.41176624,0.249339,91.2755,-15.94603376,-11.687161,54.079,14.39426624,16.014439,54.4157,-10.95743376,-26.673861,10.7099,10.75026624,26.479139,10.444,-13.96493376,-16.935161,4.07525,13.58606624,38.766939,7.42244
97,-0.829701762,0.279939,103.956,-0.829701762,0.279939,103.956,-22.48943376,1.500939,149.123,20.84016624,-0.113561,148.58,-19.51083376,-3.279661,93.1839,17.43706624,0.270439,91.2017,-15.92823376,-11.783061,54.06,14.42066624,16.002439,54.321,-10.96723376,-27.188761,10.8323,10.70246624,26.479639,10.3565,-13.97943376,-17.516961,4.10977,13.53486624,38.772239,7.34627
97.5,-0.790878762,0.257639,103.892,-0.790878762,0.257639,103.892,-22.41183376,1.477739,149.07,20.90626624,-0.099561,148.482,-19.49583376,-3.239861,93.1287,17.46866624,0.304539,91.127,-15.90733376,-11.853661,54.0331,14.43746624,15.988539,54.2217,-10.97568376,-27.698461,10.964,10.64916624,26.379639,10.2541,-14.00103376,-18.096961,4.14799,13.48776624,38.657239,7.21178
98,-0.750755762,0.235339,103.828,-0.750755762,0.235339,103.828,-22.33213376,1.451739,149.018,20.97436624,-0.086561,148.384,-19.48103376,-3.196461,93.0744,17.50176624,0.344639,91.0531,-15.88283376,-11.910061,54.0034,14.45316624,15.968539,54.1189,-10.98313376,-28.202761,11.1023,10.59566624,26.243139,10.1485,-14.02293376,-18.675661,4.18586,13.44236624,38.498239,7.05855
98.5,-0.709428762,0.213139,103.764,-0.709428762,0.213139,103.764,-22.25123376,1.423139,148.966,21.04496624,-0.074561,148.287,-19.46703376,-3.149161,93.0203,17.53706624,0.390739,90.9796,-15.85493376,-11.955161,53.9703,14.46656624,15.944339,54.0135,-10.98893376,-28.702861,11.2455,10.54226624,26.072839,10.0392,-14.04563376,-19.251861,4.22349,13.39896624,38.298639,6.88523
99,-0.664799762,0.191439,103.699,-0.664799762,0.191439,103.699,-22.16703376,1.388039,148.912,21.12286624,-0.064861,148.189,-19.45473376,-3.091661,92.9669,17.57886624,0.453539,90.9067,-15.81883376,-11.969261,53.9281,14.47286624,15.910139,53.9027,-10.99154376,-29.192461,11.402,10.49036624,25.808339,9.91969,-14.07243376,-19.821161,4.26072,13.36246624,37.984739,6.65448
99.5,-0.618436762,0.170739,103.634,-0.618436762,0.170739,103.634,-22.08173376,1.351539,148.86,21.20376624,-0.055261,148.092,-19.44163376,-3.030861,92.9151,17.62216624,0.522139,90.8369,-15.77973376,-11.965961,53.8835,14.47966624,15.869439,53.792,-10.99383376,-29.673061,11.5671,10.44146624,25.515539,9.80066,-14.10023376,-20.387761,4.29777,13.33096624,37.637239,6.4132
,,,,,,,,,,,,,,,,,,,,,,,,,,,,,,,,,,,,
,1.452733762,44.950461,,,,,,,,,,,,,,,,,,,,,,,,,,,,,,,,,,
