[Gait],,,,,,,,,,,,,,,,,,,,,,,,,,,,,,,,,,,,
氏名,周期,歩行率,立脚,%,遊脚,%,両足支持,%,ストライド,ステップ,歩隔,,,,,,,,,,,,,,,,,,,,,,,,,
Group1(R),0,0,0,0,0,0,0,0,0,0,0,,,,,,,,,,,,,,,,,,,,,,,,,
SD,0,0,0,0,0,0,0,0,0,0,0,,,,,,,,,,,,,,,,,,,,,,,,,
CV,0,0,0,0,0,0,0,0,0,0,0,,,,,,,,,,,,,,,,,,,,,,,,,
Group1(L),0,0,0,0,0,0,0,0,0,0,0,,,,,,,,,,,,,,,,,,,,,,,,,
SD,0,0,0,0,0,0,0,0,0,0,0,,,,,,,,,,,,,,,,,,,,,,,,,
CV,0,0,0,0,0,0,0,0,0,0,0,,,,,,,,,,,,,,,,,,,,,,,,,
[Data],,,,,,,,,,,,,,,,,,,,,,,,,,,,,,,,,,,,
Cycle(%),重心[x](cm),重心[y](cm),重心[z](cm),重心[x](cm),重心[y](cm),重心[z](cm),左肩峰[x](cm),左肩峰[y](cm),左肩峰[z](cm),右肩峰[x](cm),右肩峰[y](cm),右肩峰[z](cm),左大転子[x](cm),左大転子[y](cm),左大転子[z](cm),右大転子[x](cm),右大転子[y](cm),右大転子[z](cm),左外側上顆[x](cm),左外側上顆[y](cm),左外側上顆[z](cm),右外側上顆[x](cm),右外側上顆[y](cm),右外側上顆[z](cm),左外果[x](cm),左外果[y](cm),左外果[z](cm),右外果[x](cm),右外果[y](cm),右外果[z](cm),左第５中足骨頭[x](cm),左第５中足骨頭[y](cm),左第５中足骨頭[z](cm),右第５中足骨頭[x](cm),右第５中足骨頭[y](cm),右第５中足骨頭[z](cm)
0,-0.471403403,-0.7391445,96.0885,-0.471403403,-0.7391445,96.0885,-21.2814324,-0.2219445,137.877,21.3123676,-2.8397445,136.377,-18.1257324,-2.4681445,86.5702,16.5040676,1.7778555,85.6551,-15.2821324,-13.7392445,48.8549,12.9933676,15.3738555,49.0345,-11.2539324,-33.2266445,12.3482,10.3055376,26.2822555,9.20053,-12.4575324,-24.4824445,3.1655,11.9787676,38.7250555,6.77941
0.5,-0.419004403,-0.7172445,96.0283,-0.419004403,-0.7172445,96.0283,-21.2149324,-0.2059445,137.799,21.4022676,-2.7843445,136.289,-18.0603324,-2.3654445,86.5101,16.5521676,1.8980555,85.6001,-15.2386324,-13.7280445,48.8406,12.9882676,15.4076555,48.9729,-11.2858324,-33.6600445,12.5836,10.2469476,25.9559555,9.07732,-12.4561324,-25.0790445,3.18744,11.9437676,38.3210555,6.43025
1,-0.366497403,-0.6942445,95.9699,-0.366497403,-0.6942445,95.9699,-21.1472324,-0.1895445,137.724,21.4926676,-2.7289445,136.204,-17.9959324,-2.2611445,86.4515,16.5990676,2.0187555,85.5467,-15.1958324,-13.7088445,48.8253,12.9851676,15.4408555,48.9135,-11.3185324,-34.0877445,12.8208,10.1891476,25.6298555,8.95713,-12.4543324,-25.6761445,3.20842,11.9090676,37.9160555,6.08382
1.5,-0.313610403,-0.6689445,95.9136,-0.313610403,-0.6689445,95.9136,-21.0794324,-0.1719445,137.651,21.5827676,-2.6728445,136.12,-17.9310324,-2.1532445,86.3939,16.6475676,2.1414555,85.4971,-15.1519324,-13.6781445,48.8093,12.9800676,15.4812555,48.8591,-11.3494324,-34.5078445,13.0617,10.1330776,25.2874555,8.83857,-12.4517324,-26.2712445,3.22652,11.8760676,37.4900555,5.73121
2,-0.259487403,-0.6315445,95.8714,-0.259487403,-0.6315445,95.8714,-21.0103324,-0.1490445,137.593,21.6717676,-2.6149445,136.051,-17.8655324,-2.0265445,86.3458,16.7004676,2.2730555,85.4692,-15.1075324,-13.5784445,48.7896,12.9700676,15.5463555,48.8302,-11.3743324,-34.8759445,13.3218,10.0873176,24.8850555,8.73289,-12.4432324,-26.8588445,3.23404,11.8497676,36.9910555,5.36801
2.5,-0.205341403,-0.5928445,95.8314,-0.205341403,-0.5928445,95.8314,-20.9402324,-0.1257445,137.539,21.7604676,-2.5564445,135.985,-17.8004324,-1.8986445,86.2989,16.7527676,2.4039555,85.4435,-15.0645324,-13.4680445,48.7676,12.9621676,15.6104555,48.8037,-11.4006324,-35.2354445,13.5835,10.0427376,24.4829555,8.63072,-12.4345324,-27.4471445,3.24241,11.8245676,36.4920555,5.01135
3,-0.150576403,-0.5507445,95.7953,-0.150576403,-0.5507445,95.7953,-20.8693324,-0.0999445,137.489,21.8478676,-2.4966445,135.923,-17.7344324,-1.7668445,86.2545,16.8070676,2.5365555,85.4238,-15.0205324,-13.3398445,48.7443,12.9532676,15.6798555,48.7824,-11.4237324,-35.5811445,13.8504,10.0008076,24.0698555,8.53343,-12.4241324,-28.0344445,3.24908,11.8009676,35.9790555,4.65897
3.5,-0.094437403,-0.4968445,95.7766,-0.094437403,-0.4968445,95.7766,-20.7954324,-0.0668445,137.46,21.9328676,-2.4348445,135.881,-17.6697324,-1.6220445,86.2219,16.8669676,2.6711555,85.4279,-14.9795324,-13.1341445,48.7119,12.9457676,15.7570555,48.7803,-11.4437324,-35.8582445,14.1379,9.970897597,23.6300555,8.4594,-12.4085324,-28.6215445,3.25887,11.7850676,35.4370555,4.34699
4,-0.038211403,-0.4416445,95.7602,-0.038211403,-0.4416445,95.7602,-20.7210324,-0.0333445,137.435,22.0169676,-2.3718445,135.842,-17.6046324,-1.4766445,86.19,16.9277676,2.8038555,85.4348,-14.9406324,-12.9155445,48.6761,12.9398676,15.8324555,48.7803,-11.4655324,-36.1229445,14.4276,9.942377597,23.1888555,8.38848,-12.3933324,-29.2082445,3.27315,11.7711676,34.8940555,4.04431
4.5,0.018928597,-0.3826445,95.7495,0.018928597,-0.3826445,95.7495,-20.6455324,0.0033555,137.416,22.0993676,-2.3073445,135.81,-17.5378324,-1.3286445,86.1617,16.9908676,2.9366555,85.4495,-14.9013324,-12.6722445,48.6371,12.9349676,15.9078555,48.7848,-11.4840324,-36.3651445,14.7247,9.916787597,22.7419555,8.32525,-12.3761324,-29.7949445,3.29103,11.7590676,34.3460555,3.75898
5,0.077919597,-0.3149445,95.7559,0.077919597,-0.3149445,95.7559,-20.5664324,0.0465555,137.42,22.1796676,-2.2409445,135.8,-17.4714324,-1.1761445,86.144,17.0609676,3.0649555,85.4858,-14.8675324,-12.3495445,48.5837,12.9362676,15.9719555,48.8005,-11.5041324,-36.5251445,15.0456,9.900607597,22.2800555,8.2859,-12.3567324,-30.3798445,3.33663,11.7563676,33.7900555,3.54011
5.5,0.137147597,-0.2460445,95.7645,0.137147597,-0.2460445,95.7645,-20.4875324,0.0899555,137.427,22.2588676,-2.1727445,135.793,-17.4036324,-1.0237445,86.1263,17.1332676,3.1901555,85.5253,-14.8360324,-12.0129445,48.5264,12.9385676,16.0322555,48.8175,-11.5260324,-36.6692445,15.3698,9.885667597,21.8143555,8.24862,-12.3389324,-30.9609445,3.39158,11.7563676,33.2330555,3.33144
6,0.197380597,-0.1743445,95.7797,0.197380597,-0.1743445,95.7797,-20.4077324,0.1355555,137.442,22.3368676,-2.1035445,135.795,-17.3338324,-0.8717445,86.1126,17.2077676,3.3131555,85.5733,-14.8052324,-11.6458445,48.4635,12.9442676,16.0848555,48.8376,-11.5461324,-36.7803445,15.7043,9.873037597,21.3441555,8.21974,-12.3196324,-31.5401445,3.46041,11.7582676,32.6750555,3.15005
6.5,0.259774597,-0.0984445,95.8089,0.259774597,-0.0984445,95.8089,-20.3255324,0.1838555,137.478,22.4133676,-2.0323445,135.816,-17.2605324,-0.7244445,86.1055,17.2888676,3.4266555,85.6372,-14.7804324,-11.2055445,48.3847,12.9579676,16.1081555,48.8611,-11.5710324,-36.8034445,16.0654,9.865197597,20.8571555,8.2073,-12.3027324,-32.1009445,3.58278,11.7697676,32.1143555,3.03303
7,0.322475597,-0.0221445,95.8399,0.322475597,-0.0221445,95.8399,-20.2441324,0.2319555,137.516,22.4891676,-1.9593445,135.839,-17.1855324,-0.5781445,86.0978,17.3727676,3.5360555,85.7043,-14.7572324,-10.7517445,48.3024,12.9721676,16.1248555,48.8848,-11.5974324,-36.8081445,16.4316,9.858117597,20.3639555,8.19578,-12.2884324,-32.6517445,3.71912,11.7837676,31.5507555,2.92508
7.5,0.385797197,0.0550555,95.8774,0.385797197,0.0550555,95.8774,-20.1627324,0.2792555,137.563,22.5646676,-1.8858445,135.872,-17.1090324,-0.4366445,86.0936,17.4575676,3.6407555,85.7789,-14.7362324,-10.2642445,48.2133,12.9914676,16.1247555,48.9099,-11.6245324,-36.7698445,16.8105,9.852137597,19.8628555,8.19062,-12.2744324,-33.1915445,3.88279,11.7998676,30.9874555,2.84632
8,0.450835697,0.1317555,95.9243,0.450835697,0.1317555,95.9243,-20.0812324,0.3238555,137.625,22.6389676,-1.8098445,135.919,-17.0254324,-0.3066445,86.0916,17.5460676,3.7327555,85.8626,-14.7187324,-9.7166445,48.1127,13.0175676,16.0826555,48.9326,-11.6557324,-36.6479445,17.2163,9.846887597,19.3400555,8.19164,-12.2664324,-33.6834445,4.11505,11.8229676,30.4174555,2.81046
8.5,0.515974397,0.2078555,95.9726,0.515974397,0.2078555,95.9726,-20.0010324,0.3666555,137.689,22.7129676,-1.7328445,135.968,-16.9406324,-0.1794445,86.0892,17.6360676,3.8200555,85.9489,-14.7017324,-9.1557445,48.0106,13.0442676,16.0300555,48.9544,-11.6877324,-36.5047445,17.6287,9.841867597,18.8095555,8.19307,-12.2621324,-34.1555445,4.36536,11.8475676,29.8433555,2.78223
9,0.580776797,0.2823555,96.0259,0.580776797,0.2823555,96.0259,-19.9221324,0.4051555,137.761,22.7869676,-1.6554445,136.024,-16.8550324,-0.0604445,86.0889,17.7243676,3.9008555,86.0397,-14.6870324,-8.5649445,47.9037,13.0757676,15.9543555,48.9759,-11.7222324,-36.3161445,18.0537,9.836837597,18.2665555,8.19662,-12.2597324,-34.5991445,4.65167,11.8736676,29.2662555,2.77349
9.5,0.645771597,0.3527555,96.0845,0.645771597,0.3527555,96.0845,-19.8460324,0.4350555,137.841,22.8593676,-1.5752445,136.088,-16.7625324,0.0433555,86.0889,17.8110676,3.9673555,86.1336,-14.6717324,-7.9297445,47.7954,13.1109676,15.8316555,48.992,-11.7565324,-36.0551445,18.5015,9.830667597,17.7014555,8.19883,-12.2654324,-34.9603445,5.00457,11.9023676,28.6782555,2.78258
10,0.710253597,0.4213555,96.1443,0.710253597,0.4213555,96.1443,-19.7716324,0.4611555,137.923,22.9319676,-1.4952445,136.153,-16.6704324,0.1428555,86.0892,17.8967676,4.0284555,86.2287,-14.6557324,-7.2827445,47.689,13.1467676,15.6945555,49.0065,-11.7906324,-35.7713445,18.9564,9.824407597,17.1280555,8.20132,-12.2751324,-35.2886445,5.37673,11.9309676,28.0858555,2.79602
10.5,0.773050597,0.4867555,96.2073,0.773050597,0.4867555,96.2073,-19.6995324,0.4799555,138.009,23.0030676,-1.4138445,136.223,-16.5785324,0.2323555,86.0909,17.9770676,4.0820555,86.3252,-14.6402324,-6.6128445,47.5834,13.1856676,15.5324555,49.0197,-11.8265324,-35.4460445,19.4208,9.817807597,16.5407555,8.20249,-12.2873324,-35.5663445,5.78399,11.9598676,27.4867555,2.81621
11,0.833651597,0.5458555,96.2727,0.833651597,0.5458555,96.2727,-19.6325324,0.4855555,138.098,23.0718676,-1.3305445,136.296,-16.4852324,0.3071555,86.0944,18.0501676,4.1207555,86.4205,-14.6205324,-5.9151445,47.489,13.2246676,15.3266555,49.0273,-11.8567324,-35.0637445,19.899,9.810387597,15.9365555,8.19975,-12.3071324,-35.7332445,6.23852,11.9869676,26.8762555,2.83537
11.5,0.892710597,0.6018555,96.3393,0.892710597,0.6018555,96.3393,-19.5677324,0.4853555,138.189,23.1404676,-1.2481445,136.368,-16.3943324,0.3761555,86.0997,18.1184676,4.1531555,86.5151,-14.5982324,-5.2080445,47.4017,13.2637676,15.1039555,49.0329,-11.8854324,-34.6584445,20.3819,9.802987597,15.3250555,8.19746,-12.3308324,-35.8501445,6.7091,12.0123676,26.2611555,2.85464
12,0.948885597,0.6543555,96.4077,0.948885597,0.6543555,96.4077,-19.5057324,0.4765555,138.281,23.2052676,-1.1638445,136.444,-16.3057324,0.4362555,86.1069,18.1796676,4.1779555,86.6085,-14.5743324,-4.4870445,47.3226,13.3033676,14.8595555,49.0369,-11.9135324,-34.2213445,20.8686,9.795677597,14.7032555,8.19292,-12.3556324,-35.9011445,7.20178,12.0369676,25.6389555,2.87161
12.5,1.000342597,0.6997555,96.4775,1.000342597,0.6997555,96.4775,-19.4500324,0.4527555,138.372,23.2672676,-1.0795445,136.518,-16.2245324,0.4847555,86.1201,18.2289676,4.1876555,86.6985,-14.5442324,-3.7528445,47.2658,13.3402676,14.5808555,49.0371,-11.9316324,-33.7419445,21.3563,9.788917597,14.0722555,8.1862,-12.3862324,-35.8261445,7.71266,12.0570676,25.0078555,2.87953
13,1.049021597,0.7413555,96.5484,1.049021597,0.7413555,96.5484,-19.3967324,0.4213555,138.464,23.3268676,-0.9964445,136.592,-16.1476324,0.5270555,86.1374,18.2705676,4.1895555,86.7858,-14.5097324,-3.0128445,47.2231,13.3758676,14.2851555,49.0353,-11.9461324,-33.2411445,21.8426,9.782567597,13.4368555,8.18032,-12.4191324,-35.6831445,8.22923,12.0744676,24.3732555,2.88416
13.5,1.094326597,0.7798555,96.6205,1.094326597,0.7798555,96.6205,-19.3462324,0.3827555,138.555,23.3816676,-0.9118445,136.667,-16.0756324,0.5634555,86.1581,18.3059676,4.1842555,86.8704,-14.4724324,-2.2670445,47.1937,13.4096676,13.9741555,49.0323,-11.9580324,-32.7196445,22.3262,9.776957597,12.7971555,8.17351,-12.4516324,-35.4732445,8.74964,12.0907676,23.7334555,2.88447
14,1.133306597,0.8115555,96.6941,1.133306597,0.8115555,96.6941,-19.3016324,0.3298555,138.644,23.4327676,-0.8299445,136.74,-16.0184324,0.5923555,86.1894,18.3280676,4.1640555,86.9511,-14.4292324,-1.5192445,47.1937,13.4398676,13.6403555,49.0278,-11.9584324,-32.1672445,22.7958,9.772917597,12.1546555,8.168,-12.4870324,-35.1390445,9.25801,12.1021676,23.0891555,2.87684
14.5,1.168545597,0.8391555,96.7691,1.168545597,0.8391555,96.7691,-19.2596324,0.2691555,138.732,23.4788676,-0.7498445,136.814,-15.9677324,0.6164555,86.2276,18.3424676,4.1344555,87.0274,-14.3809324,-0.7704445,47.2141,13.4666676,13.2922555,49.0219,-11.9532324,-31.5966445,23.2544,9.769627597,11.5118555,8.16384,-12.5224324,-34.7248445,9.75488,12.1111676,22.4432555,2.86554
15,1.200749597,0.8643555,96.8448,1.200749597,0.8643555,96.8448,-19.2202324,0.2035555,138.819,23.5203676,-0.6696445,136.889,-15.9232324,0.6374555,86.2706,18.3533676,4.0979555,87.1008,-14.3299324,-0.0212445,47.2495,13.4909676,12.9348555,49.015,-11.9449324,-31.0132445,23.7038,9.767157597,10.8690555,8.16062,-12.5565324,-34.2538445,10.2402,12.1192676,21.7948555,2.85255
15.5,1.226857597,0.8835555,96.9224,1.226857597,0.8835555,96.9224,-19.1848324,0.1273555,138.904,23.5576676,-0.5948445,136.962,-15.8957324,0.6545555,86.3265,18.3538676,4.0474555,87.17,-14.2756324,0.7222555,47.3151,13.5119676,12.5644555,49.0085,-11.9265324,-30.4068445,24.1257,9.766217597,10.2268555,8.1613,-12.5910324,-33.6775445,10.6904,12.1242676,21.1456555,2.83719
16,1.248937597,0.8987555,97.0016,1.248937597,0.8987555,97.0016,-19.1521324,0.0444555,138.988,23.5881676,-0.5232445,137.037,-15.8763324,0.6694555,86.3921,18.3497676,3.9862555,87.2342,-14.2171324,1.4617555,47.405,13.5281676,12.1835555,49.0014,-11.9014324,-29.7852445,24.5241,9.765797597,9.5871555,8.16349,-12.6232324,-33.0197445,11.1094,12.1279676,20.4968555,2.821
16.5,1.269143597,0.9117555,97.0812,1.269143597,0.9117555,97.0812,-19.1214324,-0.0409445,139.07,23.6152676,-0.4533445,137.112,-15.8617324,0.6834555,86.4627,18.3460676,3.9183555,87.2956,-14.1572324,2.1982555,47.5079,13.5421676,11.7973555,48.9936,-11.8741324,-29.1549445,24.9081,9.765587597,8.9486555,8.1677,-12.6546324,-32.3213445,11.5082,12.1314676,19.8474555,2.80639
17,1.285312597,0.9199555,97.1623,1.285312597,0.9199555,97.1623,-19.0922324,-0.1317445,139.15,23.6380676,-0.3906445,137.188,-15.8596324,0.6955555,86.5449,18.3376676,3.8385555,87.3528,-14.0974324,2.9246555,47.636,13.5545676,11.4035555,48.9868,-11.8403324,-28.5068445,25.2547,9.765917597,8.3110555,8.17602,-12.6846324,-31.5471445,11.8608,12.1341676,19.1988555,2.79447
17.5,1.298098597,0.9240555,97.2448,1.298098597,0.9240555,97.2448,-19.0659324,-0.2271445,139.23,23.6541676,-0.3337445,137.266,-15.8656324,0.7079555,86.6382,18.3299676,3.7477555,87.405,-14.0364324,3.6420555,47.7881,13.5623676,11.0017555,48.9799,-11.8003324,-27.8443445,25.5641,9.765737597,7.6757555,8.18536,-12.7115324,-30.7010445,12.1658,12.1368676,18.5515555,2.78573
18,1.310668597,0.9262555,97.327,1.310668597,0.9262555,97.327,-19.0406324,-0.3231445,139.308,23.6683676,-0.2799445,137.344,-15.8722324,0.7206555,86.7352,18.3256676,3.6506555,87.4547,-13.9756324,4.3544555,47.9489,13.5690676,10.5963555,48.9727,-11.7594324,-27.1751445,25.8558,9.764947597,7.0409555,8.19653,-12.7386324,-29.8312445,12.4494,12.1401676,17.9045555,2.77977
18.5,1.322046597,0.9243555,97.4097,1.322046597,0.9243555,97.4097,-19.0151324,-0.4197445,139.385,23.6789676,-0.2337445,137.425,-15.8828324,0.7320555,86.8398,18.3232676,3.5441555,87.4996,-13.9176324,5.0542555,48.1273,13.5756676,10.1842555,48.9661,-11.7155324,-26.4911445,26.1042,9.763537597,6.4054555,8.21009,-12.7639324,-28.9126445,12.685,12.1439676,17.2580555,2.7784
19,1.331806597,0.9183555,97.4925,1.331806597,0.9183555,97.4925,-18.9924324,-0.5183445,139.461,23.6847676,-0.1963445,137.507,-15.8974324,0.7452555,86.9537,18.3262676,3.4284555,87.5401,-13.8622324,5.7399555,48.3239,13.5801676,9.7643555,48.9596,-11.6676324,-25.7919445,26.304,9.760237597,5.7694555,8.22353,-12.7869324,-27.9433445,12.867,12.1483676,16.6116555,2.78224
19.5,1.342733597,0.9105555,97.5744,1.342733597,0.9105555,97.5744,-18.9696324,-0.6163445,139.535,23.6898676,-0.1623445,137.589,-15.9082324,0.7593555,87.0692,18.3340676,3.3071555,87.5782,-13.8081324,6.4195555,48.5249,13.5845676,9.3413555,48.9528,-11.6197324,-25.0869445,26.4845,9.755927597,5.1326555,8.23784,-12.8109324,-26.9607445,13.0297,12.1536676,15.9658555,2.78788
20,1.354989597,0.8993555,97.655,1.354989597,0.8993555,97.655,-18.9460324,-0.7116445,139.609,23.6928676,-0.1354445,137.673,-15.9146324,0.7720555,87.1876,18.3482676,3.1794555,87.6112,-13.7584324,7.0840555,48.7357,13.5899676,8.9100555,48.9461,-11.5712324,-24.3689445,26.6193,9.750357597,4.4940555,8.25228,-12.8339324,-25.9495445,13.1486,12.1592676,15.3192555,2.79683
20.5,1.367638597,0.8838555,97.7336,1.367638597,0.8838555,97.7336,-18.9248324,-0.8068445,139.681,23.6933676,-0.1190445,137.758,-15.9178324,0.7864555,87.3103,18.3695676,3.0454555,87.6399,-13.7141324,7.7297555,48.9563,13.5966676,8.4691555,48.9393,-11.5209324,-23.6343445,26.6988,9.741917597,3.8519555,8.26565,-12.8562324,-24.9078445,13.2171,12.1651676,14.6709555,2.80969
21,1.382052597,0.8668555,97.8106,1.382052597,0.8668555,97.8106,-18.9032324,-0.9008445,139.751,23.6947676,-0.1058445,137.841,-15.9155324,0.8021555,87.4329,18.3949676,2.9071555,87.6665,-13.6715324,8.3679555,49.178,13.6037676,8.0255555,48.9323,-11.4708324,-22.8947445,26.7586,9.732917597,3.2086555,8.2789,-12.8795324,-23.8572445,13.2688,12.1713676,14.0231555,2.8225
21.5,1.399115597,0.8471555,97.8845,1.399115597,0.8471555,97.8845,-18.8811324,-0.9909445,139.82,23.6953676,-0.0986445,137.924,-15.9031324,0.8164555,87.554,18.4279676,2.7654555,87.6881,-13.6336324,8.9885555,49.403,13.6122676,7.5727555,48.925,-11.4215324,-22.1428445,26.773,9.722747597,2.5635555,8.29094,-12.9032324,-22.7896445,13.2833,12.1767676,13.3735555,2.83574
22,1.417658597,0.8233555,97.954,1.417658597,0.8233555,97.954,-18.8615324,-1.0792445,139.885,23.6953676,-0.1016445,138.005,-15.8816324,0.8315555,87.6739,18.4657676,2.6203555,87.7053,-13.6019324,9.5852555,49.6304,13.6248676,7.1088555,48.9176,-11.3714324,-21.3736445,26.7306,9.709757597,1.9141555,8.30187,-12.9276324,-21.7025445,13.2546,12.1814676,12.7214555,2.84941
22.5,1.437578597,0.7984555,98.0212,1.437578597,0.7984555,98.0212,-18.8418324,-1.1663445,139.949,23.6976676,-0.1076445,138.084,-15.8566324,0.8483555,87.7923,18.5057676,2.4731555,87.7205,-13.5718324,10.1732555,49.8565,13.6379676,6.6432555,48.9098,-11.3216324,-20.5996445,26.6694,9.697227597,1.2642555,8.31225,-12.9523324,-20.6072445,13.211,12.1855676,12.0696555,2.86173
23,1.459869597,0.7713555,98.0839,1.459869597,0.7713555,98.0839,-18.8226324,-1.2495445,140.009,23.6998676,-0.1183445,138.162,-15.8199324,0.8640555,87.9063,18.5504676,2.3247555,87.7314,-13.5459324,10.7393555,50.0817,13.6521676,6.1693555,48.9022,-11.2726324,-19.8126445,26.5628,9.683967597,0.6136555,8.32161,-12.9786324,-19.4973445,13.1348,12.1877676,11.4158555,2.87183
23.5,1.483152597,0.7409555,98.1406,1.483152597,0.7409555,98.1406,-18.8059324,-1.3302445,140.063,23.7026676,-0.1370445,138.233,-15.7749324,0.8796555,88.0157,18.5956676,2.1753555,87.7379,-13.5252324,11.2789555,50.3041,13.6707676,5.6867555,48.8945,-11.2236324,-19.0095445,26.407,9.669267597,-0.0390445,8.33089,-13.0057324,-18.3709445,13.0249,12.1883676,10.7609555,2.87917
24,1.506557597,0.7099555,98.1945,1.506557597,0.7099555,98.1945,-18.7903324,-1.4096445,140.116,23.7083676,-0.1587445,138.303,-15.7307324,0.8964555,88.1224,18.6404676,2.0263555,87.7429,-13.5059324,11.8076555,50.5242,13.6900676,5.2034555,48.8865,-11.1747324,-18.2006445,26.2321,9.655727597,-0.6911445,8.33981,-13.0325324,-17.2346445,12.9006,12.1873676,10.1058555,2.88488
24.5,1.530527597,0.6772555,98.2429,1.530527597,0.6772555,98.2429,-18.7763324,-1.4860445,140.162,23.7136676,-0.1838445,138.368,-15.6784324,0.9132555,88.2237,18.6846676,1.8772555,87.7445,-13.4900324,12.3103555,50.7406,13.7096676,4.7155555,48.8793,-11.1268324,-17.3772445,26.0138,9.642047597,-1.3420445,8.34916,-13.0612324,-16.0803445,12.7467,12.1847676,9.4500555,2.88723
25,1.553827597,0.6423555,98.2847,1.553827597,0.6423555,98.2847,-18.7651324,-1.5595445,140.203,23.7203676,-0.2147445,138.426,-15.6243324,0.9290555,88.3193,18.7257676,1.7285555,87.7418,-13.4784324,12.7847555,50.9518,13.7322676,4.2238555,48.8723,-11.0794324,-16.5383445,25.7545,9.628547597,-1.9922445,8.35962,-13.0905324,-14.9071445,12.5652,12.1800676,8.7950555,2.88564
25.5,1.575627597,0.6070555,98.3237,1.575627597,0.6070555,98.3237,-18.7560324,-1.6315445,140.24,23.7289676,-0.2481445,138.481,-15.5759324,0.9449555,88.4117,18.7640676,1.5820555,87.7382,-13.4678324,13.2473555,51.1602,13.7553676,3.7329555,48.8654,-11.0323324,-15.6926445,25.4783,9.616127597,-2.6409445,8.37032,-13.1192324,-13.7233445,12.3714,12.1737676,8.1399555,2.88287
26,1.595317597,0.5707555,98.3568,1.595317597,0.5707555,98.3568,-18.7496324,-1.7009445,140.271,23.7366676,-0.2842445,138.53,-15.5280324,0.9616555,88.4989,18.7970676,1.4358555,87.7322,-13.4604324,13.6802555,51.3629,13.7778676,3.2424555,48.8599,-10.9872324,-14.8300445,25.1616,9.603957597,-3.2869445,8.38313,-13.1491324,-12.5158445,12.1498,12.1670676,7.4859555,2.87755
26.5,1.612337597,0.5330555,98.3835,1.612337597,0.5330555,98.3835,-18.7464324,-1.7677445,140.294,23.7455676,-0.3239445,138.572,-15.4864324,0.9763555,88.5805,18.8247676,1.2911555,87.7226,-13.4569324,14.0848555,51.5587,13.8011676,2.7539555,48.8549,-10.9435324,-13.9518445,24.8119,9.592877597,-3.9304445,8.39765,-13.1794324,-11.2873445,11.9055,12.1586676,6.8338555,2.86892
27,1.626657597,0.4952555,98.4077,1.626657597,0.4952555,98.4077,-18.7453324,-1.8326445,140.315,23.7542676,-0.3654445,138.611,-15.4537324,0.9894555,88.6591,18.8487676,1.1490555,87.7124,-13.4545324,14.4771555,51.7513,13.8247676,2.2672555,48.8504,-10.9008324,-13.0657445,24.4475,9.582227597,-4.5721445,8.41282,-13.2094324,-10.0484445,11.6515,12.1496676,6.1818555,2.85978
27.5,1.636297597,0.4566555,98.4259,1.636297597,0.4566555,98.4259,-18.7479324,-1.8948445,140.328,23.7619676,-0.4094445,138.643,-15.4325324,1.0032555,88.7327,18.8655676,1.0073555,87.7008,-13.4557324,14.8377555,51.9355,13.8471676,1.7855555,48.8476,-10.8624324,-12.1600445,24.0468,9.571787597,-5.2109445,8.43101,-13.2396324,-8.7823445,11.372,12.1419676,5.5322555,2.85019
28,1.642007597,0.4174555,98.4385,1.642007597,0.4174555,98.4385,-18.7536324,-1.9546445,140.335,23.7693676,-0.4549445,138.67,-15.4222324,1.0137555,88.8009,18.8768676,0.8680555,87.6862,-13.4613324,15.1718555,52.1111,13.8689676,1.3096555,48.8457,-10.8265324,-11.2380445,23.6198,9.562347597,-5.8473445,8.45068,-13.2702324,-7.4964445,11.076,12.1335676,4.8841555,2.83874
28.5,1.644597597,0.3780555,98.4487,1.644597597,0.3780555,98.4487,-18.7605324,-2.0121445,140.34,23.7746676,-0.5014445,138.694,-15.4216324,1.0210555,88.866,18.8849676,0.7307555,87.6712,-13.4683324,15.4930555,52.282,13.8907676,0.8361555,48.8444,-10.7927324,-10.3071445,23.1794,9.552667597,-6.4823445,8.47107,-13.3012324,-6.2004445,10.7723,12.1259676,4.2364555,2.82754
29,1.641227597,0.3380555,98.4531,1.641227597,0.3380555,98.4531,-18.7716324,-2.0665445,140.338,23.7789676,-0.5501445,138.711,-15.4406324,1.0272555,88.9258,18.8875676,0.5942555,87.6551,-13.4799324,15.7833555,52.4408,13.9115676,0.3693555,48.8449,-10.7658324,-9.3544445,22.7086,9.542907597,-7.1156445,8.49415,-13.3317324,-4.8788445,10.4493,12.1205676,3.5905555,2.8178
29.5,1.634067597,0.2978555,98.4526,1.634067597,0.2978555,98.4526,-18.7851324,-2.1187445,140.332,23.7810676,-0.5985445,138.724,-15.4687324,1.0287555,88.9792,18.8858676,0.4606555,87.6369,-13.4958324,16.0495555,52.588,13.9314676,-0.0905445,48.8463,-10.7430324,-8.3853445,22.2168,9.533537597,-7.7476445,8.51814,-13.3623324,-3.5407445,10.1167,12.1156676,2.9450555,2.80774
30,1.624057597,0.2572555,98.4496,1.624057597,0.2572555,98.4496,-18.7987324,-2.1684445,140.323,23.7797676,-0.6468445,138.735,-15.5057324,1.0263555,89.029,18.8824676,0.3282555,87.6179,-13.5140324,16.3016555,52.7279,13.9509676,-0.5481445,48.8483,-10.7233324,-7.4059445,21.7125,9.523617597,-8.3789445,8.54262,-13.3936324,-2.1930445,9.77847,12.1127676,2.2997555,2.79876
30.5,1.608987597,0.2160555,98.4408,1.608987597,0.2160555,98.4408,-18.8160324,-2.2147445,140.31,23.7778676,-0.6965445,138.739,-15.5615324,1.0199555,89.0716,18.8772676,0.1978555,87.5976,-13.5371324,16.5256555,52.8512,13.9707676,-1.0003445,48.852,-10.7125324,-6.4043445,21.1844,9.513887597,-9.0102445,8.56904,-13.4241324,-0.8253445,9.4305,12.1118676,1.6542555,2.792
31,1.591447597,0.1747555,98.4276,1.591447597,0.1747555,98.4276,-18.8346324,-2.2587445,140.294,23.7719676,-0.7443445,138.741,-15.6207324,1.0080555,89.1064,18.8696676,0.0700555,87.5757,-13.5635324,16.7279555,52.9594,13.9901676,-1.4473445,48.8563,-10.7071324,-5.3867445,20.6412,9.504127597,-9.6412445,8.59604,-13.4536324,0.5551555,9.08028,12.1121676,1.0081555,2.78622
31.5,1.571987597,0.1330555,98.4115,1.571987597,0.1330555,98.4115,-18.8528324,-2.3005445,140.276,23.7631676,-0.7911445,138.739,-15.6854324,0.9923555,89.1364,18.8622676,-0.0566445,87.5524,-13.5928324,16.9148555,53.0565,14.0088676,-1.8921445,48.8611,-10.7060324,-4.3577445,20.0872,9.494027597,-10.2723445,8.62344,-13.4831324,1.9443555,8.72794,12.1143676,0.3614555,2.78198
32,1.549967597,0.0908555,98.3896,1.549967597,0.0908555,98.3896,-18.8735324,-2.3389445,140.256,23.7529676,-0.8373445,138.732,-15.7598324,0.9701555,89.1566,18.8561676,-0.1802445,87.5274,-13.6257324,17.0759555,53.1327,14.0293676,-2.3344445,48.8677,-10.7137324,-3.3072445,19.5166,9.485287597,-10.9041445,8.65265,-13.5112324,3.3481555,8.3764,12.1177676,-0.2869445,2.78011
32.5,1.527387597,0.0485555,98.3634,1.527387597,0.0485555,98.3634,-18.8942324,-2.3750445,140.233,23.7392676,-0.8808445,138.723,-15.8312324,0.9430555,89.1676,18.8498676,-0.3015445,87.5008,-13.6600324,17.2170555,53.1904,14.0499676,-2.7736445,48.8747,-10.7279324,-2.2422445,18.9387,9.476837597,-11.5358445,8.68287,-13.5364324,4.7612555,8.03011,12.1223676,-0.9364445,2.77988
33,1.504307597,0.0061555,98.3336,1.504307597,0.0061555,98.3336,-18.9153324,-2.4093445,140.209,23.7236676,-0.9223445,138.709,-15.9021324,0.9124555,89.1721,18.8449676,-0.4212445,87.4722,-13.6971324,17.3410555,53.2328,14.0700676,-3.2107445,48.8819,-10.7474324,-1.1643445,18.3535,9.468797597,-12.1680445,8.71411,-13.5597324,6.1825555,7.68774,12.1275676,-1.5870445,2.78119
33.5,1.481353597,-0.0362445,98.2985,1.481353597,-0.0362445,98.2985,-18.9371324,-2.4407445,140.184,23.7057676,-0.9610445,138.691,-15.9706324,0.8758555,89.1655,18.8424676,-0.5373445,87.4414,-13.7353324,17.4416555,53.2526,14.0924676,-3.6466445,48.8909,-10.7737324,-0.0676445,17.7616,9.463627597,-12.8001445,8.74794,-13.5799324,7.6141555,7.35569,12.1333676,-2.2394445,2.78458
34,1.459567597,-0.0787445,98.2592,1.459567597,-0.0787445,98.2592,-18.9585324,-2.4698445,140.157,23.6861676,-0.9970445,138.669,-16.0321324,0.8356555,89.1492,18.8416676,-0.6510445,87.4088,-13.7726324,17.5224555,53.2519,14.1150676,-4.0806445,48.9004,-10.8072324,1.0413555,17.1719,9.459817597,-13.4318445,8.78413,-13.5950324,9.0519555,7.03705,12.1393676,-2.8923445,2.78956
34.5,1.438748597,-0.1208445,98.2156,1.438748597,-0.1208445,98.2156,-18.9814324,-2.4977445,140.128,23.6657676,-1.0298445,138.643,-16.0851324,0.7931555,89.1247,18.8419676,-0.7621445,87.3737,-13.8110324,17.5840555,53.232,14.1373676,-4.5115445,48.9101,-10.8462324,2.1642555,16.5823,9.457397597,-14.0633445,8.82283,-13.6055324,10.4972555,6.7312,12.1446676,-3.5460445,2.79559
35,1.419635597,-0.1623445,98.1677,1.419635597,-0.1623445,98.1677,-19.0040324,-2.5231445,140.098,23.6427676,-1.0585445,138.613,-16.1281324,0.7471555,89.0901,18.8441676,-0.8699445,87.3363,-13.8483324,17.6245555,53.1912,14.1609676,-4.9396445,48.9213,-10.8900324,3.3017555,15.9972,9.458767597,-14.6932445,8.86535,-13.6108324,11.9493555,6.44333,12.1500676,-4.1998445,2.80284
35.5,1.402476597,-0.2033445,98.1161,1.402476597,-0.2033445,98.1161,-19.0266324,-2.5465445,140.065,23.6202676,-1.0849445,138.579,-16.1636324,0.6998555,89.0468,18.8488676,-0.9746445,87.2972,-13.8829324,17.6447555,53.13,14.1845676,-5.3646445,48.9335,-10.9403324,4.4483555,15.4256,9.462717597,-15.3220445,8.91211,-13.6094324,13.4034555,6.17804,12.1548676,-4.8531445,2.81092
36,1.387203597,-0.2434445,98.0601,1.387203597,-0.2434445,98.0601,-19.0516324,-2.5687445,140.029,23.5974676,-1.1072445,138.539,-16.1842324,0.6522555,88.9949,18.8532676,-1.0760445,87.2551,-13.9161324,17.6440555,53.0481,14.2072676,-5.7836445,48.9457,-10.9960324,5.6072555,14.8657,9.468817597,-15.9493445,8.96336,-13.6008324,14.8619555,5.93654,12.1580676,-5.5055445,2.81901
36.5,1.373638597,-0.2822445,98.0013,1.373638597,-0.2822445,98.0013,-19.0763324,-2.5889445,139.992,23.5725676,-1.1259445,138.496,-16.1941324,0.6043555,88.9359,18.8579676,-1.1743445,87.2111,-13.9472324,17.6245555,52.9494,14.2297676,-6.1965445,48.959,-11.0546324,6.7754555,14.321,9.478407597,-16.5739445,9.01921,-13.5855324,16.3225555,5.71897,12.1612676,-6.1561445,2.82695
37,1.361499597,-0.3201445,97.9399,1.361499597,-0.3201445,97.9399,-19.1020324,-2.6073445,139.953,23.5494676,-1.1422445,138.45,-16.1998324,0.5581555,88.8707,18.8646676,-1.2686445,87.1658,-13.9749324,17.5849555,52.8333,14.2515676,-6.6026445,48.9738,-11.1181324,7.9465555,13.8005,9.491067597,-17.1965445,9.08101,-13.5637324,17.7773555,5.53319,12.1633676,-6.8050445,2.83438
37.5,1.351092597,-0.3561445,97.8747,1.351092597,-0.3561445,97.8747,-19.1304324,-2.6236445,139.909,23.5256676,-1.1546445,138.398,-16.1896324,0.5138555,88.7981,18.8692676,-1.3588445,87.1176,-13.9993324,17.5236555,52.6979,14.2714676,-6.9978445,48.9884,-11.1862324,9.1234555,13.3066,9.506077597,-17.8160445,9.14891,-13.5334324,19.2277555,5.38292,12.1641676,-7.4509445,2.84024
38,1.341218597,-0.3907445,97.8083,1.341218597,-0.3907445,97.8083,-19.1592324,-2.6383445,139.863,23.5010676,-1.1645445,138.344,-16.1738324,0.4718555,88.7224,18.8724676,-1.4460445,87.0681,-14.0218324,17.4470555,52.5512,14.2896676,-7.3840445,49.0033,-11.2560324,10.3019555,12.8347,9.523167597,-18.4325445,9.22117,-13.4969324,20.6727555,5.25968,12.1649676,-8.0944445,2.84468
38.5,1.331207597,-0.4237445,97.7409,1.331207597,-0.4237445,97.7409,-19.1901324,-2.6513445,139.815,23.4773676,-1.1720445,138.288,-16.1582324,0.4341555,88.6434,18.8759676,-1.5282445,87.0181,-14.0420324,17.3518555,52.3921,14.3062676,-7.7589445,49.0196,-11.3278324,11.4727555,12.3953,9.542697597,-19.0462445,9.30026,-13.4556324,22.0980555,5.17531,12.1649676,-8.7354445,2.84706
39,1.321479597,-0.4542445,97.6713,1.321479597,-0.4542445,97.6713,-19.2234324,-2.6608445,139.761,23.4525676,-1.1764445,138.227,-16.1337324,0.4005555,88.5601,18.8761676,-1.6052445,86.9656,-14.0586324,17.2362555,52.2182,14.3196676,-8.1174445,49.0355,-11.4030324,12.6350555,11.9958,9.564047597,-19.6555445,9.38592,-13.4080324,23.5017555,5.1355,12.1645676,-9.3727445,2.84633
39.5,1.310875597,-0.4835445,97.6016,1.310875597,-0.4835445,97.6016,-19.2576324,-2.6689445,139.706,23.4277676,-1.1794445,138.166,-16.1096324,0.3702555,88.4766,18.8735676,-1.6792445,86.9125,-14.0744324,17.1098555,52.0382,14.3307676,-8.4660445,49.0508,-11.4786324,13.7892555,11.6195,9.585797597,-20.2619445,9.47494,-13.3560324,24.8896555,5.12129,12.1641676,-10.0084445,2.84381
40,1.298258597,-0.5108445,97.5323,1.298258597,-0.5108445,97.5323,-19.2946324,-2.6748445,139.649,23.4014676,-1.1801445,138.103,-16.0898324,0.3459555,88.3924,18.8688676,-1.7472445,86.8595,-14.0898324,16.9681555,51.8519,14.3394676,-8.7991445,49.0668,-11.5529324,14.9181555,11.2803,9.608497597,-20.8646445,9.57052,-13.3028324,26.2368555,5.14805,12.1639676,-10.6419445,2.83826
40.5,1.283596597,-0.5356445,97.4629,1.283596597,-0.5356445,97.4629,-19.3336324,-2.6760445,139.588,23.3738676,-1.1786445,138.038,-16.0730324,0.3273555,88.3075,18.8602676,-1.8088445,86.8053,-14.1033324,16.8104555,51.6571,14.3440676,-9.1127445,49.0819,-11.6280324,16.0162555,10.9857,9.631997597,-21.4620445,9.67198,-13.2479324,27.5367555,5.21938,12.1635676,-11.2734445,2.82927
41,1.267263597,-0.5595445,97.3937,1.267263597,-0.5595445,97.3937,-19.3735324,-2.6759445,139.525,23.3458676,-1.1762445,137.972,-16.0600324,0.3119555,88.2235,18.8482676,-1.8672445,86.7507,-14.1172324,16.6464555,51.4601,14.3465676,-9.4175445,49.0957,-11.7022324,17.0955555,10.711,9.654867597,-22.0566445,9.77567,-13.1910324,28.8095555,5.31022,12.1633676,-11.9049445,2.81942
41.5,1.247370597,-0.5816445,97.3259,1.247370597,-0.5816445,97.3259,-19.4163324,-2.6727445,139.461,23.3142676,-1.1720445,137.906,-16.0544324,0.3032555,88.1404,18.8323676,-1.9189445,86.6965,-14.1327324,16.4729555,51.2623,14.3456676,-9.7047445,49.109,-11.7716324,18.1249555,10.4714,9.676997597,-22.6464445,9.88469,-13.1376324,30.0147555,5.4343,12.1639676,-12.5357445,2.80709
42,1.223478597,-0.6014445,97.2593,1.223478597,-0.6014445,97.2593,-19.4608324,-2.6643445,139.395,23.2803676,-1.1658445,137.84,-16.0608324,0.3012555,88.0587,18.8117676,-1.9626445,86.6425,-14.1489324,16.2893555,51.0621,14.3406676,-9.9723445,49.1211,-11.8378324,19.0950555,10.2715,9.699217597,-23.2300445,9.99899,-13.0874324,31.1412555,5.59157,12.1641676,-13.1674445,2.79329
42.5,1.197881597,-0.6207445,97.1929,1.197881597,-0.6207445,97.1929,-19.5060324,-2.6545445,139.328,23.2454676,-1.1587445,137.773,-16.0716324,0.3020555,87.9776,18.7884676,-2.0034445,86.5881,-14.1659324,16.1036555,50.8618,14.3339676,-10.2331445,49.1316,-11.9018324,20.0373555,10.0849,9.720567597,-23.8111445,10.1147,-13.0374324,32.2320555,5.75789,12.1649676,-13.8006445,2.78031
43,1.168026597,-0.6387445,97.1277,1.168026597,-0.6387445,97.1277,-19.5538324,-2.6407445,139.259,23.2058676,-1.1505445,137.705,-16.0908324,0.3098555,87.8978,18.7598676,-2.0369445,86.5341,-14.1857324,15.9153555,50.6651,14.3229676,-10.4764445,49.1402,-11.9578324,20.9000555,9.92517,9.740207597,-24.3854445,10.2347,-12.9943324,33.2250555,5.93818,12.1660676,-14.4354445,2.76749
43.5,1.133558597,-0.6550445,97.0641,1.133558597,-0.6550445,97.0641,-19.6034324,-2.6225445,139.191,23.1624676,-1.1398445,137.638,-16.1235324,0.3252555,87.819,18.7264676,-2.0612445,86.4813,-14.2079324,15.7240555,50.4703,14.3080676,-10.7026445,49.1474,-12.0060324,21.6767555,9.79128,9.759717597,-24.9531445,10.3601,-12.9573324,34.1120555,6.12783,12.1667676,-15.0729445,2.75708
44,1.097827597,-0.6709445,97.0003,1.097827597,-0.6709445,97.0003,-19.6535324,-2.6026445,139.121,23.1176676,-1.1282445,137.571,-16.1594324,0.3431555,87.7399,18.6916676,-2.0831445,86.4281,-14.2308324,15.5337555,50.2765,14.2915676,-10.9238445,49.1534,-12.0510324,22.4202555,9.66392,9.778617597,-25.5184445,10.4867,-12.9216324,34.9590555,6.31544,12.1677676,-15.7122445,2.74878
44.5,1.058085597,-0.6861445,96.9369,1.058085597,-0.6861445,96.9369,-19.7064324,-2.5784445,139.051,23.0685676,-1.1161445,137.501,-16.2022324,0.3691555,87.6617,18.6512676,-2.0969445,86.3753,-14.2560324,15.3479555,50.0889,14.2697676,-11.1278445,49.1567,-12.0850324,23.0510555,9.55083,9.795937597,-26.0745445,10.6184,-12.8936324,35.6740555,6.48647,12.1682676,-16.3549445,2.74533
45,1.014790597,-0.7001445,96.8742,1.014790597,-0.7001445,96.8742,-19.7614324,-2.5512445,138.981,23.0145676,-1.1014445,137.431,-16.2524324,0.4030555,87.5828,18.6070676,-2.1019445,86.3239,-14.2836324,15.1657555,49.9053,14.2442676,-11.3178445,49.1588,-12.1086324,23.5865555,9.4467,9.813117597,-26.6242445,10.756,-12.8703324,36.2780555,6.6397,12.1685676,-16.9995445,2.74704
45.5,0.970639597,-0.7136445,96.8111,0.970639597,-0.7136445,96.8111,-19.8171324,-2.5226445,138.911,22.9588676,-1.0856445,137.36,-16.3041324,0.4400555,87.5031,18.5627676,-2.1047445,86.2724,-14.3114324,14.9863555,49.7233,14.2170676,-11.5033445,49.1603,-12.1283324,24.0844555,9.34438,9.829857597,-27.1715445,10.8954,-12.8486324,36.8380555,6.78145,12.1686676,-17.6448445,2.75131
46,0.923668597,-0.7264445,96.7473,0.923668597,-0.7264445,96.7473,-19.8764324,-2.4898445,138.839,22.9000676,-1.0698445,137.286,-16.3584324,0.4871555,87.4234,18.5135676,-2.0982445,86.2215,-14.3395324,14.8185555,49.5491,14.1833676,-11.6700445,49.159,-12.1353324,24.4452555,9.24243,9.845977597,-27.7072445,11.043,-12.8312324,37.2430555,6.87094,12.1675676,-18.2929445,2.76479
46.5,0.874673597,-0.7380445,96.6834,0.874673597,-0.7380445,96.6834,-19.9386324,-2.4555445,138.768,22.8364676,-1.0519445,137.21,-16.4127324,0.5420555,87.3423,18.4626676,-2.0842445,86.1719,-14.3686324,14.6585555,49.3799,14.1456676,-11.8233445,49.1568,-12.1320324,24.7167555,9.13855,9.861407597,-28.2364445,11.1975,-12.8149324,37.5460555,6.92439,12.1663676,-18.9399445,2.78318
47,0.825206597,-0.7490445,96.6191,0.825206597,-0.7490445,96.6191,-20.0020324,-2.4203445,138.696,22.7711676,-1.0332445,137.133,-16.4667324,0.6006555,87.2603,18.4123676,-2.0676445,86.1226,-14.3974324,14.5029555,49.213,14.1062676,-11.9709445,49.1544,-12.1247324,24.9498555,9.03339,9.876307597,-28.7629445,11.3546,-12.7994324,37.8050555,6.95959,12.1646676,-19.5859445,2.80338
47.5,0.774297597,-0.7580445,96.5538,0.774297597,-0.7580445,96.5538,-20.0701324,-2.3816445,138.622,22.7037676,-1.0143445,137.053,-16.5181324,0.6716555,87.1788,18.3593676,-2.0404445,86.0747,-14.4238324,14.3647555,49.0558,14.0598676,-12.0941445,49.1498,-12.1051324,25.0404555,8.9198,9.891307597,-29.2756445,11.5249,-12.7816324,37.9040555,6.9158,12.1619676,-20.2308445,2.83338
48,0.722534597,-0.7655445,96.4884,0.722534597,-0.7655445,96.4884,-20.1416324,-2.3426445,138.548,22.6322676,-0.9947445,136.97,-16.5653324,0.7494555,87.0969,18.3064676,-2.0066445,86.0279,-14.4495324,14.2365555,48.9043,14.0093676,-12.2012445,49.1439,-12.0781324,25.0597555,8.80124,9.904707597,-29.7807445,11.7025,-12.7615324,37.9240555,6.83208,12.1590676,-20.8719445,2.86543
48.5,0.670562597,-0.7721445,96.4229,0.670562597,-0.7721445,96.4229,-20.2149324,-2.3034445,138.474,22.5597676,-0.9747445,136.887,-16.6110324,0.8309555,87.015,18.2542676,-1.9697445,85.9818,-14.4745324,14.1142555,48.7561,13.9572676,-12.3001445,49.1377,-12.0474324,25.0431555,8.68059,9.917197597,-30.2818445,11.8839,-12.7408324,37.9020555,6.72769,12.1553676,-21.5106445,2.89765
49,0.617807597,-0.7741445,96.3581,0.617807597,-0.7741445,96.3581,-20.2938324,-2.2613445,138.398,22.4844676,-0.9537445,136.803,-16.6519324,0.9257555,86.9366,18.2020676,-1.9201445,85.9385,-14.4955324,14.0132555,48.621,13.8991676,-12.3633445,49.1294,-12.0079324,24.9014555,8.55242,9.929627597,-30.7654445,12.0834,-12.7116324,37.7390555,6.54048,12.1518676,-22.1425445,2.93476
49.5,0.564635697,-0.7742445,96.294,0.564635697,-0.7742445,96.294,-20.3758324,-2.2196445,138.322,22.4068676,-0.9334445,136.718,-16.6891324,1.0248555,86.8603,18.1506676,-1.8646445,85.8963,-14.5149324,13.9224555,48.4926,13.8378676,-12.4064445,49.1188,-11.9649324,24.7114555,8.42202,9.939917597,-31.2386445,12.2901,-12.6786324,37.5220555,6.32281,12.1477676,-22.7703445,2.9709
50,0.511244597,-0.7726445,96.2308,0.511244597,-0.7726445,96.2308,-20.4600324,-2.1780445,138.246,22.3282676,-0.9129445,136.633,-16.7243324,1.1271555,86.7859,18.0997676,-1.8048445,85.8552,-14.5331324,13.8392555,48.3696,13.7751676,-12.4361445,49.1069,-11.9192324,24.4890555,8.29122,9.948907597,-31.7048445,12.502,-12.6436324,37.2680555,6.08625,12.1431676,-23.3948445,3.0055
50.5,0.456725097,-0.7636445,96.1718,0.456725097,-0.7636445,96.1718,-20.5492324,-2.1341445,138.171,22.2460676,-0.8906445,136.553,-16.7581324,1.2397555,86.7204,18.0502676,-1.7300445,85.8183,-14.5482324,13.7784555,48.2638,13.7100676,-12.4169445,49.0914,-11.8703324,24.1797555,8.1626,9.957337597,-32.1464445,12.7345,-12.5990324,36.9130555,5.79321,12.1392676,-24.0093445,3.03731
51,0.401585897,-0.7520445,96.1152,0.401585897,-0.7520445,96.1152,-20.6405324,-2.0905445,138.098,22.1626676,-0.8694445,136.474,-16.7915324,1.3535555,86.6598,18.0008676,-1.6495445,85.7825,-14.5619324,13.7263555,48.1658,13.6435676,-12.3733445,49.0719,-11.8213324,23.8416555,8.03664,9.964147597,-32.5730445,12.974,-12.5512324,36.5250555,5.48537,12.1346676,-24.6215445,3.06767
51.5,0.345964597,-0.7378445,96.061,0.345964597,-0.7378445,96.061,-20.7336324,-2.0471445,138.026,22.0781676,-0.8478445,136.398,-16.8246324,1.4688555,86.604,17.9518676,-1.5638445,85.7481,-14.5744324,13.6829555,48.0756,13.5763676,-12.3095445,49.0497,-11.7717324,23.4784555,7.91418,9.969807597,-32.9877445,13.2198,-12.5015324,36.1090555,5.16736,12.1300676,-25.2305445,3.09576
52,0.288071597,-0.7139445,96.0155,0.288071597,-0.7139445,96.0155,-20.8298324,-2.0013445,137.96,21.9890676,-0.8234445,136.332,-16.8626324,1.5879555,86.5631,17.9026676,-1.4611445,85.7185,-14.5866324,13.6595555,48.0066,13.5123676,-12.1839445,49.0198,-11.7237324,23.0670555,7.80613,9.975427597,-33.3646445,13.4864,-12.4466324,35.6340555,4.83585,12.1254676,-25.8306445,3.11781
52.5,0.229278597,-0.6872445,95.9738,0.229278597,-0.6872445,95.9738,-20.9264324,-1.9553445,137.897,21.8995676,-0.7996445,136.271,-16.9040324,1.7052555,86.5294,17.8525676,-1.3535445,85.6901,-14.5984324,13.6418555,47.9458,13.4492676,-12.0319445,48.9846,-11.6782324,22.6419555,7.70478,9.981047597,-33.7217445,13.7596,-12.3907324,35.1440555,4.50638,12.1203676,-26.4304445,3.14135
53,0.169524597,-0.6569445,95.9366,0.169524597,-0.6569445,95.9366,-21.0235324,-1.9092445,137.837,21.8088676,-0.7749445,136.215,-16.9487324,1.8214555,86.5032,17.8021676,-1.2400445,85.6632,-14.6100324,13.6320555,47.8946,13.3865676,-11.8527445,48.9447,-11.6342324,22.2005555,7.61127,9.986737597,-34.0596445,14.0399,-12.3355324,34.6350555,4.18037,12.1156676,-27.0284445,3.16468
53.5,0.106537597,-0.6161445,95.9118,0.106537597,-0.6161445,95.9118,-21.1209324,-1.8602445,137.789,21.7133676,-0.7462445,136.176,-17.0035324,1.9328555,86.4968,17.7475676,-1.1099445,85.6405,-14.6245324,13.6359555,47.8663,13.3327676,-11.6027445,48.892,-11.5948324,21.7393555,7.54056,9.994897597,-34.3417445,14.3396,-12.2831324,34.1020555,3.8839,12.1094676,-27.6204445,3.18931
54,0.042728597,-0.5727445,95.8916,0.042728597,-0.5727445,95.8916,-21.2173324,-1.8105445,137.746,21.6181676,-0.7174445,136.144,-17.0639324,2.0405555,86.4977,17.6916676,-0.9767445,85.6186,-14.6401324,13.6410555,47.845,13.2816676,-11.3276445,48.8337,-11.5587324,21.2731555,7.47778,10.0050576,-34.6003445,14.6453,-12.2325324,33.5650555,3.60107,12.1031676,-28.2119445,3.22083
54.5,-0.022569403,-0.5252445,95.8779,-0.022569403,-0.5252445,95.8779,-21.3124324,-1.7599445,137.709,21.5218676,-0.6873445,136.121,-17.1312324,2.1439555,86.509,17.6335676,-0.8378445,85.5983,-14.6568324,13.6504555,47.8344,13.2329676,-11.0179445,48.7681,-11.5261324,20.7979555,7.4261,10.0178376,-34.8283445,14.9593,-12.1867324,33.0180555,3.33752,12.0968676,-28.8023445,3.25936
55,-0.090749403,-0.4688445,95.8775,-0.090749403,-0.4688445,95.8775,-21.4052324,-1.7064445,137.687,21.4224676,-0.6530445,136.116,-17.2091324,2.2358555,86.5401,17.5683676,-0.6873445,85.5799,-14.6789324,13.6626555,47.8431,13.1952676,-10.6385445,48.687,-11.4985324,20.3157555,7.39675,10.0366976,-34.9865445,15.2898,-12.1511324,32.4670555,3.12725,12.0886676,-29.3861445,3.31656
55.5,-0.159260403,-0.4104445,95.8816,-0.159260403,-0.4104445,95.8816,-21.4958324,-1.6515445,137.671,21.3240676,-0.6183445,136.119,-17.2921324,2.3231555,86.5776,17.5015676,-0.5359445,85.5621,-14.7029324,13.6715555,47.8569,13.1613676,-10.2366445,48.601,-11.4736324,19.8316555,7.37429,10.0590576,-35.1177445,15.6264,-12.1195324,31.9149555,2.93573,12.0804676,-29.9655445,3.38691
56,-0.229244403,-0.3482445,95.8935,-0.229244403,-0.3482445,95.8935,-21.5840324,-1.5950445,137.664,21.2257676,-0.5820445,136.133,-17.3827324,2.4035555,86.6262,17.4301676,-0.3814445,85.5455,-14.7293324,13.6768555,47.8795,13.1316676,-9.7962445,48.5062,-11.4528324,19.3421555,7.36271,10.0869876,-35.2056445,15.9725,-12.0968324,31.3604555,2.7745,12.0715676,-30.5392445,3.4772
56.5,-0.300404403,-0.2806445,95.9165,-0.300404403,-0.2806445,95.9165,-21.6681324,-1.5359445,137.672,21.1275676,-0.5435445,136.163,-17.4799324,2.4696555,86.6908,17.3517676,-0.2234445,85.5282,-14.7614324,13.6724555,47.9143,13.1107676,-9.2942445,48.3969,-11.4364324,18.8451555,7.36664,10.1238676,-35.2163445,16.3329,-12.0875324,30.8063555,2.66678,12.0617676,-31.0985445,3.60637
57,-0.371060403,-0.2120445,95.943,-0.371060403,-0.2120445,95.943,-21.7499324,-1.4750445,137.685,21.0312676,-0.5049445,136.199,-17.5791324,2.5313555,86.7595,17.2720676,-0.0673445,85.5113,-14.7953324,13.6602555,47.9513,13.0933676,-8.7745445,48.2849,-11.4211324,18.3458555,7.37442,10.1643576,-35.1991445,16.6991,-12.0830324,30.2514555,2.57574,12.0520676,-31.6444445,3.75377
57.5,-0.442101403,-0.1413445,95.9769,-0.442101403,-0.1413445,95.9769,-21.8289324,-1.4121445,137.708,20.9370676,-0.4659445,136.246,-17.6816324,2.5848555,86.8374,17.1864676,0.0861555,85.4948,-14.8321324,13.6333555,47.9925,13.0804676,-8.2169445,48.1655,-11.4090324,17.8403555,7.38933,10.2120676,-35.1275445,17.0762,-12.0886324,29.6952555,2.51595,12.0419676,-32.1704445,3.93668
58,-0.511987403,-0.0693445,96.0181,-0.511987403,-0.0693445,96.0181,-21.9035324,-1.3475445,137.743,20.8472676,-0.4281445,136.305,-17.7847324,2.6254555,86.925,17.0971676,0.2344555,85.4763,-14.8730324,13.5854555,48.0374,13.0708676,-7.6114445,48.037,-11.4003324,17.3221555,7.41082,10.2685476,-34.9811445,17.4658,-12.1063324,29.1350555,2.49305,12.0329676,-32.6651445,4.17197
58.5,-0.580482403,0.0022555,96.0613,-0.580482403,0.0022555,96.0613,-21.9761324,-1.2814445,137.781,20.7600676,-0.3916445,136.365,-17.8857324,2.6626555,87.0138,17.0070676,0.3781555,85.4581,-14.9146324,13.5263555,48.0815,13.0632676,-6.9935445,47.9092,-11.3909324,16.7993555,7.4327,10.3272476,-34.8086445,17.8609,-12.1278324,28.5725555,2.4798,12.0244676,-33.1343445,4.4273
59,-0.647142403,0.0732555,96.1097,-0.647142403,0.0732555,96.1097,-22.0463324,-1.2133445,137.827,20.6777676,-0.3573445,136.435,-17.9815324,2.6920555,87.1073,16.9126676,0.5114555,85.4401,-14.9581324,13.4409555,48.1236,13.0583676,-6.3436445,47.7798,-11.3830324,16.2668555,7.45636,10.3915276,-34.5752445,18.2676,-12.1563324,28.0055555,2.48819,12.0174676,-33.5572445,4.72979
59.5,-0.710762403,0.1420555,96.1615,-0.710762403,0.1420555,96.1615,-22.1128324,-1.1446445,137.88,20.6028676,-0.3281445,136.509,-18.0729324,2.7122555,87.2037,16.8191676,0.6330555,85.4205,-15.0029324,13.3273555,48.1625,13.0507676,-5.6616445,47.6497,-11.3774324,15.7185555,7.47967,10.4606476,-34.2786445,18.6849,-12.1923324,27.4290555,2.51242,12.0137676,-33.9268445,5.08486
60,-0.772242403,0.2091555,96.2139,-0.772242403,0.2091555,96.2139,-22.1779324,-1.0752445,137.934,20.5313676,-0.3020445,136.583,-18.1582324,2.7298555,87.299,16.7253676,0.7475555,85.4016,-15.0467324,13.2000555,48.198,13.0431676,-4.9716445,47.5249,-11.3698324,15.1638555,7.50097,10.5296676,-33.9579445,19.1068,-12.2300324,26.8483555,2.53837,12.0117676,-34.2560445,5.45892
60.5,-0.829472403,0.2726555,96.2686,-0.829472403,0.2726555,96.2686,-22.2411324,-1.0044445,137.991,20.4668676,-0.2818445,136.66,-18.2305324,2.7411555,87.3928,16.6324676,0.8457555,85.3841,-15.0902324,13.0401555,48.2267,13.0344676,-4.2611445,47.408,-11.3623324,14.5966555,7.52004,10.5981676,-33.5813445,19.5383,-12.2684324,26.2586555,2.57026,12.0144676,-34.5074445,5.87684
61,-0.882772403,0.3317555,96.3242,-0.882772403,0.3317555,96.3242,-22.3013324,-0.9342445,138.051,20.4107676,-0.2694445,136.737,-18.2956324,2.7468555,87.4848,16.5431676,0.9291555,85.3674,-15.1322324,12.8496555,48.2487,13.0196676,-3.5326445,47.3001,-11.3554324,14.0152555,7.53561,10.6654676,-33.1554445,19.9781,-12.3089324,25.6576555,2.60295,12.0224676,-34.6830445,6.33602
61.5,-0.933492403,0.3880555,96.3793,-0.933492403,0.3880555,96.3793,-22.3605324,-0.8644445,138.109,20.3581676,-0.2619445,136.812,-18.3527324,2.7502555,87.5736,16.4548676,1.0043555,85.3524,-15.1715324,12.6449555,48.2659,13.0026676,-2.8003445,47.2022,-11.3461324,13.4270555,7.54867,10.7296676,-32.7095445,20.42,-12.3482324,25.0514555,2.631,12.0339676,-34.8038445,6.80757
62,-0.978582403,0.4385555,96.4348,-0.978582403,0.4385555,96.4348,-22.4171324,-0.7946445,138.168,20.3134676,-0.2638445,136.884,-18.3940324,2.7478555,87.6562,16.3724676,1.0612555,85.3418,-15.2079324,12.4076555,48.275,12.9812676,-2.0595445,47.1234,-11.3363324,12.8271555,7.55869,10.7849676,-32.2179445,20.8662,-12.3823324,24.4344555,2.65373,12.0530676,-34.8184445,7.3057
62.5,-1.019862403,0.4841555,96.4904,-1.019862403,0.4841555,96.4904,-22.4712324,-0.7261445,138.226,20.2753676,-0.2739445,136.955,-18.4275324,2.7418555,87.7346,16.2942676,1.1041555,85.3352,-15.2405324,12.1426555,48.2773,12.9535676,-1.3122445,47.0618,-11.3251324,12.2177555,7.56522,10.8333676,-31.6921445,21.3164,-12.4140324,23.8082555,2.67038,12.0787676,-34.7416445,7.82517
63,-1.058592403,0.5264555,96.5451,-1.058592403,0.5264555,96.5451,-22.5240324,-0.6593445,138.281,20.2406676,-0.2899445,137.023,-18.4543324,2.7328555,87.8083,16.2191676,1.1399555,85.3317,-15.2698324,11.8654555,48.2755,12.9221676,-0.5649445,47.0143,-11.3122324,11.6032555,7.57076,10.8756676,-31.1507445,21.7639,-12.4420324,23.1775555,2.68073,12.1100676,-34.6002445,8.34487
63.5,-1.092002403,0.5620555,96.6002,-1.092002403,0.5620555,96.6002,-22.5724324,-0.5944445,138.335,20.2122676,-0.3167445,137.085,-18.4692324,2.7169555,87.8741,16.1515676,1.1600555,85.3372,-15.2938324,11.5611555,48.2675,12.8856676,0.1807555,46.9958,-11.2983324,10.9806555,7.57481,10.9019676,-30.5761445,22.2066,-12.4621324,22.5380555,2.68264,12.1503676,-34.3355445,8.86506
64,-1.122362403,0.5932555,96.6558,-1.122362403,0.5932555,96.6558,-22.6180324,-0.5311445,138.386,20.1875676,-0.3506445,137.147,-18.4772324,2.6973555,87.9352,16.0872676,1.1702555,85.3494,-15.3131324,11.2362555,48.2552,12.8449676,0.9249555,46.9993,-11.2813324,10.3536555,7.5771,10.9181676,-29.9797445,22.6467,-12.4773324,21.8935555,2.67855,12.1977676,-33.9757445,9.38439
64.5,-1.150542403,0.6212555,96.711,-1.150542403,0.6212555,96.711,-22.6614324,-0.4707445,138.436,20.1655676,-0.3902445,137.205,-18.4827324,2.6726555,87.9912,16.0281676,1.1761555,85.3671,-15.3293324,10.9020555,48.2411,12.8005676,1.6656555,47.0203,-11.2640324,9.7243555,7.58077,10.9259676,-29.3710445,23.0765,-12.4877324,21.2465555,2.67147,12.2519676,-33.5461445,9.88815
65,-1.175482403,0.6432555,96.7677,-1.175482403,0.6432555,96.7677,-22.6985324,-0.4141445,138.486,20.1466676,-0.4391445,137.26,-18.4851324,2.6396555,88.0404,15.9740676,1.1732555,85.3968,-15.3394324,10.5507555,48.2246,12.7530676,2.3981555,47.0739,-11.2451324,9.0915555,7.58495,10.9163676,-28.7415445,23.4892,-12.4914324,20.5954555,2.65957,12.3142676,-32.9997445,10.3668
65.5,-1.198182403,0.6619555,96.8258,-1.198182403,0.6619555,96.8258,-22.7322324,-0.3592445,138.533,20.1286676,-0.4929445,137.314,-18.4824324,2.6008555,88.0855,15.9219676,1.1656555,85.4352,-15.3452324,10.1861555,48.2071,12.7041676,3.1246555,47.1508,-11.2229324,8.4577555,7.58937,10.8964676,-28.0980445,23.891,-12.4896324,19.9430555,2.64512,12.3830676,-32.3643445,10.8256
66,-1.219432403,0.6774555,96.8849,-1.219432403,0.6774555,96.8849,-22.7621324,-0.3083445,138.581,20.1123676,-0.5515445,137.367,-18.4827324,2.5543555,88.1262,15.8754676,1.1577555,85.4817,-15.3487324,9.8156555,48.1907,12.6533676,3.8442555,47.2475,-11.2012324,7.8241555,7.59669,10.8674676,-27.4435445,24.2705,-12.4842324,19.2906555,2.63363,12.4580676,-31.6603445,11.2519
66.5,-1.239872403,0.6889555,96.9463,-1.239872403,0.6889555,96.9463,-22.7855324,-0.2624445,138.63,20.0961676,-0.6158445,137.42,-18.4886324,2.4990555,88.1628,15.8306676,1.1488555,85.5402,-15.3474324,9.4373555,48.1751,12.6021676,4.5527555,47.3725,-11.1781324,7.1898555,7.60545,10.8265676,-26.7774445,24.6221,-12.4755324,18.6380555,2.6224,12.5384676,-30.8662445,11.6383
67,-1.258892403,0.6980555,97.0097,-1.258892403,0.6980555,97.0097,-22.8051324,-0.2187445,138.68,20.0791676,-0.6830445,137.472,-18.4919324,2.4355555,88.1962,15.7868676,1.1402555,85.608,-15.3432324,9.0522555,48.1609,12.5521676,5.2531555,47.519,-11.1526324,6.5558555,7.61579,10.7775676,-26.1013445,24.9526,-12.4625324,17.9859555,2.61249,12.6236676,-29.9986445,11.9916
67.5,-1.277342403,0.7043555,97.0751,-1.277342403,0.7043555,97.0751,-22.8200324,-0.1796445,138.732,20.0623676,-0.7532445,137.527,-18.5026324,2.3622555,88.2265,15.7474676,1.1352555,85.685,-15.3381324,8.6630555,48.1501,12.5031676,5.9429555,47.6843,-11.1280324,5.9231555,7.62854,10.7221676,-25.4139445,25.2467,-12.4486324,17.3356555,2.60995,12.7120676,-29.0729445,12.2996
68,-1.296342403,0.7082555,97.1426,-1.296342403,0.7082555,97.1426,-22.8298324,-0.1457445,138.787,20.0448676,-0.8261445,137.582,-18.5229324,2.2813555,88.2548,15.7081676,1.1346555,85.7718,-15.3305324,8.2715555,48.1412,12.4552676,6.6210555,47.8695,-11.1027324,5.2901555,7.64257,10.6630676,-24.7192445,25.5047,-12.4343324,16.6862555,2.61042,12.8020676,-28.0880445,12.5636
68.5,-1.314712403,0.7101555,97.2119,-1.314712403,0.7101555,97.2119,-22.8365324,-0.1149445,138.845,20.0262676,-0.9003445,137.639,-18.5440324,2.1908555,88.2804,15.6699676,1.1380555,85.8665,-15.3221324,7.8771555,48.1345,12.4100676,7.2899555,48.0713,-11.0769324,4.6571555,7.65852,10.5998676,-24.0157445,25.7323,-12.4181324,16.0373555,2.61436,12.8942676,-27.0513445,12.789
69,-1.333082403,0.7095555,97.2831,-1.333082403,0.7095555,97.2831,-22.8390324,-0.0890445,138.905,20.0066676,-0.9756445,137.699,-18.5727324,2.0908555,88.3043,15.6342676,1.1472555,85.9693,-15.3146324,7.4780555,48.1314,12.3688676,7.9442555,48.2876,-11.0523324,4.0247555,7.67477,10.5361676,-23.2993445,25.9093,-12.4039324,15.3898555,2.62533,12.9847676,-25.9731445,12.9635
69.5,-1.351972403,0.7076555,97.3549,-1.351972403,0.7076555,97.3549,-22.8394324,-0.0675445,138.969,19.9874676,-1.0522445,137.76,-18.6099324,1.9854555,88.327,15.6000676,1.1631555,86.0778,-15.3067324,7.0782555,48.1296,12.3287676,8.5866555,48.5138,-11.0276324,3.3913555,7.69173,10.4752776,-22.5759445,26.0463,-12.3906324,14.7425555,2.63936,13.0728676,-24.8627445,13.0977
70,-1.370862403,0.7037555,97.4275,-1.370862403,0.7037555,97.4275,-22.8383324,-0.0502445,139.036,19.9675676,-1.1293445,137.821,-18.6505324,1.8709555,88.347,15.5677676,1.1845555,86.1919,-15.3003324,6.6763555,48.1296,12.2916676,9.2185555,48.7506,-11.0049324,2.7572555,7.71022,10.4150776,-21.8431445,26.1454,-12.3777324,14.0946555,2.65667,13.1601676,-23.7208445,13.1932
70.5,-1.389462403,0.6973555,97.4999,-1.389462403,0.6973555,97.4999,-22.8354324,-0.0373445,139.106,19.9468676,-1.2068445,137.886,-18.6945324,1.7497555,88.3658,15.5380676,1.2112555,86.3101,-15.2964324,6.2669555,48.1311,12.2598676,9.8311555,48.9946,-10.9833324,2.1216555,7.72701,10.3607576,-21.0950445,26.185,-12.3684324,13.4457555,2.67587,13.2401676,-22.5545445,13.2405
71,-1.407772403,0.6900555,97.5712,-1.407772403,0.6900555,97.5712,-22.8336324,-0.0276445,139.177,19.9277676,-1.2850445,137.95,-18.7421324,1.6257555,88.3829,15.5123676,1.2436555,86.4297,-15.2937324,5.8563555,48.1328,12.2288676,10.4317555,49.2401,-10.9623324,1.4850555,7.74409,10.3119176,-20.3379445,26.1858,-12.3599324,12.7959555,2.69694,13.3148676,-21.3737445,13.2548
71.5,-1.426272403,0.6804555,97.6415,-1.426272403,0.6804555,97.6415,-22.8322324,-0.0229445,139.25,19.9088676,-1.3635445,138.015,-18.7935324,1.4949555,88.3971,15.4899676,1.2808555,86.5519,-15.2938324,5.4419555,48.1351,12.2003676,11.0190555,49.49,-10.9445324,0.8469555,7.76214,10.2677676,-19.5695445,26.1434,-12.3533324,12.1446555,2.71904,13.3856676,-20.1761445,13.2335
72,-1.443532403,0.6681555,97.7084,-1.443532403,0.6681555,97.7084,-22.8323324,-0.0216445,139.324,19.8903676,-1.4431445,138.079,-18.8426324,1.3615555,88.4092,15.4726676,1.3206555,86.6729,-15.2974324,5.0173555,48.1365,12.1770676,11.5820555,49.7392,-10.9281324,0.2060555,7.77826,10.2329176,-18.7823445,26.0402,-12.3499324,11.4901555,2.73719,13.4445676,-18.9638445,13.1701
72.5,-1.459772403,0.6548555,97.7728,-1.459772403,0.6548555,97.7728,-22.8355324,-0.0220445,139.397,19.8734676,-1.5231445,138.141,-18.8895324,1.2272555,88.4192,15.4606676,1.3631555,86.792,-15.3028324,4.5902555,48.1377,12.1548676,12.1327555,49.9849,-10.9125324,-0.4354445,7.79459,10.2027076,-17.9842445,25.9039,-12.3470324,10.8345555,2.75582,13.4974676,-17.7451445,13.0824
73,-1.475642403,0.6392555,97.8341,-1.475642403,0.6392555,97.8341,-22.8406324,-0.0275445,139.469,19.8576676,-1.6034445,138.202,-18.9382324,1.0896555,88.4259,15.4542676,1.4082555,86.9103,-15.3112324,4.1572555,48.1382,12.1341676,12.6666555,50.2294,-10.8997324,-1.0784445,7.81161,10.1791676,-17.1718445,25.7234,-12.3460324,10.1770555,2.7725,13.5439676,-16.5172445,12.9637
73.5,-1.489512403,0.6203555,97.8892,-1.489512403,0.6203555,97.8892,-22.8497324,-0.0353445,139.538,19.8432676,-1.6859445,138.258,-18.9798324,0.9526555,88.4294,15.4544676,1.4520555,87.0225,-15.3229324,3.7130555,48.1372,12.1185676,13.1706555,50.4666,-10.8884324,-1.7237445,7.82852,10.1638976,-16.3363445,25.4873,-12.3466324,9.5166555,2.78264,13.5765676,-15.2749445,12.8084
74,-1.502082403,0.6005555,97.9412,-1.502082403,0.6005555,97.9412,-22.8617324,-0.0438445,139.605,19.8293676,-1.7681445,138.312,-19.0159324,0.8157555,88.4308,15.4597676,1.4952555,87.1313,-15.3360324,3.2659555,48.136,12.1045676,13.6627555,50.6987,-10.8775324,-2.3688445,7.84565,10.1509976,-15.4893445,25.2263,-12.3477324,8.8558555,2.79214,13.6044676,-14.0279445,12.637
74.5,-1.513172403,0.5785555,97.9884,-1.513172403,0.5785555,97.9884,-22.8763324,-0.0561445,139.669,19.8172676,-1.8505445,138.362,-19.0500324,0.6789555,88.4286,15.4727676,1.5377555,87.2361,-15.3512324,2.8125555,48.1342,12.0916676,14.1343555,50.9251,-10.8678324,-3.0152445,7.86361,10.1440576,-14.6246445,24.9244,-12.3498324,8.1937555,2.79766,13.6253676,-12.7719445,12.4394
75,-1.522292403,0.5529555,98.0276,-1.522292403,0.5529555,98.0276,-22.8947324,-0.0700445,139.727,19.8060676,-1.9351445,138.405,-19.0755324,0.5436555,88.423,15.4909676,1.5749555,87.3315,-15.3682324,2.3497555,48.1322,12.0844676,14.5715555,51.1399,-10.8589324,-3.6618445,7.88413,10.1410876,-13.7327445,24.5772,-12.3519324,7.5316555,2.79827,13.6340676,-11.4970445,12.21
75.5,-1.530302403,0.5265555,98.0642,-1.530302403,0.5265555,98.0642,-22.9148324,-0.0840445,139.782,19.7940676,-2.0186445,138.446,-19.0954324,0.4087555,88.4158,15.5124676,1.6093555,87.4232,-15.3861324,1.8845555,48.1305,12.0794676,14.9980555,51.35,-10.8501324,-4.3078445,7.90477,10.1387176,-12.8306445,24.2135,-12.3547324,6.8697555,2.79751,13.6404676,-10.2166445,11.9713
76,-1.535702403,0.4982555,98.0946,-1.535702403,0.4982555,98.0946,-22.9361324,-0.0997445,139.831,19.7841676,-2.1020445,138.48,-19.1101324,0.2758555,88.4057,15.5420676,1.6396555,87.5084,-15.4041324,1.4146555,48.1297,12.0760676,15.3999555,51.5511,-10.8402324,-4.9541445,7.9267,10.1392376,-11.9067445,23.8149,-12.3575324,6.2083555,2.79285,13.6411676,-8.9227445,11.7104
76.5,-1.539952403,0.4667555,98.1175,-1.539952403,0.4667555,98.1175,-22.9587324,-0.1166445,139.872,19.7732676,-2.1854445,138.508,-19.1186324,0.1437555,88.3927,15.5725676,1.6617555,87.5833,-15.4220324,0.9403555,48.1308,12.0785676,15.7675555,51.7386,-10.8301324,-5.5988445,7.95265,10.1396676,-10.9559445,23.3844,-12.3597324,5.5501555,2.78691,13.6355676,-7.6076445,11.4252
77,-1.543492403,0.4345555,98.1382,-1.543492403,0.4345555,98.1382,-22.9814324,-0.1333445,139.911,19.7613676,-2.2676445,138.534,-19.1233324,0.0119555,88.3791,15.6041676,1.6801555,87.6548,-15.4401324,0.4643555,48.1328,12.0836676,16.1255555,51.9223,-10.8199324,-6.2429445,7.97871,10.1399376,-9.9963445,22.9438,-12.3626324,4.8925555,2.77948,13.6296676,-6.2859445,11.1349
77.5,-1.544042403,0.4005555,98.1527,-1.544042403,0.4005555,98.1527,-23.0023324,-0.1501445,139.943,19.7512676,-2.3488445,138.552,-19.1224324,-0.1180445,88.3638,15.6409676,1.6915555,87.7181,-15.4563324,-0.0125445,48.1376,12.0912676,16.4559555,52.0943,-10.8071324,-6.8862445,8.00624,10.1396576,-9.0131445,22.4765,-12.3653324,4.2372555,2.77012,13.6219676,-4.9466445,10.8277
78,-1.544132403,0.3642555,98.1608,-1.544132403,0.3642555,98.1608,-23.0210324,-0.1675445,139.967,19.7391676,-2.4272445,138.566,-19.1188324,-0.2483445,88.3469,15.6744676,1.6933555,87.7714,-15.4708324,-0.4886445,48.146,12.1042676,16.7545555,52.2516,-10.7934324,-7.5270445,8.0375,10.1375676,-8.0058445,21.9888,-12.3671324,3.5864555,2.76219,13.6151676,-3.5883445,10.506
78.5,-1.543962403,0.3272555,98.1673,-1.543962403,0.3272555,98.1673,-23.0385324,-0.1846445,139.988,19.7264676,-2.5046445,138.578,-19.1144324,-0.3784445,88.3301,15.7070676,1.6918555,87.8221,-15.4852324,-0.9655445,48.1554,12.1193676,17.0447555,52.4056,-10.7798324,-8.1674445,8.06896,10.1354676,-6.9920445,21.4958,-12.3696324,2.9362555,2.75329,13.6090676,-2.2240445,10.1818
79,-1.541392403,0.2885555,98.168,-1.541392403,0.2885555,98.168,-23.0511324,-0.2011445,140.003,19.7150676,-2.5800445,138.583,-19.1065324,-0.5080445,88.3132,15.7395676,1.6814555,87.8634,-15.4962324,-1.4388445,48.1689,12.1374676,17.3060555,52.5451,-10.7638324,-8.8060445,8.10168,10.1313476,-5.9559445,20.9847,-12.3723324,2.2888555,2.74509,13.6062676,-0.8423445,9.84867
79.5,-1.538432403,0.2483555,98.1635,-1.538432403,0.2483555,98.1635,-23.0586324,-0.2175445,140.011,19.7028676,-2.6508445,138.585,-19.0991324,-0.6382445,88.2956,15.7665676,1.6618555,87.8957,-15.5052324,-1.9077445,48.186,12.1590676,17.5387555,52.6688,-10.7471324,-9.4427445,8.13665,10.1262676,-4.9009445,20.4623,-12.3744324,1.6447555,2.73891,13.6098676,0.5521555,9.51267
80,-1.535462403,0.2075555,98.1578,-1.535462403,0.2075555,98.1578,-23.0641324,-0.2337445,140.017,19.6909676,-2.7209445,138.586,-19.0931324,-0.7684445,88.2783,15.7915676,1.6398555,87.9258,-15.5137324,-2.3764445,48.2038,12.1816676,17.7643555,52.7888,-10.7307324,-10.0792445,8.17198,10.1215976,-3.8412445,19.9377,-12.3767324,1.0010555,2.73261,13.6143676,1.9506555,9.176
80.5,-1.531232403,0.1650555,98.1471,-1.531232403,0.1650555,98.1471,-23.0634324,-0.2494445,140.017,19.6802676,-2.7882445,138.582,-19.0865324,-0.8985445,88.2618,15.8115676,1.6088555,87.9461,-15.5192324,-2.8382445,48.2253,12.2061676,17.9605555,52.8913,-10.7143324,-10.7130445,8.20853,10.1167176,-2.7641445,19.4037,-12.3801324,0.3588555,2.72887,13.6258676,3.3611555,8.84147
81,-1.526122403,0.1215555,98.1315,-1.526122403,0.1215555,98.1315,-23.0561324,-0.2644445,140.011,19.6717676,-2.8510445,138.575,-19.0820324,-1.0286445,88.2445,15.8260676,1.5704555,87.958,-15.5231324,-3.2939445,48.2488,12.2313676,18.1307555,52.9761,-10.6981324,-11.3461445,8.24591,10.1131076,-1.6735445,18.8657,-12.3829324,-0.2827445,2.72637,13.6453676,4.7768555,8.51594
81.5,-1.521052403,0.0776555,98.1149,-1.521052403,0.0776555,98.1149,-23.0470324,-0.2792445,140.003,19.6643676,-2.9135445,138.567,-19.0794324,-1.1586445,88.2273,15.8383676,1.5304555,87.9677,-15.5265324,-3.7486445,48.2728,12.2564676,18.2941555,53.0562,-10.6827324,-11.9790445,8.28382,10.1101676,-0.5797445,18.3276,-12.3856324,-0.9241445,2.7244,13.6654676,6.1943555,8.19224
82,-1.515532403,0.0323555,98.0938,-1.515532403,0.0323555,98.0938,-23.0325324,-0.2942445,139.989,19.6590676,-2.9727445,138.557,-19.0782324,-1.2875445,88.2105,15.8446676,1.4834555,87.968,-15.5287324,-4.1950445,48.2985,12.2809676,18.4284555,53.116,-10.6700324,-12.6088445,8.32387,10.1111576,0.5253555,17.7893,-12.3898324,-1.5658445,2.72567,13.6917676,7.6161555,7.88267
82.5,-1.508552403,-0.0136445,98.0679,-1.508552403,-0.0136445,98.0679,-23.0117324,-0.3081445,139.971,19.6590676,-3.0289445,138.542,-19.0789324,-1.4149445,88.1919,15.8467676,1.4319555,87.9601,-15.5304324,-4.6347445,48.3244,12.3035676,18.5372555,53.156,-10.6591324,-13.2388445,8.3643,10.1156976,1.6395555,17.2545,-12.3935324,-2.2094445,2.7273,13.7235676,9.0372555,7.59338
83,-1.501532403,-0.0600445,98.041,-1.501532403,-0.0600445,98.041,-22.9900324,-0.3216445,139.95,19.6604676,-3.0851445,138.526,-19.0804324,-1.5418445,88.173,15.8471676,1.3795555,87.9501,-15.5318324,-5.0731445,48.3502,12.3251676,18.6392555,53.1904,-10.6494324,-13.8684445,8.4056,10.1209576,2.7557555,16.7219,-12.3968324,-2.8530445,2.72955,13.7551676,10.4576555,7.30916
83.5,-1.494112403,-0.1069445,98.0097,-1.494112403,-0.1069445,98.0097,-22.9651324,-0.3358445,139.925,19.6653676,-3.1379445,138.509,-19.0836324,-1.6651445,88.1529,15.8441676,1.3233555,87.9312,-15.5340324,-5.5025445,48.3759,12.3439676,18.7114555,53.2023,-10.6444324,-14.4948445,8.45075,10.1340776,3.8789555,16.1996,-12.4014324,-3.4975445,2.73481,13.7873676,11.8765555,7.05093
84,-1.485002403,-0.1542445,97.9737,-1.485002403,-0.1542445,97.9737,-22.9359324,-0.3487445,139.895,19.6772676,-3.1892445,138.486,-19.0872324,-1.7851445,88.1297,15.8388676,1.2660555,87.9046,-15.5370324,-5.9247445,48.4005,12.3593676,18.7573555,53.1929,-10.6424324,-15.1213445,8.49721,10.1523076,5.0078555,15.6897,-12.4056324,-4.1445445,2.74009,13.8194676,13.2907555,6.82278
84.5,-1.475702403,-0.2015445,97.9368,-1.475702403,-0.2015445,97.9368,-22.9065324,-0.3613445,139.863,19.6900676,-3.2404445,138.463,-19.0897324,-1.9038445,88.1058,15.8329676,1.2089555,87.8759,-15.5403324,-6.3454445,48.425,12.3733676,18.7963555,53.1779,-10.6416324,-15.7473445,8.54505,10.1711776,6.1375555,15.1843,-12.4096324,-4.7917445,2.74578,13.8497676,14.7028555,6.6029
85,-1.465462403,-0.2484445,97.8958,-1.465462403,-0.2484445,97.8958,-22.8761324,-0.3741445,139.827,19.7076676,-3.2880445,138.437,-19.0930324,-2.0162445,88.0789,15.8276676,1.1514555,87.8395,-15.5453324,-6.7562445,48.4483,12.3843676,18.8050555,53.1397,-10.6456324,-16.3704445,8.5984,10.1992876,7.2715555,14.7017,-12.4138324,-5.4385445,2.75332,13.8727676,16.1087555,6.4198
85.5,-1.453772403,-0.2949445,97.8508,-1.453772403,-0.2949445,97.8508,-22.8438324,-0.3859445,139.788,19.7311676,-3.3344445,138.405,-19.0947324,-2.1235445,88.0483,15.8216676,1.0962555,87.7962,-15.5520324,-7.1584445,48.4706,12.3920676,18.7866555,53.0805,-10.6529324,-16.9923445,8.65497,10.2330576,8.4079555,14.2415,-12.4180324,-6.0863445,2.76097,13.8886676,17.5074555,6.27458
86,-1.441622403,-0.3408445,97.805,-1.441622403,-0.3408445,97.805,-22.8118324,-0.3970445,139.747,19.7552676,-3.3801445,138.374,-19.0943324,-2.2285445,88.0166,15.8167676,1.0423555,87.7511,-15.5596324,-7.5581445,48.493,12.3990676,18.7602555,53.0155,-10.6611324,-17.6137445,8.7136,10.2674476,9.5442555,13.7898,-12.4223324,-6.7341445,2.7689,13.9003676,18.9027555,6.14155
86.5,-1.428122403,-0.3852445,97.7561,-1.428122403,-0.3852445,97.7561,-22.7798324,-0.4076445,139.702,19.7837676,-3.4218445,138.338,-19.0931324,-2.3257445,87.9812,15.8143676,0.9909555,87.7001,-15.5685324,-7.9468445,48.5144,12.4049676,18.7069555,52.9307,-10.6722324,-18.2327445,8.77793,10.3086576,10.6798555,13.3702,-12.4256324,-7.3796445,2.7767,13.8990676,20.2858555,6.04991
87,-1.413512403,-0.4280445,97.7043,-1.413512403,-0.4280445,97.7043,-22.7475324,-0.4171445,139.655,19.8152676,-3.4605445,138.297,-19.0888324,-2.4159445,87.9423,15.8130676,0.9444555,87.6436,-15.5792324,-8.3241445,48.5359,12.4093676,18.6263555,52.8265,-10.6859324,-18.8486445,8.8477,10.3551876,11.8126555,12.9838,-12.4292324,-8.0233445,2.78457,13.8842676,21.6569555,6.00292
87.5,-1.398192403,-0.4698445,97.652,-1.398192403,-0.4698445,97.652,-22.7154324,-0.4258445,139.607,19.8474676,-3.4977445,138.256,-19.0827324,-2.5030445,87.9023,15.8137676,0.9005555,87.5857,-15.5907324,-8.6971445,48.5581,12.4144676,18.5368555,52.7168,-10.6998324,-19.4639445,8.91986,10.4017076,12.9423555,12.6109,-12.4333324,-8.6667445,2.79254,13.8627676,23.0207555,5.97146
88,-1.381482403,-0.5092445,97.5977,-1.381482403,-0.5092445,97.5977,-22.6827324,-0.4328445,139.556,19.8821676,-3.5300445,138.21,-19.0745324,-2.5823445,87.8592,15.8167676,0.8608555,87.5236,-15.6024324,-9.0583445,48.5796,12.4209676,18.4278555,52.5932,-10.7142324,-20.0771445,8.99655,10.4507376,14.0624555,12.2724,-12.4356324,-9.3069445,2.79868,13.8278676,24.3634555,5.97824
88.5,-1.363802403,-0.5456445,97.5422,-1.363802403,-0.5456445,97.5422,-22.6500324,-0.4386445,139.504,19.9167676,-3.5564445,138.161,-19.0630324,-2.6528445,87.8141,15.8221676,0.8274555,87.4577,-15.6150324,-9.4042445,48.6027,12.4294676,18.2937555,52.4533,-10.7300324,-20.6854445,9.08022,10.5031676,15.1686555,11.9765,-12.4385324,-9.9434445,2.80423,13.7758676,25.6821555,6.03321
89,-1.345292403,-0.5806445,97.4864,-1.345292403,-0.5806445,97.4864,-22.6166324,-0.4434445,139.451,19.9524676,-3.5803445,138.11,-19.0506324,-2.7201445,87.7678,15.8291676,0.7977555,87.391,-15.6276324,-9.7437445,48.6266,12.4398676,18.1520555,52.3093,-10.7451324,-21.2924445,9.16585,10.5540676,16.2639555,11.697,-12.4418324,-10.5792445,2.8096,13.7164676,26.9843555,6.10362
89.5,-1.325542403,-0.6129445,97.4296,-1.325542403,-0.6129445,97.4296,-22.5817324,-0.4460445,139.396,19.9884676,-3.5988445,138.056,-19.0356324,-2.7804445,87.7197,15.8375676,0.7727555,87.3213,-15.6393324,-10.0714445,48.6498,12.4533676,17.9993555,52.1571,-10.7596324,-21.8973445,9.25467,10.6033676,17.3374555,11.4479,-12.4432324,-11.2128445,2.81271,13.6473676,28.2538555,6.20316
90,-1.304572403,-0.6413445,97.3728,-1.304572403,-0.6413445,97.3728,-22.5455324,-0.4466445,139.34,20.0232676,-3.6086445,137.999,-19.0178324,-2.8304445,87.6714,15.8487676,0.7548555,87.2494,-15.6502324,-10.3799445,48.6751,12.4722676,17.8275555,51.9935,-10.7745324,-22.4957445,9.35082,10.6521676,18.3758555,11.245,-12.4455324,-11.8428445,2.81456,13.5619676,29.4757555,6.34663
90.5,-1.282762403,-0.6683445,97.3157,-1.282762403,-0.6683445,97.3157,-22.5075324,-0.4465445,139.284,20.0591676,-3.6148445,137.94,-19.0000324,-2.8775445,87.6221,15.8605676,0.7408555,87.1766,-15.6599324,-10.6807445,48.7001,12.4930676,17.6526555,51.8277,-10.7885324,-23.0920445,9.44819,10.6976676,19.3901555,11.0569,-12.4477324,-12.4726445,2.816,13.4718676,30.6661555,6.49977
91,-1.259872403,-0.6930445,97.258,-1.259872403,-0.6930445,97.258,-22.4675324,-0.4441445,139.227,20.0945676,-3.6160445,137.879,-18.9795324,-2.9187445,87.5719,15.8730676,0.7315555,87.1018,-15.6684324,-10.9708445,48.7244,12.5172676,17.4738555,51.6584,-10.8019324,-23.6854445,9.54801,10.7388676,20.3702555,10.8909,-12.4487324,-13.1020445,2.8164,13.3770676,31.8129555,6.66875
91.5,-1.235002403,-0.7135445,97.2006,-1.235002403,-0.7135445,97.2006,-22.4241324,-0.4393445,139.167,20.1303676,-3.6071445,137.815,-18.9572324,-2.9486445,87.5227,15.8883676,0.7301555,87.0255,-15.6738324,-11.2388445,48.7492,12.5485676,17.2858555,51.4832,-10.8161324,-24.2711445,9.65497,10.7737676,21.2819555,10.7666,-12.4506324,-13.7305445,2.81605,13.2715676,32.8740555,6.86598
92,-1.209352403,-0.7329445,97.1424,-1.209352403,-0.7329445,97.1424,-22.3784324,-0.4339445,139.107,20.1669676,-3.5945445,137.749,-18.9345324,-2.9760445,87.4724,15.9036676,0.7322555,86.9481,-15.6773324,-11.4996445,48.7724,12.5799676,17.1010555,51.3081,-10.8300324,-24.8538445,9.76304,10.8047676,22.1559555,10.6498,-12.4520324,-14.3596445,2.81568,13.1663676,33.8900555,7.0608
92.5,-1.182662403,-0.7506445,97.0837,-1.182662403,-0.7506445,97.0837,-22.3310324,-0.4269445,139.046,20.2037676,-3.5779445,137.682,-18.9094324,-2.9984445,87.4216,15.9198676,0.7387555,86.8693,-15.6796324,-11.7513445,48.7943,12.6141676,16.9171555,51.1326,-10.8443324,-25.4329445,9.87356,10.8299676,22.9861555,10.546,-12.4532324,-14.9897445,2.81632,13.0604676,34.8540555,7.25756
93,-1.153012403,-0.7650445,97.0242,-1.153012403,-0.7650445,97.0242,-22.2784324,-0.4178445,138.981,20.2446676,-3.5520445,137.61,-18.8823324,-3.0090445,87.3714,15.9383676,0.7545555,86.7886,-15.6770324,-11.9800445,48.8137,12.6538676,16.7365555,50.9569,-10.8614324,-26.0030445,9.99168,10.8427676,23.7069555,10.4701,-12.4553324,-15.6223445,2.81894,12.9529676,35.6860555,7.4526
93.5,-1.122412403,-0.7784445,96.9634,-1.122412403,-0.7784445,96.9634,-22.2242324,-0.4082445,138.915,20.2864676,-3.5228445,137.537,-18.8536324,-3.0166445,87.3197,15.9581676,0.7737555,86.7069,-15.6724324,-12.2024445,48.8307,12.6911676,16.5639555,50.783,-10.8787324,-26.5694445,10.1121,10.8522676,24.3809555,10.394,-12.4567324,-16.2555445,2.8223,12.8495676,36.4650555,7.63267
94,-1.090762403,-0.7910445,96.9017,-1.090762403,-0.7910445,96.9017,-22.1687324,-0.3979445,138.847,20.3298676,-3.4913445,137.462,-18.8231324,-3.0202445,87.2675,15.9788676,0.7970555,86.6242,-15.6666324,-12.4176445,48.8463,12.7298676,16.3952555,50.6104,-10.8975324,-27.1319445,10.2353,10.8557676,25.0063555,10.3228,-12.4588324,-16.8900445,2.82846,12.7480676,37.1870555,7.80188
94.5,-1.055412403,-0.8013445,96.8378,-1.055412403,-0.8013445,96.8378,-22.1080324,-0.3865445,138.775,20.3811676,-3.4531445,137.382,-18.7890324,-3.0115445,87.214,16.0021676,0.8314555,86.539,-15.6552324,-12.6104445,48.856,12.7696676,16.2426555,50.4435,-10.9216324,-27.6842445,10.3681,10.8427676,25.4861555,10.2602,-12.4618324,-17.5282445,2.84056,12.6539676,37.7380555,7.93057
95,-1.018802403,-0.8104445,96.7723,-1.018802403,-0.8104445,96.7723,-22.0466324,-0.3744445,138.7,20.4341676,-3.4127445,137.3,-18.7521324,-2.9989445,87.1589,16.0281676,0.8699555,86.4536,-15.6417324,-12.7972445,48.8638,12.8052676,16.1002555,50.2795,-10.9461324,-28.2321445,10.5052,10.8276676,25.9179555,10.1928,-12.4640324,-18.1658445,2.85385,12.5649676,38.2340555,8.03522
95.5,-0.981172403,-0.8192445,96.7059,-0.981172403,-0.8192445,96.7059,-21.9844324,-0.3625445,138.623,20.4900676,-3.3714445,137.216,-18.7139324,-2.9829445,87.1031,16.0550676,0.9122555,86.3675,-15.6273324,-12.9782445,48.8703,12.8406676,15.9633555,50.1179,-10.9726324,-28.7763445,10.6455,10.8073676,26.3021555,10.1244,-12.4674324,-18.8039445,2.87055,12.4788676,38.6750555,8.12
96,-0.939652403,-0.8262445,96.6363,-0.939652403,-0.8262445,96.6363,-21.9188324,-0.3508445,138.542,20.5556676,-3.3264445,137.128,-18.6699324,-2.9537445,87.0437,16.0856676,0.9679555,86.2798,-15.6071324,-13.1365445,48.8699,12.8712676,15.8532555,49.9678,-11.0054324,-29.3089445,10.7988,10.7702676,26.5203555,10.0474,-12.4716324,-19.4429445,2.89561,12.4056676,38.9230555,8.12785
96.5,-0.896722403,-0.8316445,96.5659,-0.896722403,-0.8316445,96.5659,-21.8528324,-0.3382445,138.459,20.6241676,-3.2805445,137.037,-18.6234324,-2.9199445,86.9837,16.1188676,1.0282555,86.193,-15.5852324,-13.2879445,48.8687,12.8983676,15.7522555,49.8213,-11.0382324,-29.8364445,10.9579,10.7323676,26.6995555,9.96537,-12.4750324,-20.0796445,2.92127,12.3361676,39.1250555,8.11021
97,-0.852912403,-0.8368445,96.4948,-0.852912403,-0.8368445,96.4948,-21.7865324,-0.3261445,138.375,20.6954676,-3.2348445,136.945,-18.5756324,-2.8831445,86.9228,16.1530676,1.0919555,86.1062,-15.5623324,-13.4339445,48.8666,12.9236676,15.6579555,49.6779,-11.0727324,-30.3606445,11.1205,10.6907676,26.8374555,9.87963,-12.4793324,-20.7156445,2.94932,12.2695676,39.2800555,8.06935
97.5,-0.805512403,-0.8388445,96.4219,-0.805512403,-0.8388445,96.4219,-21.7192324,-0.3149445,138.287,20.7759676,-3.1872445,136.85,-18.5208324,-2.8311445,86.858,16.1924676,1.1714555,86.0215,-15.5338324,-13.5528445,48.8595,12.9393676,15.5981555,49.552,-11.1116324,-30.8697445,11.3001,10.6365676,26.8102555,9.77653,-12.4839324,-21.3457445,2.98386,12.2165676,39.2400555,7.92916
98,-0.757142403,-0.8392445,96.3495,-0.757142403,-0.8392445,96.3495,-21.6514324,-0.3027445,138.2,20.8592676,-3.1400445,136.754,-18.4651324,-2.7751445,86.794,16.2324676,1.2548555,85.9386,-15.5044324,-13.6637445,48.8525,12.9542676,15.5434555,49.4297,-11.1503324,-31.3736445,11.4849,10.5825676,26.7621555,9.67198,-12.4875324,-21.9736445,3.01759,12.1647676,39.1760555,7.77282
98.5,-0.708032403,-0.8389445,96.277,-0.708032403,-0.8389445,96.277,-21.5834324,-0.2907445,138.112,20.9445676,-3.0929445,136.658,-18.4081324,-2.7158445,86.7294,16.2738676,1.3412555,85.8568,-15.4738324,-13.7681445,48.845,12.9661676,15.4963555,49.3115,-11.1896324,-31.8736445,11.6737,10.5268676,26.6812555,9.56389,-12.4915324,-22.5993445,3.05153,12.1154676,39.0720555,7.59486
99,-0.656182403,-0.8324445,96.2072,-0.656182403,-0.8324445,96.2072,-21.5160324,-0.2787445,138.026,21.0360676,-3.0447445,136.562,-18.3450324,-2.6391445,86.664,16.3206676,1.4439555,85.7838,-15.4380324,-13.8349445,48.8359,12.9673676,15.4865555,49.2162,-11.2287324,-32.3514445,11.8823,10.4659176,26.4614555,9.44165,-12.4940324,-23.2130445,3.08515,12.0766676,38.8020555,7.32246
99.5,-0.603882403,-0.8245445,96.1389,-0.603882403,-0.8245445,96.1389,-21.4475324,-0.2659445,137.941,21.1293676,-2.9970445,136.467,-18.2824324,-2.5596445,86.6003,16.3664676,1.5489555,85.7128,-15.4021324,-13.8930445,48.8267,12.9697676,15.4783555,49.1239,-11.2680324,-32.8237445,12.0944,10.4056376,26.2347555,9.32123,-12.4956324,-23.8256445,3.11715,12.0377676,38.5230555,7.04499
,,,,,,,,,,,,,,,,,,,,,,,,,,,,,,,,,,,,
,-0.484567597,67.7999445,,,,,,,,,,,,,,,,,,,,,,,,,,,,,,,,,,
