[Gait],,,,,,,,,,,,,,,,,,,,,,,,,,,,,,,,,,,,
氏名,周期,歩行率,立脚,%,遊脚,%,両足支持,%,ストライド,ステップ,歩隔,,,,,,,,,,,,,,,,,,,,,,,,,
Group1(R),0,0,0,0,0,0,0,0,0,0,0,,,,,,,,,,,,,,,,,,,,,,,,,
SD,0,0,0,0,0,0,0,0,0,0,0,,,,,,,,,,,,,,,,,,,,,,,,,
CV,0,0,0,0,0,0,0,0,0,0,0,,,,,,,,,,,,,,,,,,,,,,,,,
Group1(L),0,0,0,0,0,0,0,0,0,0,0,,,,,,,,,,,,,,,,,,,,,,,,,
SD,0,0,0,0,0,0,0,0,0,0,0,,,,,,,,,,,,,,,,,,,,,,,,,
CV,0,0,0,0,0,0,0,0,0,0,0,,,,,,,,,,,,,,,,,,,,,,,,,
[Data],,,,,,,,,,,,,,,,,,,,,,,,,,,,,,,,,,,,
Cycle(%),重心[x](cm),重心[y](cm),重心[z](cm),重心[x](cm),重心[y](cm),重心[z](cm),左肩峰[x](cm),左肩峰[y](cm),左肩峰[z](cm),右肩峰[x](cm),右肩峰[y](cm),右肩峰[z](cm),左大転子[x](cm),左大転子[y](cm),左大転子[z](cm),右大転子[x](cm),右大転子[y](cm),右大転子[z](cm),左外側上顆[x](cm),左外側上顆[y](cm),左外側上顆[z](cm),右外側上顆[x](cm),右外側上顆[y](cm),右外側上顆[z](cm),左外果[x](cm),左外果[y](cm),左外果[z](cm),右外果[x](cm),右外果[y](cm),右外果[z](cm),左第５中足骨頭[x](cm),左第５中足骨頭[y](cm),左第５中足骨頭[z](cm),右第５中足骨頭[x](cm),右第５中足骨頭[y](cm),右第５中足骨頭[z](cm)
0,-0.152728,-0.513171,91.918,-0.152728,-0.513171,91.918,-21.748948,10.995929,131.774,16.096892,9.685729,129.646,-16.278748,-9.765671,82.0037,18.159852,-7.481171,83.5474,-11.230248,-23.454371,45.9152,17.616422,6.194429,47.6203,-13.987548,-34.007871,11.8395,18.269852,12.984429,10.6381,-7.578148,-30.529371,4.15246,21.251652,23.112129,6.35269
0.5,-0.089338,-0.464371,91.8435,-0.089338,-0.464371,91.8435,-21.641248,10.940229,131.737,16.187722,9.820829,129.484,-16.206848,-9.745671,81.9926,18.205052,-7.270771,83.4241,-11.189148,-23.570271,45.893,17.612962,6.547929,47.5752,-13.967348,-34.477571,11.8822,18.221452,12.912529,10.545,-7.573648,-31.086371,4.17934,21.149552,22.956429,6.10048
1,-0.025998,-0.415571,91.7699,-0.025998,-0.415571,91.7699,-21.533148,10.886529,131.7,16.281582,9.957029,129.32,-16.133848,-9.725171,81.9817,18.243652,-7.064371,83.3047,-11.150948,-23.673871,45.869,17.611582,6.911729,47.5377,-13.945548,-34.943671,11.9266,18.177452,12.796129,10.4531,-7.569548,-31.639571,4.20828,21.051552,22.751529,5.83858
1.5,0.036552,-0.366471,91.6979,0.036552,-0.366471,91.6979,-21.424848,10.834929,131.665,16.376922,10.093229,129.158,-16.064748,-9.703371,81.9712,18.279252,-6.857871,83.189,-11.112948,-23.769071,45.845,17.609832,7.279229,47.5039,-13.926348,-35.406171,11.9725,18.136052,12.651029,10.3603,-7.566148,-32.193471,4.23988,20.959052,22.516429,5.57229
2,0.097712,-0.316271,91.6323,0.097712,-0.316271,91.6323,-21.316748,10.792229,131.635,16.477032,10.231429,129.001,-15.998548,-9.679971,81.9611,18.300052,-6.659371,83.0877,-11.081748,-23.824271,45.8175,17.611642,7.655829,47.4858,-13.906448,-35.854971,12.0205,18.113952,12.404429,10.2761,-7.564148,-32.738871,4.2763,20.890352,22.175129,5.30825
2.5,0.159202,-0.265971,91.5676,0.159202,-0.265971,91.5676,-21.209148,10.751229,131.606,16.578962,10.370229,128.845,-15.931548,-9.656471,81.9513,18.320252,-6.463271,82.9895,-11.053448,-23.871271,45.7887,17.614552,8.034429,47.4714,-13.885348,-36.301671,12.0683,18.094152,12.140429,10.1946,-7.561848,-33.281571,4.31279,20.824552,21.816729,5.04718
3,0.219092,-0.214871,91.5078,0.219092,-0.214871,91.5078,-21.103448,10.716829,131.583,16.681002,10.507929,128.695,-15.868448,-9.631171,81.9421,18.335052,-6.270471,82.9001,-11.029148,-23.895971,45.7596,17.617872,8.405929,47.46,-13.856948,-36.742571,12.1131,18.082052,11.839429,10.1187,-7.559848,-33.820371,4.35085,20.775252,21.423329,4.79887
3.5,0.278812,-0.162271,91.4554,0.278812,-0.162271,91.4554,-21.001148,10.694529,131.568,16.783732,10.646229,128.557,-15.805048,-9.604971,81.9336,18.348352,-6.085271,82.826,-11.017248,-23.876971,45.7251,17.625572,8.759329,47.4545,-13.816948,-37.172271,12.1513,18.086452,11.479929,10.0578,-7.555948,-34.348371,4.3878,20.750952,20.977929,4.5864
4,0.338742,-0.109571,91.404,0.338742,-0.109571,91.404,-20.899448,10.673829,131.554,16.886892,10.784929,128.42,-15.741348,-9.578571,81.9252,18.362652,-5.901571,82.754,-11.007348,-23.851771,45.6896,17.633912,9.110329,47.4502,-13.775448,-37.600571,12.1887,18.092252,11.113229,9.99937,-7.551648,-34.874771,4.42436,20.728952,20.526629,4.37957
4.5,0.397022,-0.055771,91.3608,0.397022,-0.055771,91.3608,-20.802948,10.666629,131.549,16.987152,10.921029,128.3,-15.679848,-9.549971,81.9177,18.375652,-5.725271,82.696,-11.009148,-23.786271,45.651,17.645252,9.428429,47.4432,-13.711348,-38.020571,12.2155,18.108152,10.711529,9.95398,-7.544948,-35.390771,4.45866,20.730752,20.048029,4.21017
5,0.456052,-0.000471,91.3246,0.456052,-0.000471,91.3246,-20.710448,10.671929,131.553,17.083142,11.057229,128.195,-15.617348,-9.520671,81.9107,18.399652,-5.553171,82.6505,-11.023448,-23.678671,45.6042,17.661532,9.707029,47.4331,-13.629648,-38.431871,12.2336,18.132252,10.281229,9.9213,-7.535448,-35.897671,4.49258,20.748052,19.552329,4.08269
5.5,0.514962,0.054729,91.2899,0.514962,0.054729,91.2899,-20.619148,10.680129,131.559,17.178972,11.193129,128.092,-15.555048,-9.490771,81.9038,18.424252,-5.385071,82.6075,-11.040448,-23.563571,45.5562,17.678772,9.979229,47.4227,-13.544348,-38.841371,12.2496,18.158552,9.845929,9.89135,-7.524548,-36.402571,4.52542,20.768652,19.053229,3.96355
6,0.573022,0.111029,91.2651,0.573022,0.111029,91.2651,-20.535048,10.706829,131.577,17.267392,11.326129,128.014,-15.493048,-9.459071,81.8978,18.457852,-5.225271,82.5815,-11.074548,-23.392771,45.4991,17.702652,10.185129,47.402,-13.422748,-39.239871,12.2525,18.189752,9.384729,9.87533,-7.509748,-36.892771,4.55823,20.807552,18.540329,3.89082
6.5,0.631272,0.167829,91.2455,0.631272,0.167829,91.2455,-20.454048,10.743529,131.602,17.348842,11.458229,127.95,-15.431148,-9.427171,81.8919,18.503052,-5.068371,82.5637,-11.116348,-23.190871,45.4346,17.730552,10.349129,47.3749,-13.285448,-39.630971,12.2509,18.222952,8.911829,9.86515,-7.493448,-37.376771,4.59584,20.851552,18.025329,3.84489
7,0.689792,0.224429,91.2288,0.689792,0.224429,91.2288,-20.375448,10.786329,131.631,17.429712,11.589829,127.893,-15.369748,-9.393971,81.8864,18.552552,-4.919571,82.5506,-11.163848,-22.972471,45.3662,17.761052,10.492929,47.3447,-13.137948,-40.018371,12.2463,18.258752,8.432929,9.85913,-7.475048,-37.856471,4.63392,20.899352,17.507529,3.81189
7.5,0.747142,0.280729,91.2214,0.747142,0.280729,91.2214,-20.303948,10.847429,131.67,17.499612,11.718729,127.861,-15.308548,-9.360371,81.8809,18.614152,-4.781971,82.5547,-11.226148,-22.695971,45.2847,17.800252,10.553329,47.3031,-12.953348,-40.389971,12.2367,18.290952,7.937429,9.85929,-7.454348,-38.319971,4.68502,20.950952,16.985329,3.80997
8,0.803892,0.336529,91.2177,0.803892,0.336529,91.2177,-20.235148,10.915529,131.713,17.563532,11.845929,127.84,-15.248348,-9.326271,81.8756,18.682452,-4.649571,82.5641,-11.292348,-22.397871,45.1982,17.842052,10.578029,47.2555,-12.756248,-40.753771,12.2281,18.322852,7.436529,9.86093,-7.434248,-38.777371,4.74637,21.002552,16.463629,3.81921
8.5,0.861042,0.391729,91.2174,0.861042,0.391729,91.2174,-20.169048,10.991129,131.76,17.625302,11.973129,127.829,-15.188748,-9.291671,81.8705,18.757852,-4.527271,82.5803,-11.364648,-22.075971,45.105,17.888252,10.568729,47.2039,-12.545148,-41.109871,12.2198,18.353852,6.930129,9.86439,-7.413048,-39.227571,4.81614,21.053552,15.940429,3.83676
9,0.915742,0.444429,91.2246,0.915742,0.444429,91.2246,-20.109448,11.080229,131.814,17.677062,12.097229,127.837,-15.130648,-9.257171,81.865,18.838252,-4.423271,82.6113,-11.444248,-21.706071,45.0015,17.941452,10.482829,47.1461,-12.308348,-41.443871,12.2211,18.377952,6.413929,9.86646,-7.394348,-39.657671,4.91529,21.097752,15.415129,3.86126
9.5,0.969512,0.495929,91.2348,0.969512,0.495929,91.2348,-20.052848,11.174129,131.869,17.725052,12.219429,127.854,-15.073748,-9.222571,81.8597,18.921852,-4.326871,82.6471,-11.526348,-21.318171,44.8947,17.996552,10.365629,47.0837,-12.061048,-41.766871,12.2286,18.399852,5.893229,9.86821,-7.377748,-40.078271,5.03007,21.139852,14.889029,3.88755
10,1.022702,0.545629,91.2482,1.022702,0.545629,91.2482,-19.998748,11.273729,131.926,17.769452,12.341629,127.879,-15.017348,-9.188071,81.8542,19.008752,-4.244571,82.6907,-11.611048,-20.905871,44.7823,18.056052,10.211429,47.0211,-11.803648,-42.075971,12.244,18.417652,5.368729,9.86752,-7.363448,-40.486271,5.16581,21.176352,14.362029,3.91133
10.5,1.072352,0.591529,91.2672,1.072352,0.591529,91.2672,-19.951148,11.380729,131.985,17.808752,12.460129,127.916,-14.963148,-9.153671,81.8484,19.090552,-4.186171,82.7458,-11.697148,-20.459471,44.6667,18.119552,10.001529,46.9589,-11.536248,-42.356371,12.2794,18.429952,4.838029,9.8631,-7.354248,-40.865871,5.3378,21.204552,13.831529,3.92716
11,1.120662,0.635729,91.2884,1.120662,0.635729,91.2884,-19.906348,11.489529,132.044,17.845352,12.576729,127.958,-14.909848,-9.119671,81.8425,19.172652,-4.135271,82.8059,-11.783948,-19.997771,44.5502,18.183552,9.764829,46.8948,-11.262748,-42.619871,12.3273,18.436852,4.302929,9.85715,-7.349148,-41.229971,5.53121,21.229152,13.298829,3.93908
11.5,1.167292,0.676829,91.3126,1.167292,0.676829,91.3126,-19.864748,11.601029,132.102,17.879052,12.692429,128.005,-14.856748,-9.085871,81.8365,19.251552,-4.106071,82.8731,-11.869248,-19.514071,44.433,18.250752,9.496829,46.8359,-10.987148,-42.861171,12.3897,18.441052,3.765329,9.84745,-7.349448,-41.569671,5.7558,21.247552,12.764629,3.94163
12,1.209672,0.713529,91.341,1.209672,0.713529,91.341,-19.830048,11.714229,132.158,17.912152,12.803529,128.058,-14.805548,-9.052071,81.8303,19.318752,-4.101771,82.9499,-11.952948,-19.007171,44.3211,18.318552,9.191329,46.7826,-10.717048,-43.062471,12.4788,18.440052,3.223029,9.83551,-7.354748,-41.865671,6.01533,21.260452,12.225229,3.93307
12.5,1.250532,0.748929,91.3707,1.250532,0.748929,91.3707,-19.797248,11.826429,132.213,17.943552,12.912929,128.112,-14.754548,-9.018471,81.824,19.382852,-4.102671,83.0295,-12.035848,-18.492071,44.2112,18.385752,8.872329,46.7303,-10.448348,-43.247171,12.5797,18.434952,2.678129,9.82219,-7.363448,-42.145371,6.29072,21.271152,11.683729,3.92088
13,1.288722,0.779729,91.4033,1.288722,0.779729,91.4033,-19.769548,11.937529,132.265,17.973652,13.019129,128.169,-14.702948,-8.984971,81.818,19.439052,-4.131571,83.1153,-12.114548,-17.957271,44.1092,18.453352,8.528129,46.6873,-10.187048,-43.394371,12.6993,18.429052,2.130129,9.80788,-7.378748,-42.376071,6.60115,21.278952,11.138929,3.89997
13.5,1.322842,0.807129,91.4388,1.322842,0.807129,91.4388,-19.747748,12.045829,132.312,18.004952,13.120329,128.227,-14.652348,-8.950671,81.8117,19.482752,-4.180271,83.2074,-12.190448,-17.408871,44.0185,18.519152,8.162929,46.6521,-9.945448,-43.493471,12.8445,18.418652,1.579229,9.79368,-7.395948,-42.552071,6.93332,21.285152,10.589429,3.87375
14,1.355692,0.833429,91.4753,1.355692,0.833429,91.4753,-19.727148,12.152629,132.36,18.035552,13.219629,128.285,-14.601848,-8.916171,81.8054,19.522752,-4.234071,83.3006,-12.265048,-16.856871,43.9316,18.583852,7.791829,46.6189,-9.711048,-43.575871,12.9987,18.407952,1.027129,9.77949,-7.415048,-42.709971,7.27318,21.290852,10.038329,3.84648
14.5,1.385592,0.855329,91.5139,1.385592,0.855329,91.5139,-19.713148,12.254329,132.402,18.065052,13.313529,128.344,-14.549048,-8.882071,81.7997,19.555052,-4.312671,83.3971,-12.334848,-16.289871,43.8608,18.645752,7.403729,46.5954,-9.491448,-43.607171,13.1651,18.396452,0.470829,9.76886,-7.437248,-42.793371,7.63432,21.298552,9.482829,3.81916
15,1.411782,0.874829,91.5546,1.411782,0.874829,91.5546,-19.703448,12.351329,132.44,18.095352,13.402129,128.402,-14.497448,-8.845671,81.7939,19.577152,-4.406371,83.4964,-12.400848,-15.715971,43.8038,18.704852,7.003929,46.5796,-9.304748,-43.582971,13.3526,18.384452,-0.086171,9.76037,-7.456948,-42.814171,7.99854,21.307052,8.924629,3.79354
15.5,1.437072,0.893329,91.596,1.437072,0.893329,91.596,-19.695048,12.446329,132.478,18.125352,13.488029,128.461,-14.445648,-8.809171,81.7883,19.597352,-4.504771,83.5957,-12.465048,-15.139771,43.7526,18.762052,6.600229,46.5656,-9.127448,-43.538971,13.5441,18.373452,-0.644371,9.75333,-7.476948,-42.808671,8.36275,21.316152,8.365229,3.76984
16,1.459392,0.908829,91.6389,1.459392,0.908829,91.6389,-19.692048,12.534329,132.511,18.152252,13.567129,128.521,-14.391348,-8.772671,81.7832,19.612852,-4.619671,83.6942,-12.524448,-14.555371,43.7212,18.814252,6.184229,46.5584,-8.977648,-43.427171,13.7391,18.363152,-1.206771,9.75234,-7.493748,-42.710071,8.71922,21.329552,7.802029,3.75484
16.5,1.479842,0.923229,91.6827,1.479842,0.923229,91.6827,-19.690948,12.619229,132.543,18.178952,13.642329,128.582,-14.338548,-8.733671,81.7782,19.625552,-4.742971,83.7926,-12.579848,-13.968971,43.6992,18.864252,5.762129,46.5554,-8.856148,-43.274071,13.9416,18.355752,-1.767871,9.75375,-7.506148,-42.564071,9.06402,21.343652,7.239029,3.74409
17,1.498882,0.936629,91.7272,1.498882,0.936629,91.7272,-19.691548,12.700429,132.574,18.204352,13.713229,128.644,-14.285548,-8.694971,81.7734,19.636752,-4.869971,83.8898,-12.632148,-13.380471,43.6865,18.910752,5.334029,46.554,-8.752448,-43.084071,14.144,18.348552,-2.331171,9.75735,-7.515848,-42.369771,9.39545,21.358452,6.674829,3.73813
17.5,1.515382,0.948329,91.7721,1.515382,0.948329,91.7721,-19.695048,12.775529,132.602,18.224552,13.777329,128.708,-14.231848,-8.655371,81.769,19.647752,-5.006971,83.9828,-12.678148,-12.789571,43.6909,18.951452,4.894429,46.5553,-8.684448,-42.819471,14.3391,18.345952,-2.896571,9.76614,-7.519148,-42.080571,9.69197,21.375552,6.109229,3.74189
18,1.530982,0.959729,91.8174,1.530982,0.959729,91.8174,-19.698748,12.848829,132.629,18.243052,13.839029,128.773,-14.179548,-8.614271,81.7647,19.659652,-5.146971,84.0746,-12.720248,-12.198471,43.7003,18.990152,4.450529,46.5578,-8.635948,-42.526871,14.5326,18.345552,-3.461271,9.77592,-7.518748,-41.759671,9.97256,21.392252,5.544829,3.74873
18.5,1.544932,0.970529,91.8626,1.544932,0.970529,91.8626,-19.703448,12.917729,132.656,18.259252,13.895529,128.84,-14.127848,-8.573671,81.7602,19.670752,-5.288771,84.1636,-12.756748,-11.607371,43.7197,19.024552,3.998029,46.561,-8.613548,-42.181071,14.7195,18.345452,-4.026971,9.78711,-7.513548,-41.374471,10.2214,21.408152,4.980729,3.75959
19,1.556572,0.980429,91.9074,1.556572,0.980429,91.9074,-19.708348,12.982029,132.683,18.268752,13.946429,128.91,-14.078448,-8.532271,81.7564,19.683952,-5.436071,84.2467,-12.784748,-11.017571,43.7504,19.052452,3.534229,46.5635,-8.627348,-41.764271,14.889,18.351852,-4.593671,9.80028,-7.504448,-40.906871,10.4213,21.422352,4.417029,3.77467
19.5,1.567442,0.990429,91.952,1.567442,0.990429,91.952,-19.713148,13.045329,132.709,18.275852,13.996029,128.982,-14.029948,-8.490571,81.7525,19.697652,-5.583671,84.3287,-12.809248,-10.428271,43.7836,19.079052,3.066729,46.5662,-8.652848,-41.328771,15.0523,18.358152,-5.160371,9.81313,-7.492648,-40.418271,10.6061,21.435752,3.854629,3.79065
20,1.576612,1.000029,91.9958,1.576612,1.000029,91.9958,-19.717048,13.103929,132.734,18.280352,14.040229,129.056,-13.983548,-8.448771,81.7484,19.710052,-5.733271,84.406,-12.823948,-9.842471,43.8253,19.099652,2.589229,46.5684,-8.713548,-40.824471,15.2011,18.367452,-5.725571,9.82508,-7.478748,-39.856271,10.7415,21.445352,3.294129,3.80529
20.5,1.583332,1.009229,92.0387,1.583332,1.009229,92.0387,-19.719948,13.159429,132.76,18.279252,14.080829,129.133,-13.941648,-8.407571,81.7449,19.722052,-5.884371,84.4786,-12.830648,-9.259071,43.8727,19.114752,2.103629,46.5693,-8.799848,-40.269271,15.3312,18.380152,-6.291871,9.83595,-7.466148,-39.239471,10.837,21.451452,2.734629,3.81801
21,1.589202,1.018329,92.081,1.589202,1.018329,92.081,-19.723048,13.214129,132.785,18.275452,14.120829,129.21,-13.899848,-8.366371,81.7412,19.733152,-6.035971,84.5499,-12.834348,-8.676971,43.9218,19.129152,1.614629,46.5702,-8.893148,-39.697671,15.4508,18.391952,-6.858271,9.84668,-7.452548,-38.605171,10.9171,21.457052,2.175729,3.82997
21.5,1.593042,1.027229,92.1215,1.593042,1.027229,92.1215,-19.723148,13.263429,132.81,18.270852,14.155529,129.288,-13.862448,-8.324571,81.7376,19.739452,-6.189971,84.6156,-12.823848,-8.102671,43.9784,19.135852,1.117629,46.5704,-9.029448,-39.047671,15.5487,18.407752,-7.420671,9.8536,-7.444548,-37.894871,10.9381,21.456752,1.620029,3.83417
22,1.594462,1.035829,92.161,1.594462,1.035829,92.161,-19.723348,13.311029,132.835,18.263352,14.188429,129.367,-13.829648,-8.284471,81.7346,19.742152,-6.344471,84.6786,-12.808848,-7.530071,44.0381,19.139352,0.616729,46.5702,-9.179448,-38.368771,15.6319,18.423552,-7.984571,9.85912,-7.439648,-37.153971,10.9355,21.454152,1.064329,3.83484
22.5,1.594932,1.044029,92.1996,1.594932,1.044029,92.1996,-19.723148,13.356429,132.858,18.253752,14.220329,129.447,-13.796948,-8.243771,81.7316,19.742052,-6.500371,84.7393,-12.790148,-6.961171,44.1003,19.141352,0.113329,46.57,-9.335248,-37.668671,15.6984,18.439352,-8.547771,9.86549,-7.439148,-36.391571,10.9144,21.451552,0.508629,3.83311
23,1.593222,1.052329,92.2358,1.593222,1.052329,92.2358,-19.720448,13.397229,132.88,18.246052,14.248429,129.524,-13.769148,-8.202871,81.729,19.733852,-6.657771,84.7951,-12.759048,-6.402371,44.1697,19.137652,-0.391971,46.5704,-9.531248,-36.901371,15.7445,18.456652,-9.106671,9.86778,-7.448548,-35.567971,10.8447,21.445152,-0.043971,3.82348
23.5,1.589472,1.059929,92.2711,1.589472,1.059929,92.2711,-19.718548,13.436129,132.901,18.238252,14.275029,129.601,-13.745548,-8.163671,81.7271,19.720852,-6.816171,84.8492,-12.726148,-5.845471,44.2419,19.132052,-0.898471,46.5709,-9.732948,-36.115571,15.7763,18.472252,-9.666371,9.87053,-7.462348,-34.722571,10.7595,21.438452,-0.597571,3.81106
24,1.584792,1.067329,92.3048,1.584792,1.067329,92.3048,-19.715548,13.471829,132.92,18.230352,14.299929,129.677,-13.722548,-8.123071,81.7255,19.703152,-6.975271,84.9,-12.689848,-5.296271,44.319,19.124552,-1.404471,46.5719,-9.944148,-35.303071,15.7893,18.488652,-10.224871,9.87456,-7.485548,-33.849871,10.6545,21.432952,-1.151671,3.79711
24.5,1.578222,1.074529,92.3363,1.578222,1.074529,92.3363,-19.712448,13.503629,132.936,18.225552,14.322429,129.749,-13.703648,-8.083171,81.7249,19.678452,-7.134971,84.9468,-12.647448,-4.756571,44.4032,19.115452,-1.908071,46.5738,-10.182048,-34.446871,15.7843,18.503252,-10.780671,9.87803,-7.518648,-32.934071,10.5192,21.427952,-1.704571,3.78042
25,1.570462,1.081029,92.3667,1.570462,1.081029,92.3667,-19.709748,13.532629,132.951,18.222852,14.342929,129.819,-13.688748,-8.044371,81.7252,19.650152,-7.295271,84.9919,-12.604548,-4.220671,44.491,19.104852,-2.410671,46.5763,-10.422848,-33.573571,15.7659,18.516752,-11.335471,9.88393,-7.556948,-31.997771,10.3712,21.424152,-2.258571,3.76285
25.5,1.561742,1.087329,92.3951,1.561742,1.087329,92.3951,-19.706548,13.558129,132.964,18.221652,14.361129,129.885,-13.674648,-8.004171,81.7261,19.617152,-7.453871,85.0324,-12.561148,-3.697271,44.5862,19.093952,-2.909871,46.5792,-10.676048,-32.673271,15.7287,18.529752,-11.890271,9.89184,-7.605848,-31.029071,10.205,21.423552,-2.813271,3.74716
26,1.551902,1.093129,92.4214,1.551902,1.093129,92.4214,-19.704148,13.579829,132.973,18.222752,14.377229,129.948,-13.664048,-7.965471,81.7283,19.581652,-7.612271,85.0694,-12.516248,-3.182871,44.6879,19.083952,-3.405171,46.5827,-10.942048,-31.744071,15.6746,18.539252,-12.443071,9.90239,-7.662748,-30.027271,10.0208,21.426452,-3.368371,3.73375
26.5,1.541572,1.098229,92.4463,1.541572,1.098229,92.4463,-19.701548,13.598329,132.98,18.227352,14.390829,130.006,-13.657448,-7.927071,81.7315,19.544552,-7.769271,85.104,-12.472148,-2.676271,44.7939,19.073152,-3.898171,46.5865,-11.213348,-30.799171,15.6104,18.548952,-12.994271,9.91562,-7.724948,-29.004271,9.82567,21.431052,-3.923971,3.72167
27,1.530212,1.102829,92.4688,1.530212,1.102829,92.4688,-19.699748,13.613129,132.984,18.231952,14.401829,130.061,-13.652948,-7.889171,81.7357,19.506752,-7.922671,85.1334,-12.431148,-2.184571,44.9071,19.064552,-4.386871,46.5905,-11.491648,-29.829971,15.5277,18.556252,-13.546471,9.93239,-7.795248,-27.948171,9.61665,21.440052,-4.480571,3.71426
27.5,1.518732,1.106729,92.4894,1.518732,1.106729,92.4894,-19.697948,13.624229,132.985,18.237252,14.410729,130.112,-13.650648,-7.852771,81.7411,19.470452,-8.074371,85.1593,-12.390548,-1.702371,45.0254,19.057252,-4.872471,46.594,-11.772748,-28.839871,15.4301,18.561252,-14.097071,9.95233,-7.871848,-26.865471,9.3972,21.452952,-5.037671,3.71129
28,1.506752,1.109729,92.5076,1.506752,1.109729,92.5076,-19.696148,13.632129,132.984,18.246252,14.416629,130.157,-13.654148,-7.817071,81.7474,19.434952,-8.223071,85.1816,-12.351048,-1.233871,45.1476,19.049552,-5.354971,46.5974,-12.063748,-27.834171,15.3261,18.566352,-14.646671,9.97314,-7.952248,-25.758671,9.16726,21.467052,-5.594271,3.71032
28.5,1.493482,1.111529,92.5237,1.493482,1.111529,92.5237,-19.694948,13.635529,132.979,18.251352,14.419529,130.198,-13.661548,-7.784371,81.7551,19.402452,-8.367071,85.1987,-12.316348,-0.781371,45.2747,19.045352,-5.834271,46.6007,-12.352248,-26.805871,15.2044,18.568152,-15.197171,9.99776,-8.039448,-24.620971,8.92939,21.484752,-6.151271,3.71385
29,1.480492,1.112529,92.5377,1.480492,1.112529,92.5377,-19.693148,13.635629,132.973,18.256152,14.420429,130.235,-13.670948,-7.753271,81.7635,19.372952,-8.508471,85.2124,-12.281748,-0.339371,45.4045,19.041352,-6.311371,46.6032,-12.639648,-25.761071,15.0724,18.570252,-15.746771,10.0235,-8.130548,-23.462071,8.6856,21.504652,-6.708271,3.7205
29.5,1.466542,1.112129,92.5486,1.466542,1.112129,92.5486,-19.691948,13.632829,132.963,18.262152,14.418629,130.264,-13.687648,-7.724171,81.7726,19.346052,-8.646971,85.2221,-12.247648,0.084429,45.5351,19.037452,-6.785971,46.605,-12.933748,-24.700071,14.9355,18.570852,-16.295771,10.0482,-8.224748,-22.280871,8.43523,21.524852,-7.263971,3.72764
30,1.450892,1.109529,92.5576,1.450892,1.109529,92.5576,-19.690348,13.624729,132.95,18.262152,14.413229,130.291,-13.709548,-7.700271,81.7831,19.321952,-8.781171,85.2272,-12.217548,0.491629,45.668,19.035052,-7.257871,46.6071,-13.221348,-23.618371,14.7866,18.570952,-16.844471,10.0745,-8.325248,-21.072471,8.18242,21.545652,-7.818871,3.736
30.5,1.434972,1.105829,92.5636,1.434972,1.105829,92.5636,-19.688548,13.613429,132.935,18.261052,14.406229,130.311,-13.735448,-7.678471,81.7938,19.300252,-8.912971,85.2286,-12.186348,0.884029,45.8001,19.031852,-7.727971,46.6081,-13.505448,-22.519871,14.6308,18.572352,-17.392971,10.0988,-8.428348,-19.845571,7.92761,21.566752,-8.372871,3.74449
31,1.417412,1.100329,92.5672,1.417412,1.100329,92.5672,-19.686948,13.599329,132.918,18.257452,14.396829,130.325,-13.768748,-7.660171,81.8049,19.280152,-9.043271,85.227,-12.154448,1.261729,45.9304,19.028152,-8.196371,46.6091,-13.788248,-21.408071,14.4721,18.571952,-17.941071,10.1214,-8.534148,-18.603971,7.6732,21.587152,-8.925771,3.75152
31.5,1.398032,1.092329,92.5687,1.398032,1.092329,92.5687,-19.684948,13.579729,132.899,18.250152,14.384229,130.334,-13.808248,-7.647071,81.8171,19.259652,-9.171171,85.2218,-12.124048,1.620829,46.0596,19.023252,-8.660971,46.6109,-14.066648,-20.277771,14.3104,18.575152,-18.486671,10.1424,-8.644748,-17.341471,7.42076,21.605152,-9.475971,3.75554
32,1.377072,1.082429,92.5666,1.377072,1.082429,92.5666,-19.683448,13.556829,132.877,18.239652,14.370229,130.335,-13.854348,-7.637871,81.8292,19.239352,-9.297971,85.2131,-12.092148,1.962429,46.1841,19.016252,-9.123571,46.6121,-14.333448,-19.129071,14.1432,18.579052,-19.032471,10.1597,-8.757048,-16.063371,7.17345,21.622552,-10.025471,3.75723
32.5,1.354262,1.070629,92.563,1.354262,1.070629,92.563,-19.681848,13.531029,132.854,18.226252,14.354029,130.332,-13.906648,-7.632271,81.8414,19.217552,-9.425071,85.2024,-12.058948,2.292229,46.306,19.007452,-9.583771,46.6139,-14.597948,-17.971571,13.9787,18.583952,-19.576871,10.1755,-8.871448,-14.776171,6.93167,21.638352,-10.574071,3.75643
33,1.329572,1.056329,92.5572,1.329572,1.056329,92.5572,-19.681248,13.500429,132.829,18.212452,14.335229,130.323,-13.964748,-7.631071,81.8543,19.191852,-9.551371,85.1896,-12.025048,2.604529,46.4237,18.995652,-10.039171,46.6171,-14.857748,-16.799371,13.8177,18.592852,-20.118071,10.1889,-8.987048,-13.476171,6.69639,21.651052,-11.119471,3.75101
33.5,1.302492,1.040029,92.5482,1.302492,1.040029,92.5482,-19.680948,13.466129,132.802,18.194252,14.315629,130.306,-14.030848,-7.634571,81.8666,19.163052,-9.677971,85.1735,-11.991648,2.899629,46.5339,18.981452,-10.491271,46.6205,-15.097648,-15.609771,13.6547,18.604652,-20.658171,10.1992,-9.101848,-12.163971,6.4749,21.662852,-11.664871,3.74273
34,1.274062,1.021729,92.5382,1.274062,1.021729,92.5382,-19.681748,13.429429,132.774,18.176352,14.293429,130.285,-14.100248,-7.640671,81.8792,19.130652,-9.805971,85.1568,-11.956148,3.184729,46.6417,18.963652,-10.939171,46.6248,-15.337748,-14.416271,13.5007,18.619752,-21.195671,10.2094,-9.216048,-10.846471,6.26151,21.673852,-12.209471,3.73304
34.5,1.243392,1.001229,92.526,1.243392,1.001229,92.526,-19.684248,13.388129,132.745,18.158352,14.269229,130.256,-14.176148,-7.651071,81.8917,19.091952,-9.933471,85.1383,-11.920948,3.453029,46.7419,18.943652,-11.381571,46.6312,-15.565448,-13.210571,13.3548,18.637852,-21.729971,10.2188,-9.324548,-9.520071,6.06277,21.682252,-12.752171,3.7201
35,1.211422,0.979429,92.5125,1.211422,0.979429,92.5125,-19.687048,13.344229,132.716,18.139152,14.244429,130.224,-14.256148,-7.664171,81.9038,19.049452,-10.061471,85.1179,-11.888748,3.710529,46.8365,18.921452,-11.819571,46.6381,-15.778548,-11.997371,13.2143,18.661652,-22.261471,10.229,-9.428548,-8.187771,5.8787,21.690652,-13.295271,3.70646
35.5,1.178712,0.956129,92.4978,1.178712,0.956129,92.4978,-19.692548,13.298429,132.686,18.122052,14.217029,130.186,-14.337148,-7.678871,81.9159,19.003352,-10.189871,85.0975,-11.855248,3.957229,46.9271,18.895952,-12.251971,46.6456,-15.985948,-10.779971,13.084,18.687852,-22.790171,10.2407,-9.526148,-6.849971,5.70629,21.699652,-13.838071,3.69397
36,1.144542,0.931229,92.4821,1.144542,0.931229,92.4821,-19.699148,13.248729,132.656,18.105052,14.187829,130.142,-14.422848,-7.696771,81.9275,18.951452,-10.316771,85.0752,-11.825448,4.190929,47.009,18.870552,-12.678571,46.6555,-16.176748,-9.558571,12.9696,18.718452,-23.315171,10.2559,-9.608548,-5.507171,5.55556,21.708352,-14.380371,3.68214
36.5,1.110252,0.905829,92.466,1.110252,0.905829,92.466,-19.706648,13.197729,132.626,18.089452,14.157629,130.097,-14.508848,-7.715571,81.9388,18.897452,-10.442671,85.0525,-11.799748,4.417629,47.0873,18.843452,-13.100371,46.6658,-16.358448,-8.335871,12.8639,18.754152,-23.836471,10.2743,-9.682748,-4.161271,5.41649,21.717352,-14.922771,3.67139
37,1.076202,0.879729,92.4492,1.076202,0.879729,92.4492,-19.717348,13.145529,132.597,18.075452,14.125029,130.046,-14.593548,-7.735071,81.9497,18.842252,-10.566371,85.0292,-11.775048,4.633529,47.1595,18.815852,-13.516371,46.6768,-16.524048,-7.110271,12.7706,18.790152,-24.355471,10.2978,-9.741448,-2.809871,5.29547,21.729152,-15.465671,3.66527
37.5,1.042292,0.852829,92.4326,1.042292,0.852829,92.4326,-19.728348,13.090829,132.569,18.061752,14.090129,129.993,-14.677848,-7.755471,81.9599,18.784652,-10.686471,85.0044,-11.757048,4.840229,47.2244,18.790152,-13.926071,46.6895,-16.677148,-5.890671,12.7,18.832152,-24.870271,10.3282,-9.778948,-1.457271,5.19707,21.741852,-16.008571,3.66252
38,1.009022,0.826129,92.4162,1.009022,0.826129,92.4162,-19.740748,13.035829,132.541,18.050152,14.054129,129.938,-14.760748,-7.776071,81.97,18.727352,-10.804071,84.9799,-11.742748,5.041929,47.2864,18.764152,-14.331871,46.703,-16.820548,-4.671371,12.6365,18.876052,-25.381671,10.3623,-9.804648,-0.103171,5.1073,21.754852,-16.550771,3.66139
38.5,0.977552,0.799429,92.3997,0.977552,0.799429,92.3997,-19.755248,12.980129,132.515,18.037652,14.015129,129.881,-14.838348,-7.795671,81.9789,18.672952,-10.915371,84.9539,-11.732948,5.233429,47.3408,18.741352,-14.731771,46.717,-16.938648,-3.456171,12.5911,18.920152,-25.891071,10.4052,-9.805548,1.251829,5.04324,21.772252,-17.093871,3.66692
39,0.946852,0.772629,92.3842,0.946852,0.772629,92.3842,-19.770248,12.923829,132.491,18.024652,13.973729,129.823,-14.912048,-7.815071,81.9872,18.618952,-11.021871,84.9274,-11.728748,5.418329,47.39,18.720452,-15.125171,46.7326,-17.050648,-2.253671,12.5695,18.967352,-26.396871,10.4554,-9.785548,2.603929,4.99833,21.790552,-17.636071,3.67584
39.5,0.917422,0.746229,92.3689,0.917422,0.746229,92.3689,-19.786448,12.867529,132.467,18.012152,13.931229,129.765,-14.983448,-7.834071,81.9953,18.567752,-11.124371,84.901,-11.727748,5.598029,47.4355,18.701852,-15.515871,46.7497,-17.146648,-1.051271,12.5519,19.013252,-26.899871,10.5092,-9.750548,3.955029,4.96226,21.808952,-18.177171,3.68572
40,0.891042,0.720329,92.3546,0.891042,0.720329,92.3546,-19.803148,12.811629,132.446,17.996752,13.884729,129.706,-15.044448,-7.850371,82.0016,18.522452,-11.217971,84.8728,-11.732848,5.769629,47.4739,18.687452,-15.898871,46.7677,-17.218048,0.129729,12.5592,19.061052,-27.399971,10.5725,-9.688248,5.290929,4.95535,21.830852,-18.717771,3.70029
40.5,0.865052,0.694429,92.3408,0.865052,0.694429,92.3408,-19.821048,12.755829,132.425,17.979252,13.836329,129.648,-15.102048,-7.866271,82.0075,18.478052,-11.307171,84.8446,-11.739648,5.936329,47.5085,18.674952,-16.277071,46.7875,-17.282948,1.299629,12.5814,19.106752,-27.899071,10.6403,-9.610548,6.620529,4.96179,21.853652,-19.256971,3.71646
41,0.840792,0.668729,92.3277,0.840792,0.668729,92.3277,-19.839448,12.700129,132.406,17.959652,13.786229,129.59,-15.155148,-7.880771,82.0127,18.437752,-11.391371,84.8158,-11.749048,6.097129,47.5388,18.666552,-16.651071,46.8097,-17.328648,2.458229,12.61,19.150552,-28.395071,10.712,-9.517548,7.936229,4.9808,21.875552,-19.794771,3.73189
41.5,0.819082,0.643429,92.3154,0.819082,0.643429,92.3154,-19.858448,12.645429,132.388,17.936552,13.732429,129.533,-15.197148,-7.892171,82.016,18.402252,-11.466971,84.7857,-11.761448,6.251529,47.5634,18.659852,-17.015371,46.8334,-17.354748,3.582229,12.6594,19.194452,-28.887271,10.7904,-9.405948,9.217729,5.02403,21.899352,-20.329671,3.74773
42,0.797672,0.617929,92.3035,0.797672,0.617929,92.3035,-19.878848,12.591329,132.371,17.910252,13.677229,129.476,-15.235848,-7.902571,82.0191,18.367752,-11.539471,84.7556,-11.773048,6.401929,47.5846,18.655852,-17.376171,46.8597,-17.370948,4.692129,12.7166,19.233952,-29.380371,10.871,-9.283248,10.484929,5.07788,21.923552,-20.863571,3.76346
42.5,0.777292,0.591929,92.2921,0.777292,0.591929,92.2921,-19.899448,12.537029,132.354,17.879952,13.619429,129.421,-15.268648,-7.910471,82.0206,18.335252,-11.607271,84.7247,-11.785448,6.546729,47.6022,18.653952,-17.728771,46.8889,-17.372048,5.768529,12.781,19.271652,-29.869371,10.9543,-9.153148,11.712529,5.14434,21.946052,-21.395871,3.77671
43,0.758352,0.565729,92.2807,0.758352,0.565729,92.2807,-19.922048,12.483429,132.337,17.848052,13.558829,129.367,-15.293248,-7.915971,82.0208,18.304052,-11.668671,84.6923,-11.796548,6.686529,47.6152,18.651652,-18.070371,46.9201,-17.357948,6.800329,12.8555,19.307152,-30.354571,11.0415,-9.015348,12.888129,5.22546,21.968952,-21.924271,3.78737
43.5,0.739532,0.538829,92.2696,0.739532,0.538829,92.2696,-19.945748,12.430529,132.321,17.812652,13.497229,129.313,-15.314248,-7.919571,82.0205,18.273152,-11.728471,84.6599,-11.805448,6.823429,47.626,18.651152,-18.408471,46.9541,-17.335848,7.808029,12.9337,19.338452,-30.840871,11.1291,-8.874048,14.036629,5.31368,21.992352,-22.452671,3.79748
44,0.720282,0.510529,92.2585,0.720282,0.510529,92.2585,-19.971448,12.377129,132.304,17.773952,13.432529,129.261,-15.329948,-7.919871,82.0183,18.239952,-11.784171,84.6262,-11.812648,6.955529,47.6337,18.649652,-18.733071,46.9913,-17.304548,8.749929,13.0144,19.367152,-31.321571,11.2191,-8.735148,15.108529,5.4087,22.013452,-22.978871,3.80462
44.5,0.701842,0.481229,92.2467,0.701842,0.481229,92.2467,-19.999448,12.323929,132.285,17.735652,13.365929,129.21,-15.340048,-7.917871,82.0153,18.206052,-11.835671,84.5908,-11.816648,7.084329,47.6376,18.646252,-19.046671,47.0299,-17.262148,9.639829,13.0931,19.393152,-31.798671,11.3112,-8.598148,16.115529,5.50701,22.034352,-23.502871,3.80973
45,0.682732,0.450629,92.2352,0.682732,0.450629,92.2352,-20.029148,12.271329,132.267,17.694972,13.298129,129.159,-15.347148,-7.913671,82.0118,18.170152,-11.886271,84.5551,-11.817848,7.210129,47.6405,18.642452,-19.354371,47.071,-17.217648,10.486129,13.1723,19.415052,-32.275171,11.4039,-8.466948,17.074429,5.60674,22.056452,-24.027071,3.81545
45.5,0.662262,0.417629,92.2225,0.662262,0.417629,92.2225,-20.062948,12.217729,132.247,17.653852,13.227529,129.111,-15.350248,-7.905971,82.0062,18.128952,-11.932371,84.517,-11.816048,7.333429,47.6394,18.635152,-19.645071,47.1138,-17.172348,11.234529,13.2447,19.434952,-32.745371,11.4996,-8.344648,17.921829,5.69957,22.076952,-24.550071,3.82084
46,0.642082,0.383429,92.2093,0.642082,0.383429,92.2093,-20.098148,12.163929,132.226,17.614052,13.155529,129.064,-15.350448,-7.895771,82.0001,18.086952,-11.975771,84.4776,-11.812248,7.454929,47.6361,18.625252,-19.926871,47.157,-17.121948,11.931029,13.3092,19.452252,-33.211871,11.5971,-8.229848,18.706429,5.78702,22.096852,-25.072971,3.82671
46.5,0.620512,0.347229,92.1961,0.620512,0.347229,92.1961,-20.136248,12.110829,132.205,17.574242,13.081929,129.019,-15.348448,-7.883871,81.9936,18.040452,-12.016771,84.4371,-11.806148,7.572429,47.6309,18.613052,-20.199171,47.2017,-17.076748,12.557629,13.3688,19.466252,-33.675371,11.6971,-8.126948,19.414429,5.86569,22.119052,-25.595471,3.8353
47,0.596972,0.307829,92.1813,0.596972,0.307829,92.1813,-20.179448,12.056429,132.182,17.534632,13.005329,128.977,-15.343348,-7.868171,81.9852,17.989152,-12.051871,84.3936,-11.798148,7.689529,47.6212,18.595652,-20.452871,47.2455,-17.035848,13.059329,13.4105,19.476752,-34.132271,11.8023,-8.037248,19.984429,5.92251,22.140652,-26.119171,3.84928
47.5,0.573202,0.267229,92.1662,0.573202,0.267229,92.1662,-20.223648,12.002029,132.16,17.496522,12.927629,128.937,-15.337148,-7.850571,81.9765,17.936952,-12.084071,84.3488,-11.789848,7.804629,47.6094,18.575852,-20.698871,47.2889,-16.996648,13.508529,13.4435,19.485152,-34.584871,11.9102,-7.956248,20.494529,5.96807,22.162052,-26.643171,3.86572
48,0.548042,0.224529,92.1508,0.548042,0.224529,92.1508,-20.271148,11.948329,132.137,17.460682,12.848029,128.9,-15.329848,-7.831571,81.9675,17.880752,-12.111171,84.3025,-11.781548,7.915529,47.5935,18.553052,-20.933971,47.3319,-16.967548,13.873829,13.4662,19.491652,-35.032571,12.0227,-7.886848,20.914329,5.99469,22.185752,-27.166171,3.88654
48.5,0.520222,0.178729,92.1346,0.520222,0.178729,92.1346,-20.322848,11.894029,132.115,17.421932,12.765529,128.868,-15.320548,-7.809271,81.9572,17.821652,-12.130571,84.2536,-11.774648,8.026229,47.5726,18.525352,-21.151171,47.3722,-16.943648,14.107529,13.4643,19.491952,-35.473971,12.1428,-7.830448,21.192129,5.99013,22.209352,-27.691971,3.91728
49,0.491782,0.131629,92.1184,0.491782,0.131629,92.1184,-20.375548,11.839929,132.094,17.385182,12.681529,128.839,-15.311248,-7.785971,81.9467,17.761152,-12.144871,84.2035,-11.769148,8.132629,47.5476,18.495752,-21.359571,47.4112,-16.927648,14.280529,13.4529,19.491452,-35.909471,12.2675,-7.781848,21.404029,5.96824,22.232952,-28.216971,3.9512
49.5,0.461992,0.082929,92.1019,0.461992,0.082929,92.1019,-20.430948,11.786629,132.073,17.348932,12.595729,128.814,-15.301648,-7.761571,81.936,17.699552,-12.152471,84.1523,-11.765948,8.235229,47.5171,18.463352,-21.556671,47.4484,-16.918348,14.374329,13.4277,19.488052,-36.339371,12.3983,-7.741448,21.530129,5.92519,22.257652,-28.740771,3.99006
50,0.429152,0.032229,92.086,0.429152,0.032229,92.086,-20.489248,11.734429,132.056,17.306902,12.508129,128.795,-15.291348,-7.735471,81.9246,17.636032,-12.151271,84.1001,-11.767248,8.336329,47.4817,18.428452,-21.738371,47.4829,-16.914348,14.356729,13.3823,19.478052,-36.762871,12.5366,-7.708148,21.539329,5.85316,22.281852,-29.265371,4.03741
50.5,0.395302,-0.019771,92.0702,0.395302,-0.019771,92.0702,-20.548248,11.682729,132.041,17.265602,12.418229,128.781,-15.281748,-7.708471,81.9131,17.571602,-12.142571,84.0471,-11.771848,8.429529,47.4386,18.391552,-21.907771,47.515,-16.918748,14.271429,13.3231,19.467752,-37.178671,12.6825,-7.681748,21.473929,5.75925,22.304952,-29.788271,4.08811
51,0.359432,-0.072171,92.0553,0.359432,-0.072171,92.0553,-20.609448,11.632929,132.029,17.220772,12.327829,128.771,-15.273048,-7.680971,81.9016,17.507102,-12.126371,83.9945,-11.780748,8.517929,47.39,18.353652,-22.064071,47.5454,-16.923848,14.117329,13.2517,19.452452,-37.587171,12.8347,-7.659248,21.333129,5.64915,22.326752,-30.308571,4.14168
51.5,0.321102,-0.124971,92.0417,0.321102,-0.124971,92.0417,-20.672348,11.585429,132.02,17.170352,12.236929,128.767,-15.264548,-7.653271,81.8899,17.441602,-12.102271,83.9428,-11.794648,8.602329,47.3367,18.315152,-22.206971,47.5742,-16.931848,13.891829,13.169,19.432352,-37.988871,12.993,-7.638648,21.117129,5.52102,22.347552,-30.826471,4.19896
52,0.280802,-0.178271,92.0291,0.280802,-0.178271,92.0291,-20.735748,11.539129,132.014,17.116242,12.144129,128.769,-15.258148,-7.624071,81.8785,17.375152,-12.070771,83.8919,-11.813048,8.676529,47.2745,18.275452,-22.333071,47.6003,-16.940648,13.606829,13.0701,19.411752,-38.381471,13.1607,-7.622848,20.832329,5.37655,22.364252,-31.342271,4.25809
52.5,0.237982,-0.230271,92.0188,0.237982,-0.230271,92.0188,-20.801048,11.496729,132.013,17.056912,12.053129,128.776,-15.254348,-7.595471,81.8675,17.308042,-12.032071,83.8439,-11.836748,8.742229,47.2074,18.236652,-22.441471,47.6258,-16.946948,13.271829,12.9673,19.385352,-38.762671,13.3338,-7.607848,20.490429,5.22693,22.377252,-31.852071,4.31572
53,0.193322,-0.281371,92.0101,0.193322,-0.281371,92.0101,-20.867548,11.457029,132.016,16.992972,11.962429,128.789,-15.250948,-7.566571,81.8566,17.240372,-11.986671,83.7983,-11.865148,8.800729,47.136,18.197852,-22.534771,47.6501,-16.950948,12.897229,12.8571,19.355752,-39.135171,13.5128,-7.593448,20.102829,5.06976,22.387252,-32.357771,4.37375
53.5,0.146092,-0.331271,92.0034,0.146092,-0.331271,92.0034,-20.934948,11.419829,132.021,16.922502,11.872329,128.807,-15.251448,-7.535871,81.8463,17.171222,-11.937271,83.7554,-11.896948,8.849529,47.0588,18.159852,-22.609671,47.6727,-16.949848,12.487829,12.7381,19.326952,-39.498071,13.7001,-7.580748,19.673129,4.91049,22.392452,-32.861071,4.43184
54,0.096382,-0.377671,92.0004,0.096382,-0.377671,92.0004,-21.004248,11.388929,132.032,16.848662,11.786529,128.831,-15.255948,-7.505671,81.8372,17.100322,-11.881571,83.7184,-11.933848,8.881829,46.9774,18.123752,-22.656671,47.6944,-16.944048,12.052429,12.6242,19.292652,-39.841171,13.8926,-7.569248,19.206829,4.76057,22.389952,-33.354571,4.48526
54.5,0.045012,-0.421571,91.9995,0.045012,-0.421571,91.9995,-21.075048,11.361329,132.046,16.770492,11.702529,128.86,-15.262048,-7.474371,81.8284,17.029092,-11.821071,83.685,-11.974748,8.905529,46.8938,18.088152,-22.684071,47.7149,-16.930348,11.598529,12.5054,19.256652,-40.172971,14.0921,-7.558548,18.714929,4.6135,22.382952,-33.843571,4.53845
55,-0.008508,-0.463371,92.001,-0.008508,-0.463371,92.001,-21.147348,11.337129,132.063,16.686992,11.621129,128.893,-15.271248,-7.441471,81.8204,16.956072,-11.759771,83.6553,-12.017348,8.919129,46.8084,18.054452,-22.693471,47.734,-16.913248,11.131929,12.3885,19.222252,-40.493971,14.2976,-7.548448,18.206729,4.47464,22.372452,-34.329871,4.59308
55.5,-0.063828,-0.498771,92.0073,-0.063828,-0.498771,92.0073,-21.221848,11.321229,132.084,16.604062,11.546229,128.934,-15.286548,-7.407071,81.8144,16.881732,-11.693171,83.6336,-12.063948,8.908329,46.7212,18.022652,-22.660971,47.7494,-16.888348,10.662829,12.2816,19.184252,-40.784871,14.5111,-7.542248,17.682529,4.35885,22.350552,-34.804371,4.64592
56,-0.120448,-0.531171,92.0158,-0.120448,-0.531171,92.0158,-21.298248,11.309029,132.108,16.518072,11.474529,128.978,-15.303448,-7.371671,81.809,16.806992,-11.624671,83.6156,-12.112548,8.888829,46.6351,17.992652,-22.609071,47.7633,-16.858748,10.188029,12.1776,19.146352,-41.063171,14.7306,-7.536348,17.149929,4.25277,22.325552,-35.274771,4.70109
56.5,-0.178208,-0.559971,92.0275,-0.178208,-0.559971,92.0275,-21.376448,11.301829,132.135,16.430382,11.406629,129.027,-15.322948,-7.333771,81.8048,16.731942,-11.555771,83.6025,-12.162348,8.854629,46.5499,17.964452,-22.532971,47.7737,-16.827248,9.713529,12.0808,19.109752,-41.324371,14.9573,-7.532448,16.614329,4.16038,22.296652,-35.740371,4.76281
57,-0.236778,-0.581471,92.0435,-0.236778,-0.581471,92.0435,-21.456948,11.303029,132.164,16.346442,11.345529,129.082,-15.348548,-7.292971,81.8028,16.656862,-11.483471,83.5963,-12.213848,8.793929,46.4668,17.938152,-22.409771,47.7769,-16.791248,9.246729,11.9975,19.071152,-41.550971,15.1947,-7.533848,16.078329,4.09532,22.257452,-36.195371,4.83226
57.5,-0.295878,-0.599671,92.0621,-0.295878,-0.599671,92.0621,-21.539248,11.308829,132.196,16.261862,11.288029,129.14,-15.374648,-7.251371,81.8016,16.582502,-11.409971,83.594,-12.266748,8.721729,46.3867,17.914152,-22.266071,47.7768,-16.757448,8.779229,11.9235,19.032352,-41.761771,15.4377,-7.535848,15.542429,4.04075,22.216852,-36.644771,4.90969
58,-0.354828,-0.612871,92.0842,-0.354828,-0.612871,92.0842,-21.622748,11.320729,132.23,16.179672,11.234329,129.204,-15.403848,-7.205671,81.8022,16.510562,-11.335671,83.5963,-12.320248,8.628429,46.3096,17.891552,-22.089571,47.7694,-16.723348,8.317229,11.8579,18.994252,-41.946471,15.6924,-7.541448,15.009629,4.00067,22.171452,-37.085871,5.00415
58.5,-0.413778,-0.620071,92.11,-0.413778,-0.620071,92.11,-21.708148,11.340129,132.265,16.101312,11.185729,129.275,-15.436648,-7.157771,81.805,16.439722,-11.259071,83.6033,-12.373248,8.510529,46.2366,17.871152,-21.870771,47.7524,-16.691848,7.859629,11.8072,18.955252,-42.098871,15.9586,-7.550748,14.481229,3.98216,22.120052,-37.517171,5.11556
59,-0.472178,-0.623871,92.1381,-0.472178,-0.623871,92.1381,-21.794448,11.364429,132.303,16.025782,11.139529,129.347,-15.469448,-7.108871,81.8086,16.372022,-11.180771,83.6134,-12.428048,8.376929,46.1675,17.852852,-21.629371,47.7301,-16.667648,7.402529,11.7667,18.912552,-42.231171,16.2313,-7.561848,13.955829,3.97024,22.067252,-37.939071,5.24207
59.5,-0.529418,-0.622371,92.1701,-0.529418,-0.622371,92.1701,-21.880548,11.396029,132.343,15.954262,11.095429,129.428,-15.505448,-7.055871,81.8144,16.309092,-11.101071,83.6274,-12.482048,8.214429,46.1029,17.836052,-21.346371,47.6957,-16.646948,6.946029,11.7357,18.870352,-42.327171,16.5224,-7.575448,13.432829,3.96933,22.010052,-38.344671,5.4007
60,-0.586288,-0.617671,92.2044,-0.586288,-0.617671,92.2044,-21.967148,11.432429,132.384,15.884992,11.053029,129.512,-15.542548,-7.001171,81.8219,16.247902,-11.020471,83.6435,-12.535348,8.033029,46.0414,17.820852,-21.035071,47.6529,-16.632648,6.487829,11.7148,18.825952,-42.400071,16.8227,-7.591248,12.912129,3.97761,21.951152,-38.740471,5.57939
60.5,-0.641648,-0.610071,92.2406,-0.641648,-0.610071,92.2406,-22.053048,11.473529,132.426,15.821042,11.011029,129.599,-15.580448,-6.946771,81.8303,16.191842,-10.937471,83.6613,-12.590148,7.831829,45.9833,17.807252,-20.699171,47.6037,-16.626348,6.028729,11.701,18.774752,-42.448471,17.1318,-7.608848,12.393129,3.9875,21.888652,-39.119871,5.77864
61,-0.695718,-0.598971,92.2806,-0.695718,-0.598971,92.2806,-22.136848,11.521529,132.471,15.759392,10.967529,129.694,-15.620648,-6.889471,81.8412,16.140802,-10.854371,83.682,-12.642848,7.596629,45.9299,17.795452,-20.320271,47.5411,-16.628748,5.560129,11.6971,18.721652,-42.455571,17.4621,-7.626248,11.871429,4.00034,21.824252,-39.469671,6.02154
61.5,-0.749088,-0.586571,92.3218,-0.749088,-0.586571,92.3218,-22.219848,11.572129,132.516,15.699302,10.923329,129.791,-15.661448,-6.831771,81.853,16.092372,-10.770971,83.7033,-12.695448,7.347329,45.8779,17.784552,-19.924571,47.4736,-16.634548,5.088129,11.6961,18.665152,-42.446371,17.7996,-7.644448,11.349029,4.01392,21.758452,-39.806371,6.28107
62,-0.801358,-0.573471,92.3641,-0.801358,-0.573471,92.3641,-22.300348,11.625629,132.562,15.643402,10.876429,129.89,-15.704648,-6.776571,81.8656,16.047222,-10.687071,83.7251,-12.747748,7.077429,45.8278,17.774252,-19.506771,47.4009,-16.647448,4.611229,11.6987,18.600652,-42.413171,18.146,-7.663348,10.824829,4.02477,21.687952,-40.118571,6.56202
62.5,-0.852178,-0.559171,92.4098,-0.852178,-0.559171,92.4098,-22.376948,11.684129,132.61,15.587752,10.824729,129.996,-15.749948,-6.720571,81.8806,16.007562,-10.605971,83.7493,-12.797648,6.772929,45.7815,17.765952,-19.051971,47.3198,-16.666148,4.120629,11.7063,18.531352,-42.337271,18.5115,-7.679648,10.292929,4.03068,21.616052,-40.382271,6.88641
63,-0.902428,-0.545271,92.4557,-0.902428,-0.545271,92.4557,-22.451848,11.743129,132.657,15.533362,10.771229,130.101,-15.797048,-6.666571,81.8959,15.969852,-10.525371,83.7736,-12.847148,6.458329,45.7352,17.757352,-18.588371,47.238,-16.684548,3.627529,11.7122,18.459052,-42.250071,18.881,-7.695948,9.758829,4.03453,21.541152,-40.628971,7.2192
63.5,-0.952888,-0.532871,92.5026,-0.952888,-0.532871,92.5026,-22.523348,11.803329,132.704,15.480132,10.712029,130.209,-15.848948,-6.616771,81.912,15.932502,-10.448971,83.7986,-12.894648,6.122329,45.6901,17.748452,-18.104571,47.1547,-16.707648,3.126229,11.7196,18.376952,-42.137671,19.2567,-7.712248,9.219429,4.03412,21.461752,-40.836071,7.57232
64,-1.001438,-0.521671,92.5514,-1.001438,-0.521671,92.5514,-22.589848,11.865029,132.752,15.427772,10.647729,130.318,-15.903748,-6.569771,81.9296,15.899862,-10.378171,83.8263,-12.939548,5.759529,45.6473,17.741252,-17.598471,47.0733,-16.728748,2.616329,11.7254,18.292652,-41.988371,19.6429,-7.724148,8.672329,4.02645,21.378052,-40.982471,7.94856
64.5,-1.050138,-0.511971,92.6001,-1.050138,-0.511971,92.6001,-22.654848,11.925829,132.799,15.375112,10.580929,130.427,-15.961348,-6.527371,81.9472,15.867702,-10.309371,83.8546,-12.982648,5.388629,45.6042,17.732352,-17.087071,46.9947,-16.747148,2.104529,11.7288,18.206352,-41.828971,20.0289,-7.735848,8.122229,4.01775,21.290752,-41.105771,8.32639
65,-1.099768,-0.505671,92.6497,-1.099768,-0.505671,92.6497,-22.715748,11.985329,132.843,15.322522,10.507229,130.537,-16.027748,-6.491171,81.9659,15.834752,-10.250371,83.8848,-13.022648,4.995729,45.5632,17.722652,-16.557871,46.9226,-16.764748,1.585829,11.731,18.110052,-41.638471,20.4141,-7.747448,7.565929,4.00574,21.197852,-41.163771,8.71478
65.5,-1.147678,-0.501371,92.7,-1.147678,-0.501371,92.7,-22.772948,12.044229,132.888,15.272062,10.430629,130.645,-16.097148,-6.460371,81.9849,15.805332,-10.196971,83.9184,-13.059648,4.587929,45.5235,17.713252,-16.021071,46.8589,-16.777848,1.066229,11.7304,18.014852,-41.422971,20.7964,-7.755648,7.005829,3.99063,21.099452,-41.168771,9.10132
66,-1.196318,-0.499871,92.7503,-1.196318,-0.499871,92.7503,-22.828448,12.100229,132.929,15.219872,10.351129,130.753,-16.170948,-6.437471,82.004,15.775022,-10.149271,83.954,-13.093348,4.170829,45.4852,17.701052,-15.478771,46.8034,-16.785948,0.544629,11.7282,17.919552,-41.189371,21.1723,-7.763448,6.442429,3.97628,20.997252,-41.129571,9.48198
66.5,-1.245158,-0.501771,92.801,-1.245158,-0.501771,92.801,-22.880748,12.153229,132.967,15.169112,10.267329,130.859,-16.254648,-6.422271,82.024,15.746622,-10.111571,83.9932,-13.123048,3.738129,45.4498,17.687672,-14.927971,46.7618,-16.788948,0.022829,11.7233,17.820052,-40.924971,21.5341,-7.771148,5.876229,3.96261,20.888752,-41.017471,9.8505
67,-1.292888,-0.505971,92.8519,-1.292888,-0.505971,92.8519,-22.931048,12.204729,133.004,15.120692,10.182029,130.964,-16.340548,-6.414571,82.0437,15.720122,-10.079271,84.0363,-13.149548,3.296529,45.4163,17.673082,-14.375471,46.7303,-16.790048,-0.497371,11.7179,17.722052,-40.640671,21.8823,-7.777948,5.309129,3.94991,20.775552,-40.858271,10.2029
67.5,-1.340898,-0.512571,92.9029,-1.340898,-0.512571,92.9029,-22.979848,12.251829,133.036,15.071092,10.095729,131.068,-16.432648,-6.415171,82.0638,15.695392,-10.053171,84.0826,-13.172248,2.847029,45.3864,17.656112,-13.819771,46.712,-16.784748,-1.017271,11.7119,17.627492,-40.330171,22.2137,-7.783548,4.740729,3.93978,20.659552,-40.638271,10.5364
68,-1.388048,-0.522071,92.9539,-1.388048,-0.522071,92.9539,-23.026848,12.295829,133.066,15.024582,10.007829,131.17,-16.531648,-6.425971,82.0841,15.675222,-10.034071,84.1341,-13.190348,2.386729,45.3603,17.636972,-13.263371,46.7095,-16.776848,-1.534171,11.7052,17.533712,-39.989271,22.5158,-7.790448,4.172829,3.93366,20.538852,-40.347871,10.8373
68.5,-1.434338,-0.533271,93.0047,-1.434338,-0.533271,93.0047,-23.072948,12.338429,133.094,14.979622,9.919829,131.271,-16.630848,-6.443671,82.1041,15.656542,-10.018971,84.1886,-13.205648,1.921429,45.337,17.616572,-12.707471,46.7153,-16.769548,-2.049671,11.6999,17.441112,-39.631371,22.7981,-7.797848,3.605729,3.92986,20.415852,-40.018971,11.1168
69,-1.479248,-0.545671,93.0557,-1.479248,-0.545671,93.0557,-23.117548,12.375629,133.117,14.935422,9.833329,131.372,-16.736248,-6.470771,82.1246,15.645982,-10.005671,84.2481,-13.217148,1.448729,45.3188,17.594462,-12.152671,46.7379,-16.758048,-2.563471,11.6959,17.356732,-39.237271,23.0486,-7.803148,3.039429,3.92925,20.291952,-39.615671,11.3591
69.5,-1.522748,-0.560071,93.1063,-1.522748,-0.560071,93.1063,-23.161548,12.411529,133.138,14.894462,9.746729,131.472,-16.843848,-6.508271,82.1449,15.640612,-9.996071,84.3125,-13.224448,0.968029,45.3054,17.569982,-11.601171,46.7722,-16.748548,-3.075471,11.693,17.274072,-38.813971,23.2586,-7.811448,2.474629,3.93285,20.167852,-39.152071,11.5594
70,-1.564808,-0.575171,93.1567,-1.564808,-0.575171,93.1567,-23.204648,12.445829,133.157,14.854592,9.661429,131.572,-16.949748,-6.551771,82.1648,15.638492,-9.987271,84.3791,-13.229548,0.483829,45.2952,17.545602,-11.051971,46.8133,-16.741048,-3.587271,11.6923,17.193062,-38.371771,23.4434,-7.819348,1.911429,3.93777,20.044152,-38.651371,11.7341
70.5,-1.603498,-0.589971,93.2068,-1.603498,-0.589971,93.2068,-23.246148,12.476429,133.173,14.816682,9.578929,131.672,-17.056148,-6.603171,82.185,15.649052,-9.973771,84.4511,-13.231348,-0.006971,45.2893,17.520552,-10.508371,46.8674,-16.734548,-4.098171,11.694,17.121812,-37.892371,23.5866,-7.825848,1.349529,3.94383,19.922852,-38.086071,11.8631
71,-1.640648,-0.605571,93.2564,-1.640648,-0.605571,93.2564,-23.287248,12.507129,133.187,14.780752,9.497029,131.774,-17.161948,-6.663371,82.205,15.664492,-9.961171,84.5263,-13.230148,-0.504871,45.2889,17.494422,-9.969571,46.9285,-16.731348,-4.610671,11.6974,17.051852,-37.382671,23.6835,-7.834648,0.788029,3.95171,19.807452,-37.466171,11.9486
71.5,-1.674498,-0.620671,93.3053,-1.674498,-0.620671,93.3053,-23.326348,12.536229,133.2,14.746452,9.417629,131.875,-17.262648,-6.729071,82.2248,15.687752,-9.943971,84.6038,-13.226948,-1.007271,45.2908,17.470362,-9.436671,46.9956,-16.731348,-5.124171,11.7024,16.984662,-36.847771,23.7437,-7.842148,0.228029,3.95863,19.695552,-36.803771,11.9989
72,-1.705098,-0.634971,93.3533,-1.705098,-0.634971,93.3533,-23.363848,12.564329,133.212,14.713962,9.340429,131.977,-17.358648,-6.799671,82.2439,15.718852,-9.921371,84.6842,-13.222048,-1.514771,45.2953,17.447312,-8.910071,47.0683,-16.734948,-5.639171,11.7091,16.924142,-36.283671,23.7673,-7.848748,-0.331971,3.96421,19.589652,-36.097871,12.0122
72.5,-1.733188,-0.648771,93.4007,-1.733188,-0.648771,93.4007,-23.399848,12.593129,133.222,14.682132,9.264429,132.081,-17.451048,-6.875971,82.2632,15.755942,-9.895571,84.7664,-13.214648,-2.028171,45.3043,17.425552,-8.389971,47.1447,-16.739148,-6.157771,11.7167,16.865602,-35.689071,23.7459,-7.855148,-0.893071,3.96805,19.494052,-35.343571,11.9868
73,-1.756998,-0.661471,93.4464,-1.756998,-0.661471,93.4464,-23.432948,12.621429,133.233,14.652662,9.191129,132.183,-17.535348,-6.956371,82.2818,15.800722,-9.863271,84.8505,-13.205848,-2.547371,45.3138,17.407792,-7.879071,47.2251,-16.747048,-6.678471,11.724,16.809232,-35.065171,23.6789,-7.860648,-1.454171,3.9693,19.406552,-34.543771,11.9206
73.5,-1.778018,-0.673471,93.4907,-1.778018,-0.673471,93.4907,-23.463848,12.649829,133.243,14.624422,9.119229,132.286,-17.612948,-7.038971,82.2995,15.848212,-9.827571,84.935,-13.195848,-3.069971,45.3247,17.392682,-7.374671,47.3071,-16.756048,-7.201671,11.7316,16.757042,-34.417871,23.5814,-7.864748,-2.016171,3.96804,19.327852,-33.711471,11.8274
74,-1.795078,-0.684171,93.5338,-1.795078,-0.684171,93.5338,-23.491848,12.678529,133.252,14.597642,9.049129,132.388,-17.683248,-7.124371,82.317,15.901452,-9.786571,85.0207,-13.183748,-3.597371,45.3375,17.381282,-6.878871,47.3915,-16.762348,-7.727371,11.7384,16.708522,-33.740571,23.4421,-7.866748,-2.580371,3.96318,19.262252,-32.834671,11.7011
74.5,-1.809438,-0.694071,93.5743,-1.809438,-0.694071,93.5743,-23.517048,12.707829,133.262,14.572722,8.981129,132.487,-17.746148,-7.211071,82.3335,15.954212,-9.744171,85.1058,-13.170848,-4.128271,45.3496,17.374882,-6.392471,47.4776,-16.769548,-8.255471,11.7434,16.661102,-33.038571,23.2653,-7.868648,-3.145671,3.95662,19.207752,-31.920371,11.5441
75,-1.820438,-0.703271,93.6131,-1.820438,-0.703271,93.6131,-23.538948,12.736529,133.271,14.549632,8.914429,132.585,-17.801448,-7.298271,82.3488,16.007882,-9.699471,85.1903,-13.156248,-4.660971,45.362,17.372542,-5.914071,47.5649,-16.773848,-8.784771,11.7476,16.617852,-32.314271,23.0602,-7.868048,-3.711971,3.94768,19.164352,-30.973971,11.3659
75.5,-1.827348,-0.711271,93.6493,-1.827348,-0.711271,93.6493,-23.557548,12.765029,133.279,14.529312,8.850229,132.679,-17.847948,-7.385971,82.3633,16.063452,-9.652871,85.275,-13.139548,-5.195971,45.3744,17.374882,-5.445471,47.6548,-16.773248,-9.314771,11.7496,16.579432,-31.560971,22.8182,-7.865848,-4.280771,3.9364,19.136252,-29.984571,11.1622
76,-1.833078,-0.719271,93.6825,-1.833078,-0.719271,93.6825,-23.573748,12.793629,133.286,14.511042,8.787729,132.768,-17.889648,-7.473271,82.3768,16.111582,-9.610371,85.3569,-13.122548,-5.730971,45.3858,17.382262,-4.986571,47.7457,-16.769848,-9.844871,11.7496,16.543122,-30.787871,22.5488,-7.863748,-4.850071,3.9257,19.120452,-28.963771,10.939
76.5,-1.834778,-0.726871,93.7133,-1.834778,-0.726871,93.7133,-23.585748,12.819929,133.292,14.495852,8.726729,132.852,-17.922748,-7.559771,82.3886,16.159432,-9.568171,85.438,-13.102448,-6.264971,45.3967,17.394172,-4.537471,47.8391,-16.760748,-10.373971,11.7482,16.512192,-29.990971,22.2525,-7.859148,-5.419771,3.91436,19.117752,-27.907171,10.7006
77,-1.833918,-0.733971,93.7403,-1.833918,-0.733971,93.7403,-23.595148,12.844929,133.296,14.484382,8.669229,132.929,-17.949248,-7.645471,82.3992,16.201852,-9.530571,85.5169,-13.080948,-6.796971,45.4075,17.410252,-4.099371,47.9353,-16.746348,-10.901671,11.7456,16.488492,-29.166671,21.9283,-7.854148,-5.990671,3.90409,19.131852,-26.810471,10.4472
77.5,-1.832228,-0.741471,93.7649,-1.832228,-0.741471,93.7649,-23.602948,12.868829,133.3,14.475002,8.612929,133.001,-17.973848,-7.730371,82.409,16.239132,-9.498371,85.5928,-13.058848,-7.326671,45.4176,17.429452,-3.669571,48.0323,-16.727548,-11.427571,11.7415,16.467952,-28.328471,21.5859,-7.849148,-6.561171,3.89542,19.155452,-25.689871,10.1842
78,-1.826658,-0.749171,93.7852,-1.826658,-0.749171,93.7852,-23.606248,12.888129,133.3,14.469962,8.558929,133.064,-17.989148,-7.813771,82.4163,16.271682,-9.471871,85.6659,-13.032748,-7.850971,45.4273,17.452922,-3.253171,48.1326,-16.703748,-11.950271,11.7365,16.455282,-27.459571,21.2163,-7.843348,-7.130571,3.88959,19.195752,-24.525171,9.91199
78.5,-1.819938,-0.757371,93.8018,-1.819938,-0.757371,93.8018,-23.608148,12.904629,133.297,14.468572,8.508429,133.119,-18.001448,-7.896771,82.4224,16.297122,-9.452971,85.7352,-13.005848,-8.369571,45.4378,17.478182,-2.848771,48.2345,-16.676048,-12.469971,11.7325,16.451732,-26.568071,20.8288,-7.837848,-7.699271,3.88645,19.250452,-23.329571,9.63529
79,-1.812158,-0.766071,93.8161,-1.812158,-0.766071,93.8161,-23.608948,12.918729,133.293,14.469212,8.458829,133.169,-18.013148,-7.978571,82.4279,16.321242,-9.438971,85.8015,-12.977948,-8.884571,45.4481,17.505102,-2.452371,48.3367,-16.644948,-12.987571,11.7279,16.452302,-25.662471,20.4275,-7.832248,-8.267371,3.88499,19.313452,-22.111771,9.35473
79.5,-1.802158,-0.775871,93.8248,-1.802158,-0.775871,93.8248,-23.605948,12.926329,133.285,14.473272,8.412129,133.207,-18.017848,-8.059571,82.4307,16.337262,-9.435371,85.8616,-12.947048,-9.389871,45.4593,17.533772,-2.072971,48.44,-16.612948,-13.501271,11.7243,16.464022,-24.720971,20.0033,-7.828048,-8.832471,3.88893,19.393952,-20.848771,9.07318
80,-1.790548,-0.786371,93.8304,-1.790548,-0.786371,93.8304,-23.602148,12.930229,133.274,14.480472,8.367829,133.239,-18.020348,-8.140371,82.4324,16.352612,-9.436871,85.9174,-12.915248,-9.888871,45.4719,17.562402,-1.706471,48.542,-16.579148,-14.012471,11.722,16.483332,-23.761071,19.5655,-7.823748,-9.396271,3.89379,19.483352,-19.564471,8.79245
80.5,-1.778238,-0.797571,93.833,-1.778238,-0.797571,93.833,-23.597448,12.930429,133.261,14.489032,8.324829,133.265,-18.022548,-8.220471,82.4334,16.366682,-9.443371,85.9689,-12.882648,-10.382871,45.4851,17.591212,-1.349371,48.6429,-16.544848,-14.521771,11.7208,16.509142,-22.782071,19.1183,-7.819848,-9.959071,3.90037,19.581852,-18.257571,8.51326
81,-1.765018,-0.810371,93.8304,-1.765018,-0.810371,93.8304,-23.590148,12.923829,133.244,14.498702,8.283729,133.281,-18.021648,-8.300471,82.4322,16.376492,-9.458971,86.0117,-12.848948,-10.866271,45.5003,17.618972,-1.011971,48.7394,-16.513748,-15.029071,11.7216,16.545402,-21.768571,18.656,-7.818148,-10.518671,3.91061,19.692752,-16.916071,8.23964
81.5,-1.749608,-0.823671,93.8248,-1.749608,-0.823671,93.8248,-23.582048,12.913429,133.225,14.510032,8.244329,133.292,-18.017748,-8.380171,82.4301,16.391522,-9.475771,86.0503,-12.813848,-11.344771,45.5167,17.645682,-0.687371,48.8318,-16.483248,-15.535971,11.7235,16.587132,-20.738371,18.1835,-7.815748,-11.077471,3.91965,19.807952,-15.559171,7.96932
82,-1.733988,-0.837971,93.8157,-1.733988,-0.837971,93.8157,-23.572648,12.898229,133.203,14.521492,8.206229,133.296,-18.014148,-8.459771,82.427,16.405202,-9.497271,86.0817,-12.778948,-11.817071,45.5343,17.671232,-0.376071,48.9191,-16.454848,-16.041571,11.7274,16.637212,-19.682571,17.7068,-7.814248,-11.635171,3.92942,19.931452,-14.181471,7.70628
82.5,-1.717298,-0.853471,93.8021,-1.717298,-0.853471,93.8021,-23.561048,12.877729,133.179,14.532312,8.169429,133.294,-18.009148,-8.538971,82.4225,16.422042,-9.522771,86.1038,-12.743848,-12.281371,45.5539,17.694602,-0.085271,48.9968,-16.430648,-16.548071,11.7325,16.694572,-18.596771,17.2236,-7.813748,-12.191271,3.93881,20.059352,-12.781871,7.45185
83,-1.699088,-0.869271,93.7862,-1.699088,-0.869271,93.7862,-23.548648,12.854329,133.153,14.543192,8.133529,133.288,-18.001048,-8.618171,82.4175,16.443072,-9.547671,86.1221,-12.707548,-12.742871,45.5743,17.716652,0.195429,49.0693,-16.408148,-17.055771,11.7385,16.755532,-17.497471,16.7369,-7.812648,-12.747371,3.94667,20.188852,-11.373071,7.2025
83.5,-1.680278,-0.885671,93.7661,-1.680278,-0.885671,93.7661,-23.534048,12.825529,133.125,14.553462,8.099529,133.275,-17.994248,-8.696071,82.4111,16.466802,-9.574771,86.1302,-12.672348,-13.197971,45.5956,17.737152,0.456829,49.1311,-16.387948,-17.563271,11.7461,16.824812,-16.366771,16.2547,-7.812048,-13.302971,3.95271,20.322052,-9.947771,6.9673
84,-1.660168,-0.902571,93.7426,-1.660168,-0.902571,93.7426,-23.517348,12.793629,133.096,14.562342,8.067029,133.258,-17.986348,-8.773571,82.4042,16.496492,-9.601571,86.1299,-12.636548,-13.648471,45.6183,17.755352,0.700029,49.1809,-16.370448,-18.073771,11.754,16.898762,-15.212171,15.7768,-7.811348,-13.858971,3.95672,20.452552,-8.509471,6.74309
84.5,-1.639048,-0.919471,93.717,-1.639048,-0.919471,93.717,-23.499348,12.759329,133.065,14.571022,8.035629,133.236,-17.976148,-8.849771,82.3966,16.528172,-9.627271,86.1258,-12.599648,-14.096971,45.6411,17.772752,0.933829,49.2248,-16.353548,-18.585171,11.7621,16.974522,-14.045171,15.3026,-7.810148,-14.415171,3.95941,20.583252,-7.066571,6.5276
85,-1.616368,-0.936071,93.6874,-1.616368,-0.936071,93.6874,-23.478448,12.721029,133.033,14.580202,8.007929,133.208,-17.966748,-8.923871,82.3881,16.565152,-9.652771,86.1109,-12.563748,-14.540671,45.6642,17.788952,1.148929,49.2559,-16.337048,-19.097971,11.771,17.057972,-12.850571,14.847,-7.808548,-14.972271,3.95925,20.711052,-5.615271,6.33172
85.5,-1.592948,-0.952171,93.6556,-1.592948,-0.952171,93.6556,-23.455548,12.681229,133.001,14.588432,7.983029,133.174,-17.957148,-8.997671,82.3795,16.605202,-9.675871,86.0896,-12.526748,-14.981171,45.6878,17.802852,1.349029,49.2754,-16.320548,-19.613071,11.7803,17.144682,-11.636971,14.4084,-7.806548,-15.530371,3.95851,20.832452,-4.155571,6.15255
86,-1.568158,-0.967671,93.6214,-1.568158,-0.967671,93.6214,-23.430748,12.639429,132.968,14.597542,7.960329,133.135,-17.945948,-9.067571,82.3699,16.646932,-9.698071,86.0639,-12.488348,-15.419871,45.7112,17.817552,1.539729,49.2888,-16.302548,-20.128971,11.7886,17.231552,-10.412671,13.9815,-7.804148,-16.088871,3.95686,20.951752,-2.695671,5.9871
86.5,-1.540818,-0.981371,93.5842,-1.540818,-0.981371,93.5842,-23.402348,12.594929,132.933,14.610142,7.944829,133.088,-17.933648,-9.135171,82.36,16.692862,-9.717271,86.0288,-12.449048,-15.853671,45.7338,17.829952,1.715329,49.2902,-16.281648,-20.645471,11.798,17.325492,-9.167571,13.5897,-7.800848,-16.648471,3.9544,21.062952,-1.232171,5.85023
87,-1.513558,-0.993771,93.5458,-1.513558,-0.993771,93.5458,-23.372548,12.550329,132.899,14.623582,7.933429,133.035,-17.922848,-9.202271,82.3502,16.736942,-9.734671,85.9901,-12.409448,-16.284071,45.7569,17.841052,1.882129,49.2843,-16.258748,-21.161771,11.8081,17.422022,-7.912271,13.2226,-7.797848,-17.208471,3.9534,21.168752,0.233429,5.73364
87.5,-1.483878,-1.004471,93.5048,-1.483878,-1.004471,93.5048,-23.339948,12.503929,132.864,14.639832,7.927029,132.975,-17.909348,-9.263171,82.3394,16.783342,-9.750571,85.946,-12.366848,-16.711271,45.7796,17.853052,2.039729,49.2713,-16.232848,-21.679171,11.8173,17.518092,-6.648471,12.879,-7.793748,-17.768971,3.95299,21.268552,1.696729,5.63898
88,-1.451478,-1.011871,93.4618,-1.451478,-1.011871,93.4618,-23.304148,12.455729,132.828,14.662782,7.930929,132.905,-17.893448,-9.322071,82.3284,16.830112,-9.760771,85.896,-12.322248,-17.131271,45.8013,17.862052,2.188429,49.2501,-16.201648,-22.194371,11.8274,17.618762,-5.377071,12.5814,-7.789848,-18.329271,3.95489,21.359552,3.155829,5.58256
88.5,-1.418838,-1.017271,93.418,-1.418838,-1.017271,93.418,-23.266948,12.407729,132.792,14.688642,7.940529,132.829,-17.878848,-9.378971,82.3176,16.873982,-9.769471,85.8431,-12.277648,-17.546371,45.8238,17.870352,2.332729,49.2248,-16.168648,-22.708371,11.8386,17.721752,-4.103171,12.3115,-7.786148,-18.889171,3.95899,21.446752,4.610729,5.54869
89,-1.383288,-1.019971,93.3723,-1.383288,-1.019971,93.3723,-23.226848,12.358129,132.756,14.718632,7.956729,132.745,-17.859248,-9.430571,82.3061,16.919652,-9.774271,85.7858,-12.229048,-17.955971,45.8457,17.877752,2.471829,49.1934,-16.131648,-23.222171,11.8493,17.822752,-2.828871,12.0703,-7.781548,-19.448871,3.96526,21.525652,6.060029,5.54032
89.5,-1.344958,-1.017971,93.325,-1.344958,-1.017971,93.325,-23.184248,12.307329,132.719,14.757562,7.986329,132.649,-17.836648,-9.479671,82.2943,16.964662,-9.769571,85.7246,-12.179248,-18.353771,45.8669,17.881852,2.607029,49.1564,-16.089948,-23.732371,11.8603,17.924052,-1.564571,11.8792,-7.777748,-20.006971,3.97493,21.597252,7.490029,5.5777
90,-1.305638,-1.013671,93.2768,-1.305638,-1.013671,93.2768,-23.139848,12.256429,132.682,14.800192,8.021629,132.549,-17.812648,-9.525971,82.2827,17.007152,-9.762171,85.6599,-12.128848,-18.745371,45.889,17.884752,2.741029,49.1161,-16.047548,-24.241371,11.8728,18.027152,-0.305871,11.7144,-7.773948,-20.564071,3.98672,21.665552,8.909029,5.6363
90.5,-1.263548,-1.005871,93.2273,-1.263548,-1.005871,93.2273,-23.093148,12.204129,132.644,14.847162,8.064529,132.44,-17.782848,-9.568171,82.271,17.052322,-9.746971,85.5926,-12.075448,-19.128171,45.9108,17.885352,2.874229,49.0714,-16.001148,-24.749171,11.8844,18.124252,0.939929,11.5765,-7.769248,-21.120571,4.00035,21.724552,10.312429,5.7199
91,-1.218118,-0.992271,93.1761,-1.218118,-0.992271,93.1761,-23.043548,12.150929,132.607,14.902992,8.121729,132.322,-17.747448,-9.606771,82.2586,17.099212,-9.716771,85.5205,-12.021748,-19.493771,45.9319,17.882052,3.007329,49.0205,-15.952848,-25.254271,11.8951,18.216052,2.152229,11.4834,-7.765248,-21.674771,4.01563,21.777852,11.671929,5.84607
91.5,-1.171548,-0.976871,93.1243,-1.171548,-0.976871,93.1243,-22.992348,12.097529,132.57,14.961502,8.182629,132.2,-17.708648,-9.643871,82.2467,17.145142,-9.681871,85.4456,-11.968148,-19.853471,45.9535,17.876652,3.141929,48.967,-15.904048,-25.758371,11.9068,18.307452,3.351929,11.4068,-7.761048,-22.228071,4.03189,21.826652,13.015629,5.98425
92,-1.122248,-0.957071,93.0707,-1.122248,-0.957071,93.0707,-22.938748,12.042629,132.532,15.023942,8.252629,132.071,-17.663548,-9.676571,82.2345,17.195902,-9.633171,85.3672,-11.913248,-20.198971,45.9746,17.868652,3.279229,48.9084,-15.852548,-26.261971,11.9163,18.386452,4.514429,11.3539,-7.755748,-22.780871,4.04779,21.865052,14.316429,6.14357
92.5,-1.069328,-0.932071,93.0151,-1.069328,-0.932071,93.0151,-22.881448,11.987129,132.495,15.091912,8.333229,131.936,-17.609648,-9.705271,82.2219,17.251812,-9.565071,85.2825,-11.859048,-20.526371,45.9943,17.856152,3.419729,48.8419,-15.800248,-26.765371,11.9233,18.454852,5.621229,11.3257,-7.750248,-23.332571,4.06257,21.897052,15.549829,6.32319
93,-1.015688,-0.905971,92.9593,-1.015688,-0.905971,92.9593,-22.823148,11.931429,132.459,15.161172,8.415729,131.8,-17.553148,-9.733871,82.2096,17.308432,-9.491671,85.1966,-11.805548,-20.848471,46.0141,17.842052,3.563129,48.7744,-15.747848,-27.268271,11.9309,18.519752,6.711329,11.3054,-7.744448,-23.883871,4.07698,21.922952,16.763829,6.50576
93.5,-0.959018,-0.874971,92.9004,-0.959018,-0.874971,92.9004,-22.760948,11.874629,132.422,15.232582,8.507629,131.657,-17.489048,-9.756571,82.197,17.372982,-9.397271,85.1033,-11.753148,-21.150671,46.0319,17.825952,3.713029,48.6987,-15.693648,-27.773071,11.9345,18.565352,7.725629,11.2972,-7.736648,-24.435771,4.08818,21.935552,17.888329,6.68943
94,-0.899448,-0.840571,92.8397,-0.899448,-0.840571,92.8397,-22.694948,11.817429,132.386,15.306092,8.604829,131.513,-17.416348,-9.776271,82.1841,17.443492,-9.283471,85.0048,-11.701848,-21.437871,46.0474,17.805752,3.869429,48.6161,-15.637048,-28.279471,11.9347,18.596652,8.673329,11.2927,-7.728148,-24.988571,4.09696,21.939152,18.934329,6.86646
94.5,-0.839528,-0.805371,92.7786,-0.839528,-0.805371,92.7786,-22.627948,11.760229,132.35,15.380162,8.703629,131.368,-17.342048,-9.795871,82.1714,17.514732,-9.164771,84.9049,-11.651948,-21.718971,46.0627,17.785152,4.029829,48.5336,-15.581448,-28.786171,11.9354,18.623052,9.595629,11.2918,-7.719548,-25.541171,4.10468,21.935852,19.949829,7.03983
95,-0.776648,-0.766171,92.7132,-0.776648,-0.766171,92.7132,-22.554748,11.702129,132.315,15.453982,8.809329,131.219,-17.260148,-9.808571,82.1583,17.594652,-9.019871,84.7947,-11.604348,-21.977071,46.0733,17.763652,4.203429,48.4415,-15.521648,-29.297171,11.9318,18.624152,10.396529,11.283,-7.708548,-26.096771,4.1087,21.913052,20.820429,7.17413
95.5,-0.712128,-0.725371,92.6467,-0.712128,-0.725371,92.6467,-22.479048,11.644129,132.279,15.528032,8.917029,131.072,-17.173248,-9.819271,82.145,17.678572,-8.862771,84.6821,-11.557148,-22.225671,46.0818,17.740652,4.384029,48.3467,-15.459048,-29.809971,11.9257,18.613852,11.144129,11.2681,-7.696948,-26.654071,4.11139,21.882752,21.628529,7.28969
96,-0.647608,-0.684071,92.5793,-0.647608,-0.684071,92.5793,-22.401048,11.586229,132.244,15.602822,9.026429,130.923,-17.086448,-9.829171,82.1318,17.761852,-8.700171,84.5667,-11.512248,-22.466171,46.0893,17.717852,4.571129,48.2522,-15.397848,-30.323871,11.9204,18.597252,11.845329,11.2523,-7.685848,-27.211271,4.1133,21.843552,22.380529,7.39016
96.5,-0.580698,-0.640471,92.5076,-0.580698,-0.640471,92.5076,-22.315648,11.527829,132.208,15.676762,9.140129,130.773,-16.992748,-9.831771,82.1183,17.848352,-8.514371,84.4425,-11.468548,-22.682171,46.0901,17.696272,4.782329,48.1537,-15.328948,-30.841871,11.9131,18.555652,12.389329,11.2117,-7.673248,-27.772871,4.11525,21.781852,22.944829,7.41121
97,-0.513318,-0.596371,92.4355,-0.513318,-0.596371,92.4355,-22.229148,11.469729,132.172,15.750672,9.254429,130.624,-16.898048,-9.833471,82.1046,17.935952,-8.324671,84.3178,-11.425148,-22.894471,46.0899,17.674972,4.997729,48.0555,-15.258648,-31.360471,11.9052,18.509752,12.908729,11.1671,-7.660448,-28.335371,4.11728,21.716952,23.480229,7.4206
97.5,-0.446208,-0.552271,92.3622,-0.446208,-0.552271,92.3622,-22.138848,11.411829,132.136,15.826462,9.370429,130.474,-16.805548,-9.832871,82.0911,18.019652,-8.129071,84.19,-11.383248,-23.094571,46.0875,17.654322,5.225229,47.9592,-15.188748,-31.880271,11.899,18.456952,13.348729,11.1142,-7.649148,-28.898071,4.12089,21.641552,23.920629,7.39491
98,-0.377958,-0.507271,92.2864,-0.377958,-0.507271,92.2864,-22.041948,11.354529,132.099,15.903432,9.490029,130.323,-16.709648,-9.826371,82.0774,18.097352,-7.922271,84.0593,-11.342248,-23.270671,46.0787,17.638192,5.485629,47.8703,-15.110848,-32.400371,11.8953,18.390252,13.631029,11.0368,-7.638248,-29.462771,4.12985,21.549452,24.173729,7.28082
98.5,-0.309828,-0.462371,92.2107,-0.309828,-0.462371,92.2107,-21.944848,11.297329,132.061,15.980602,9.609629,130.172,-16.614248,-9.819571,82.0638,18.174352,-7.715571,83.9286,-11.301248,-23.446071,46.0699,17.621952,5.746529,47.7814,-15.032948,-32.920471,11.8916,18.323352,13.908129,10.959,-7.627448,-30.027471,4.13897,21.457352,24.420929,7.16555
99,-0.242148,-0.417371,92.1348,-0.242148,-0.417371,92.1348,-21.843048,11.241429,132.025,16.061862,9.731929,130.021,-16.523548,-9.808771,82.0505,18.242152,-7.505571,83.7983,-11.260648,-23.601371,46.0578,17.608492,6.029629,47.7015,-14.953548,-33.438671,11.8921,18.254452,14.069829,10.8691,-7.619348,-30.590871,4.15434,21.358152,24.532929,6.99636
99.5,-0.174468,-0.372371,92.0588,-0.174468,-0.372371,92.0588,-21.738048,11.186729,131.987,16.146342,9.856929,129.868,-16.431348,-9.795371,82.0373,18.298652,-7.297071,83.6705,-11.221748,-23.737571,46.0419,17.599312,6.338729,47.6337,-14.870148,-33.953171,11.8969,18.186652,14.129529,10.7697,-7.612548,-31.151771,4.17529,21.255252,24.525429,6.77656
,,,,,,,,,,,,,,,,,,,,,,,,,,,,,,,,,,,,
,-7.696452,53.791771,,,,,,,,,,,,,,,,,,,,,,,,,,,,,,,,,,
