[Gait],,,,,,,,,,,,,,,,,,,,,,,,,,,,,,,,,,,,
氏名,周期,歩行率,立脚,%,遊脚,%,両足支持,%,ストライド,ステップ,歩隔,,,,,,,,,,,,,,,,,,,,,,,,,
Group1(R),0,0,0,0,0,0,0,0,0,0,0,,,,,,,,,,,,,,,,,,,,,,,,,
SD,0,0,0,0,0,0,0,0,0,0,0,,,,,,,,,,,,,,,,,,,,,,,,,
CV,0,0,0,0,0,0,0,0,0,0,0,,,,,,,,,,,,,,,,,,,,,,,,,
Group1(L),0,0,0,0,0,0,0,0,0,0,0,,,,,,,,,,,,,,,,,,,,,,,,,
SD,0,0,0,0,0,0,0,0,0,0,0,,,,,,,,,,,,,,,,,,,,,,,,,
CV,0,0,0,0,0,0,0,0,0,0,0,,,,,,,,,,,,,,,,,,,,,,,,,
[Data],,,,,,,,,,,,,,,,,,,,,,,,,,,,,,,,,,,,
Cycle(%),重心[x](cm),重心[y](cm),重心[z](cm),重心[x](cm),重心[y](cm),重心[z](cm),左肩峰[x](cm),左肩峰[y](cm),左肩峰[z](cm),右肩峰[x](cm),右肩峰[y](cm),右肩峰[z](cm),左股関節[x](cm),左股関節[y](cm),左股関節[z](cm),右股関節[x](cm),右股関節[y](cm),右股関節[z](cm),左膝関節[x](cm),左膝関節[y](cm),左膝関節[z](cm),右膝関節[x](cm),右膝関節[y](cm),右膝関節[z](cm),左足関節[x](cm),左足関節[y](cm),左足関節[z](cm),右足関節[x](cm),右足関節[y](cm),右足関節[z](cm),左第5MP[x](cm),左第5MP[y](cm),左第5MP[z](cm),右第5MP[x](cm),右第5MP[y](cm),右第5MP[z](cm)
0,-2.6862855,1.24765,92.4179,-2.6862855,1.24765,92.4179,-21.3389755,4.65255,132.352,16.9495245,2.59755,132.821,-20.8384755,-3.82685,84.4318,13.5398245,-1.57075,81.0172,-17.9598755,-6.43015,47.7419,15.0551245,13.47325,46.4848,-15.9168355,-6.02315,6.03293,9.7192245,4.64885,7.93931,-23.6164755,2.03155,1.99804,14.7838245,12.64625,2.37647
0.5,-2.6084155,1.26365,92.3782,-2.6084155,1.26365,92.3782,-21.1944755,4.59055,132.352,17.1098245,2.67705,132.781,-20.7445755,-3.86465,84.4353,13.6255245,-1.49465,80.9801,-17.8839755,-6.52475,47.7591,14.7924245,13.45375,46.3122,-15.8941155,-6.25185,6.0477,9.5891245,5.19295,7.56329,-23.6028755,1.78935,2.00636,14.6600245,13.26285,2.11861
1,-2.5275255,1.27815,92.3404,-2.5275255,1.27815,92.3404,-21.0448755,4.52445,132.354,17.2763245,2.76055,132.742,-20.6486755,-3.90115,84.4392,13.7140245,-1.41365,80.9429,-17.8070755,-6.61095,47.7767,14.5242245,13.43225,46.1415,-15.8724855,-6.48005,6.06285,9.4616245,5.67045,7.21671,-23.5899755,1.54765,2.01515,14.5451245,13.80105,1.88795
1.5,-2.4392955,1.28955,92.307,-2.4392955,1.28955,92.307,-20.8836755,4.44865,132.361,17.4580245,2.85375,132.703,-20.5474755,-3.93405,84.444,13.8083245,-1.32185,80.9044,-17.7282755,-6.67655,47.7945,14.2438245,13.40825,45.9752,-15.8542355,-6.70675,6.07903,9.3440245,5.98805,6.9394,-23.5793755,1.30775,2.02536,14.4516245,14.15465,1.71995
2,-2.3501455,1.30035,92.2752,-2.3501455,1.30035,92.2752,-20.7203755,4.37255,132.37,17.6398245,2.94715,132.666,-20.4458755,-3.96675,84.4491,13.9032245,-1.22935,80.8673,-17.6488755,-6.73845,47.8116,13.9645245,13.38455,45.812,-15.8359455,-6.93325,6.09524,9.2310245,6.28325,6.67137,-23.5687755,1.06785,2.03557,14.3629245,14.48335,1.55869
2.5,-2.2546555,1.30895,92.2508,-2.2546555,1.30895,92.2508,-20.5482755,4.29145,132.388,17.8314245,3.04845,132.632,-20.3387755,-4.00135,84.4557,14.0009245,-1.12865,80.8343,-17.5675755,-6.77995,47.8286,13.6877245,13.36495,45.6652,-15.8184855,-7.16025,6.11197,9.1316245,6.44925,6.46661,-23.5597755,0.82785,2.04679,14.2922245,14.66405,1.44998
3,-2.1540355,1.31585,92.2334,-2.1540355,1.31585,92.2334,-20.3694755,4.20695,132.414,18.0284245,3.15515,132.603,-20.2271755,-4.03735,84.4635,14.1012245,-1.02245,80.8063,-17.4839755,-6.80185,47.8437,13.4176245,13.34935,45.5341,-15.8028155,-7.38665,6.13004,9.0500245,6.51125,6.31043,-23.5522755,0.58865,2.05887,14.2386245,14.72865,1.37858
3.5,-2.0517755,1.32225,92.2182,-2.0517755,1.32225,92.2182,-20.1886755,4.12215,132.444,18.2275245,3.26335,132.575,-20.1143755,-4.07435,84.472,14.2016245,-0.91485,80.7801,-17.3998755,-6.81885,47.8587,13.1520245,13.33435,45.4086,-15.7866155,-7.61325,6.14838,8.9728245,6.54355,6.16893,-23.5450755,0.34885,2.07143,14.1887245,14.76025,1.31741
4,-1.9423255,1.32675,92.2159,-1.9423255,1.32675,92.2159,-19.9997755,4.03425,132.491,18.4310245,3.37855,132.556,-19.9935755,-4.11865,84.4837,14.3031245,-0.80015,80.7657,-17.3137755,-6.80525,47.8722,12.9092245,13.32545,45.3132,-15.7690455,-7.84075,6.16972,8.9230245,6.45605,6.09163,-23.5381755,0.10735,2.08495,14.1587245,14.65915,1.30091
4.5,-1.8303655,1.33055,92.2187,-1.8303655,1.33055,92.2187,-19.8087755,3.94525,132.545,18.6357245,3.49655,132.54,-19.8705755,-4.16575,84.497,14.4051245,-0.68345,80.7567,-17.2269755,-6.77885,47.8844,12.6782245,13.31665,45.2298,-15.7507355,-8.06745,6.19304,8.8842245,6.32415,6.03585,-23.5304755,-0.13425,2.09909,14.1363245,14.50965,1.29754
5,-1.7147155,1.33325,92.2283,-1.7147155,1.33325,92.2283,-19.6149755,3.85535,132.608,18.8427245,3.61735,132.528,-19.7438755,-4.21705,84.5132,14.5064245,-0.56465,80.755,-17.1390755,-6.73915,47.8969,12.4668245,13.30645,45.1617,-15.7300655,-8.29435,6.2191,8.8586245,6.14625,6.00556,-23.5225755,-0.37785,2.11429,14.1204245,14.31155,1.3077
5.5,-1.5946855,1.33475,92.2492,-1.5946855,1.33475,92.2492,-19.4177755,3.76235,132.688,19.0478245,3.74195,132.525,-19.6113755,-4.27625,84.5338,14.6073245,-0.44315,80.7661,-17.0532755,-6.67195,47.9087,12.2866245,13.29225,45.1174,-15.7035055,-8.52025,6.25119,8.8541245,5.91765,6.00669,-23.5112755,-0.62425,2.13089,14.1161245,14.05945,1.33416
6,-1.4728155,1.33535,92.2751,-1.4728155,1.33535,92.2751,-19.2198755,3.66825,132.774,19.2530245,3.86815,132.525,-19.4776755,-4.33855,84.5574,14.7077245,-0.32115,80.7835,-16.9672755,-6.59535,47.9213,12.1216245,13.27305,45.0829,-15.6741155,-8.74465,6.28654,8.8574245,5.66785,6.01856,-23.4974755,-0.87135,2.14817,14.1154245,13.78545,1.36355
6.5,-1.3477455,1.33435,92.3096,-1.3477455,1.33435,92.3096,-19.0215755,3.57015,132.872,19.4562245,3.99645,132.531,-19.3397755,-4.40645,84.5863,14.8070245,-0.19915,80.8121,-16.8831755,-6.50005,47.9358,11.9908245,13.24015,45.0635,-15.6376655,-8.96665,6.32979,8.8731245,5.40325,6.04164,-23.4799755,-1.12145,2.16745,14.1198245,13.49865,1.39457
7,-1.2211255,1.33225,92.3513,-1.2211255,1.33225,92.3513,-18.8226755,3.46815,132.981,19.6566245,4.12585,132.542,-19.2008755,-4.47855,84.6201,14.9055245,-0.07745,80.8496,-16.8033755,-6.38915,47.9525,11.8826245,13.19685,45.0557,-15.5934855,-9.18465,6.37966,8.8976245,5.12975,6.07303,-23.4564755,-1.37355,2.18824,14.1276245,13.20425,1.42547
7.5,-1.0928555,1.32825,92.3993,-1.0928555,1.32825,92.3993,-18.6242755,3.36225,133.098,19.8537245,4.25545,132.559,-19.0600755,-4.55315,84.6593,15.0036245,0.04245,80.896,-16.7260355,-6.26615,47.9724,11.8006245,13.13685,45.0561,-15.5433655,-9.39935,6.43696,8.9286245,4.85575,6.10507,-23.4285755,-1.62685,2.21045,14.1385245,12.91195,1.45094
8,-0.9637055,1.32185,92.4542,-0.9637055,1.32185,92.4542,-18.4278755,3.24905,133.223,20.0471245,4.38545,132.58,-18.9191755,-4.62995,84.706,15.1002245,0.15935,80.9516,-16.6535755,-6.13045,47.9983,11.7484245,13.05265,45.0626,-15.4812755,-9.60605,6.50545,8.9617245,4.59405,6.13252,-23.3927755,-1.88145,2.23632,14.1514245,12.63555,1.47023
8.5,-0.8337755,1.31375,92.5141,-0.8337755,1.31375,92.5141,-18.2316755,3.13085,133.356,20.2375245,4.51435,132.606,-18.7784755,-4.70735,84.7578,15.1973245,0.27405,81.0137,-16.5855955,-5.98585,48.0283,11.7150245,12.95305,45.0734,-15.4119655,-9.80735,6.58105,8.9978245,4.34005,6.15751,-23.3509755,-2.13665,2.26372,14.1646245,12.37025,1.48312
9,-0.7043155,1.30255,92.5797,-0.7043155,1.30255,92.5797,-18.0382755,3.00435,133.494,20.4211245,4.64155,132.636,-18.6391755,-4.78295,84.8176,15.2943245,0.38345,81.0835,-16.5239555,-5.83275,48.0663,11.7080245,12.82475,45.0857,-15.3321655,-9.99915,6.66918,9.0315245,4.10275,6.17273,-23.3012755,-2.39095,2.29463,14.1802245,12.12435,1.48795
9.5,-0.5747655,1.28885,92.6496,-0.5747655,1.28885,92.6496,-17.8469755,2.87155,133.637,20.6035245,4.76685,132.669,-18.5017755,-4.85705,84.8844,15.3900245,0.48885,81.1584,-16.4662955,-5.67535,48.1116,11.7187245,12.67555,45.099,-15.2416755,-10.18085,6.76625,9.0629245,3.87855,6.18089,-23.2442755,-2.64365,2.32906,14.1947245,11.89525,1.4858
10,-0.4456455,1.27205,92.7241,-0.4456455,1.27205,92.7241,-17.6566755,2.73015,133.784,20.7794245,4.88885,132.707,-18.3659755,-4.92705,84.9577,15.4876245,0.58895,81.2388,-16.4150255,-5.51205,48.1648,11.7477245,12.50145,45.1114,-15.1422255,-10.35205,6.87426,9.0916245,3.66855,6.18122,-23.1794755,-2.89405,2.36642,14.2104245,11.68335,1.47823
10.5,-0.3179355,1.25165,92.8026,-0.3179355,1.25165,92.8026,-17.4696755,2.58155,133.934,20.9510245,5.00645,132.748,-18.2342755,-4.99125,85.0396,15.5849245,0.68225,81.3232,-16.3688455,-5.34865,48.2281,11.7917245,12.30185,45.1223,-15.0318655,-10.51035,6.99347,9.1146245,3.46805,6.17392,-23.1072755,-3.13995,2.40873,14.2266245,11.48285,1.46602
11,-0.1905155,1.22895,92.8842,-0.1905155,1.22895,92.8842,-17.2847755,2.42775,134.085,21.1213245,5.12105,132.791,-18.1045755,-5.05165,85.127,15.6818245,0.77125,81.4106,-16.3265855,-5.18345,48.2986,11.8486245,12.08365,45.1331,-14.9131655,-10.65725,7.1206,9.1335245,3.27725,6.16061,-23.0285755,-3.38215,2.45408,14.2406245,11.29475,1.44913
11.5,-0.0649055,1.20205,92.9696,-0.0649055,1.20205,92.9696,-17.1012755,2.26635,134.238,21.2843245,5.22835,132.839,-17.9790755,-5.10335,85.2219,15.7799245,0.85245,81.5005,-16.2886355,-5.02125,48.3799,11.9137245,11.84335,45.1419,-14.7845455,-10.78855,7.25878,9.1484245,3.08695,6.14458,-22.9417755,-3.61685,2.50393,14.2570245,11.10745,1.4336
12,0.0599045,1.17225,93.0584,0.0599045,1.17225,93.0584,-16.9212755,2.10135,134.392,21.4463245,5.33025,132.891,-17.8559755,-5.14915,85.3234,15.8784245,0.92795,81.5929,-16.2533055,-4.86255,48.4699,11.9858245,11.58525,45.1511,-14.6479755,-10.90675,7.40396,9.1595245,2.89605,6.12655,-22.8496755,-3.84535,2.55787,14.2713245,10.92165,1.41584
12.5,0.1831945,1.13965,93.1499,0.1831945,1.13965,93.1499,-16.7430155,1.93275,134.546,21.6046245,5.42555,132.945,-17.7369755,-5.18755,85.4304,15.9765245,0.99725,81.6862,-16.2220255,-4.70465,48.5683,12.0648245,11.31165,45.1611,-14.5030455,-11.00855,7.55805,9.1669245,2.70325,6.10798,-22.7504755,-4.06575,2.61615,14.2847245,10.73395,1.39962
13,0.3052345,1.10425,93.2442,0.3052345,1.10425,93.2442,-16.5659455,1.76275,134.7,21.7596245,5.51315,133.003,-17.6197755,-5.21945,85.5422,16.0737245,1.06095,81.7806,-16.1903555,-4.55425,48.6739,12.1424245,11.02885,45.1723,-14.3509855,-11.09765,7.71619,9.1736245,2.50125,6.09286,-22.6457755,-4.27855,2.67732,14.2977245,10.53715,1.38635
13.5,0.4262445,1.06615,93.3416,0.4262445,1.06615,93.3416,-16.3924955,1.59225,134.854,21.9133245,5.59355,133.066,-17.5051755,-5.24585,85.6587,16.1718245,1.11905,81.8766,-16.1597155,-4.40895,48.7869,12.2225245,10.73365,45.1866,-14.1921255,-11.17035,7.87959,9.1790245,2.29005,6.08058,-22.5355755,-4.48265,2.74181,14.3092245,10.33185,1.37426
14,0.5453145,1.02595,93.4415,0.5453145,1.02595,93.4415,-16.2207055,1.42375,135.007,22.0638245,5.66405,133.132,-17.3939755,-5.26505,85.7796,16.2677245,1.17145,81.9726,-16.1300955,-4.26945,48.9064,12.2996245,10.43285,45.2048,-14.0248855,-11.22595,8.04711,9.1848245,2.06725,6.07399,-22.4191755,-4.67665,2.81059,14.3185245,10.11445,1.36626
14.5,0.6635645,0.98405,93.5436,0.6635645,0.98405,93.5436,-16.0498055,1.25765,135.161,22.2119245,5.72765,133.203,-17.2821755,-5.28185,85.9019,16.3622245,1.22035,82.0698,-16.0987655,-4.13585,49.0292,12.3722245,10.12905,45.227,-13.8526855,-11.27015,8.21457,9.1919245,1.83575,6.07201,-22.2975755,-4.86465,2.87993,14.3258245,9.88825,1.3596
15,0.7799045,0.93985,93.6484,0.7799045,0.93985,93.6484,-15.8829655,1.09635,135.314,22.3583245,5.78075,133.279,-17.1739755,-5.29395,86.0278,16.4554245,1.26365,82.168,-16.0662955,-4.01035,49.1572,12.4402245,9.82035,45.2548,-13.6712855,-11.29345,8.38358,9.2008245,1.58935,6.07649,-22.1689755,-5.04115,2.95223,14.3323245,9.64735,1.35658
15.5,0.8949545,0.89505,93.7546,0.8949545,0.89505,93.7546,-15.7170455,0.94025,135.465,22.5027245,5.82645,133.359,-17.0658755,-5.30375,86.1544,16.5459245,1.30405,82.2663,-16.0327055,-3.89075,49.2869,12.5005245,9.51265,45.2867,-13.4841155,-11.30375,8.55109,9.2117245,1.33635,6.08552,-22.0351755,-5.21095,3.02574,14.3354245,9.39975,1.35442
16,1.0085245,0.84895,93.8623,1.0085245,0.84895,93.8623,-15.5526455,0.78885,135.616,22.6434245,5.86455,133.444,-16.9576755,-5.31385,86.281,16.6344245,1.34175,82.3655,-15.9971155,-3.77705,49.417,12.5541245,9.20425,45.3232,-13.2907155,-11.29915,8.71596,9.2248245,1.07755,6.09777,-21.8951755,-5.37435,3.09877,14.3377245,9.14625,1.35326
16.5,1.1198445,0.80175,93.9715,1.1198445,0.80175,93.9715,-15.3912755,0.64595,135.766,22.7826245,5.89215,133.534,-16.8517755,-5.32245,86.4082,16.7188245,1.37535,82.4654,-15.9594055,-3.67175,49.5481,12.5963245,8.89665,45.3649,-13.0864355,-11.27415,8.87689,9.2395245,0.81035,6.11472,-21.7466755,-5.52775,3.17281,14.3381245,8.88495,1.3535
17,1.2300845,0.75445,94.0806,1.2300845,0.75445,94.0806,-15.2310455,0.50835,135.913,22.9195245,5.91475,133.628,-16.7450955,-5.33215,86.5335,16.8017245,1.40745,82.565,-15.9207055,-3.57075,49.6775,12.6312245,8.59085,45.4092,-12.8778855,-11.23665,9.03362,9.2562245,0.54305,6.13309,-21.5937755,-5.67625,3.24588,14.3362245,8.62345,1.35245
17.5,1.3376345,0.70615,94.1898,1.3376345,0.70615,94.1898,-15.0727355,0.37745,136.059,23.0511245,5.92905,133.726,-16.6392755,-5.34475,86.6572,16.8805245,1.43675,82.6647,-15.8794055,-3.47825,49.8041,12.6540245,8.28505,45.4558,-12.6594355,-11.17735,9.18312,9.2734245,0.27665,6.15078,-21.4320755,-5.81625,3.31715,14.3353245,8.36345,1.35219
18,1.4434845,0.65745,94.2987,1.4434845,0.65745,94.2987,-14.9166255,0.25265,136.203,23.1811245,5.93745,133.828,-16.5338955,-5.35855,86.7789,16.9564245,1.46395,82.7644,-15.8370855,-3.39115,49.9289,12.6672245,7.98055,45.5044,-12.4338855,-11.10295,9.32673,9.2900245,0.01005,6.16895,-21.2648755,-5.94915,3.38723,14.3332245,8.10375,1.35054
18.5,1.5473245,0.60865,94.4055,1.5473245,0.60865,94.4055,-14.7618955,0.13255,136.342,23.3074245,5.94145,133.932,-16.4297055,-5.37485,86.897,17.0300245,1.48875,82.8624,-15.7943055,-3.30935,50.0489,12.6721245,7.67635,45.5525,-12.2019655,-11.01005,9.4627,9.3074245,-0.25145,6.18564,-21.0923755,-6.07505,3.4553,14.3318245,7.84905,1.34865
19,1.6485345,0.55905,94.5101,1.6485345,0.55905,94.5101,-14.6084855,0.01685,136.478,23.4281245,5.94035,134.038,-16.3254955,-5.39505,87.0111,17.1000245,1.51165,82.9587,-15.7495055,-3.23485,50.1638,12.6653245,7.37145,45.5989,-11.9647155,-10.89625,9.58949,9.3215245,-0.50745,6.19815,-20.9150755,-6.19045,3.51995,14.3326245,7.60095,1.34683
19.5,1.7479745,0.50945,94.6124,1.7479745,0.50945,94.6124,-14.4576255,-0.09495,136.609,23.5472245,5.93625,134.145,-16.2225555,-5.41745,87.1217,17.1680245,1.53195,83.0536,-15.7055255,-3.16425,50.2747,12.6528245,7.06665,45.6448,-11.7220455,-10.76625,9.70858,9.3340245,-0.75955,6.20879,-20.7349755,-6.29775,3.58253,14.3336245,7.35655,1.34362
20,1.8449545,0.45925,94.7102,1.8449545,0.45925,94.7102,-14.3082255,-0.20445,136.735,23.6610245,5.92965,134.25,-16.1214155,-5.44275,87.2267,17.2340245,1.54935,83.1448,-15.6596855,-3.10105,50.3785,12.6328245,6.76025,45.6871,-11.4767755,-10.61275,9.81658,9.3442245,-1.00565,6.21624,-20.5541755,-6.39055,3.64163,14.3381245,7.11835,1.3422
20.5,1.9397845,0.40845,94.8044,1.9397845,0.40845,94.8044,-14.1603355,-0.31345,136.855,23.7708245,5.92155,134.354,-16.0201455,-5.47095,87.3271,17.2984245,1.56495,83.233,-15.6147455,-3.04115,50.4773,12.6063245,6.45305,45.7255,-11.2339155,-10.44405,9.91654,9.3513245,-1.24785,6.2202,-20.3756755,-6.47075,3.69733,14.3451245,6.88455,1.34121
21,2.0325145,0.35765,94.8935,2.0325145,0.35765,94.8935,-14.0151755,-0.42005,136.968,23.8778245,5.91205,134.455,-15.9215455,-5.50075,87.4217,17.3612245,1.57635,83.317,-15.5698655,-2.98565,50.5692,12.5786245,6.14495,45.7619,-10.9905455,-10.25365,10.0059,9.3545245,-1.48655,6.2216,-20.1993755,-6.53575,3.75003,14.3531245,6.65405,1.34069
21.5,2.1229045,0.30615,94.9762,2.1229045,0.30615,94.9762,-13.8724055,-0.52815,137.073,23.9798245,5.90315,134.55,-15.8236855,-5.53305,87.5091,17.4235245,1.58475,83.3958,-15.5242355,-2.93525,50.6534,12.5491245,5.83565,45.7932,-10.7572155,-10.04125,10.0828,9.3565245,-1.72395,6.22191,-20.0351755,-6.57455,3.798,14.3663245,6.42425,1.34332
22,2.2116245,0.25435,95.0547,2.2116245,0.25435,95.0547,-13.7313055,-0.63655,137.173,24.0795245,5.89425,134.642,-15.7267855,-5.56685,87.5922,17.4853245,1.59055,83.4708,-15.4800555,-2.88635,50.7329,12.5186245,5.52605,45.8214,-10.5317255,-9.81715,10.1531,9.3561245,-1.96075,6.22034,-19.8779755,-6.59815,3.84307,14.3803245,6.19585,1.34662
22.5,2.2979345,0.20255,95.1253,2.2979345,0.20255,95.1253,-13.5942855,-0.74435,137.262,24.1752245,5.88535,134.725,-15.6322955,-5.60165,87.6663,17.5472245,1.59135,83.5396,-15.4349655,-2.84115,50.8029,12.4925245,5.21625,45.8475,-10.3190855,-9.56645,10.2088,9.3515245,-2.19925,6.21811,-19.7360755,-6.59155,3.88364,14.3957245,5.96475,1.35219
23,2.3819845,0.15065,95.1891,2.3819845,0.15065,95.1891,-13.4606455,-0.85445,137.343,24.2680245,5.87825,134.801,-15.5385155,-5.63755,87.7334,17.6090245,1.58895,83.6026,-15.3912355,-2.79605,50.8661,12.4698245,4.90845,45.8696,-10.1293455,-9.30205,10.254,9.3485245,-2.43955,6.21773,-19.6169755,-6.55025,3.91917,14.4133245,5.73115,1.36016
23.5,2.4643545,0.09885,95.2471,2.4643545,0.09885,95.2471,-13.3303055,-0.96405,137.417,24.3588245,5.87215,134.869,-15.4458455,-5.67465,87.7944,17.6713245,1.58295,83.6609,-15.3475055,-2.75155,50.9232,12.4526245,4.60105,45.8908,-9.9584355,-9.02325,10.2905,9.3432245,-2.68355,6.21684,-19.5150755,-6.48185,3.95041,14.4305245,5.49425,1.36876
24,2.5439945,0.04735,95.2973,2.5439945,0.04735,95.2973,-13.2046655,-1.07395,137.482,24.4448245,5.86615,134.927,-15.3551755,-5.71225,87.8459,17.7347245,1.57215,83.7133,-15.3032255,-2.70635,50.9708,12.4433245,4.29675,45.9108,-9.8144755,-8.72215,10.313,9.3384245,-2.93215,6.21869,-19.4389755,-6.37205,3.976,14.4475245,5.25135,1.3791
24.5,2.6213745,-0.00345,95.341,2.6213745,-0.00345,95.341,-13.0841455,-1.18355,137.538,24.5301245,5.86155,134.977,-15.2653155,-5.75015,87.8912,17.7982245,1.55805,83.7607,-15.2612155,-2.65825,51.013,12.4404245,3.99625,45.9295,-9.6998955,-8.41275,10.3273,9.3347245,-3.18305,6.22208,-19.3906755,-6.22485,3.99663,14.4629245,5.00595,1.38935
25,2.6962745,-0.05345,95.3779,2.6962745,-0.05345,95.3779,-12.9680055,-1.29215,137.586,24.6117245,5.85805,135.017,-15.1761755,-5.78985,87.928,17.8626245,1.54015,83.8028,-15.2194155,-2.60715,51.0475,12.4463245,3.69885,45.948,-9.6191755,-8.08765,10.331,9.3313245,-3.43945,6.22716,-19.3707755,-6.03495,4.01057,14.4768245,4.75485,1.39925
25.5,2.7681445,-0.10265,95.408,2.7681445,-0.10265,95.408,-12.8574055,-1.39925,137.626,24.6896245,5.85375,135.049,-15.0897055,-5.82935,87.9567,17.9283245,1.51785,83.8405,-15.1775955,-2.55155,51.0738,12.4599245,3.40665,45.9665,-9.5728455,-7.74745,10.3236,9.3297245,-3.69815,6.23436,-19.3800755,-5.79935,4.01797,14.4870245,4.50035,1.40857
26,2.8368445,-0.15015,95.4318,2.8368445,-0.15015,95.4318,-12.7540055,-1.50355,137.657,24.7661245,5.85045,135.072,-15.0041655,-5.86995,87.9783,17.9945245,1.49235,83.8738,-15.1391955,-2.49015,51.0952,12.4820245,3.12045,45.9852,-9.5651155,-7.39995,10.3078,9.3291245,-3.95875,6.24272,-19.4237755,-5.51925,4.01864,14.4941245,4.24365,1.41575
26.5,2.9020345,-0.19625,95.4493,2.9020345,-0.19625,95.4493,-12.6557755,-1.60475,137.681,24.8379245,5.84665,135.087,-14.9197055,-5.91185,87.9918,18.0603245,1.46285,83.9027,-15.1018355,-2.42095,51.1092,12.5110245,2.83965,46.0036,-9.5982555,-7.03875,10.2839,9.3305245,-4.22015,6.25207,-19.4972755,-5.19075,4.0115,14.4981245,3.98565,1.4209
27,2.9635445,-0.24095,95.4613,2.9635445,-0.24095,95.4613,-12.5639655,-1.70335,137.697,24.9065245,5.84135,135.097,-14.8388655,-5.95375,87.9985,18.1280245,1.43005,83.9284,-15.0658355,-2.34615,51.1173,12.5437245,2.56575,46.021,-9.6662655,-6.66705,10.2517,9.3311245,-4.48145,6.26111,-19.5980755,-4.81745,3.99708,14.4978245,3.72695,1.4242
27.5,3.0207545,-0.28365,95.4677,3.0207545,-0.28365,95.4677,-12.4800555,-1.79715,137.706,24.9711245,5.83605,135.099,-14.7594255,-5.99685,87.998,18.1953245,1.39335,83.9505,-15.0343555,-2.26215,51.1206,12.5843245,2.29885,46.0387,-9.7773255,-6.28925,10.2128,9.3340245,-4.74135,6.27069,-19.7325755,-4.39795,3.97424,14.4949245,3.46895,1.42458
28,3.0736045,-0.32435,95.4691,3.0736045,-0.32435,95.4691,-12.4018455,-1.88685,137.708,25.0314245,5.82895,135.097,-14.6826255,-6.04045,87.9912,18.2622245,1.35325,83.969,-15.0063655,-2.16865,51.1188,12.6262245,2.03865,46.0539,-9.9265855,-5.90015,10.1695,9.3365245,-4.99805,6.27855,-19.8907755,-3.93215,3.94379,14.4879245,3.21415,1.42155
28.5,3.1225245,-0.36355,95.4664,3.1225245,-0.36355,95.4664,-12.3295655,-1.97325,137.704,25.0875245,5.82025,135.091,-14.6098555,-6.08405,87.9791,18.3301245,1.30995,83.9849,-14.9808255,-2.06905,51.1132,12.6704245,1.78575,46.0675,-10.1062455,-5.50295,10.1208,9.3378245,-5.25205,6.28523,-20.0701755,-3.42875,3.90603,14.4797245,2.96055,1.41783
29,3.1656245,-0.40035,95.4587,3.1656245,-0.40035,95.4587,-12.2668655,-2.05355,137.693,25.1387245,5.80965,135.08,-14.5400555,-6.12785,87.9604,18.3971245,1.26235,83.9975,-14.9619355,-1.95815,51.1036,12.7163245,1.54175,46.0788,-10.3275655,-5.09955,10.0683,9.3391245,-5.50165,6.28995,-20.2774755,-2.87975,3.86013,14.4687245,2.71115,1.41118
29.5,3.2049645,-0.43535,95.448,3.2049645,-0.43535,95.448,-12.2080055,-2.13105,137.677,25.1859245,5.79745,135.068,-14.4741855,-6.17095,87.938,18.4634245,1.21185,84.0068,-14.9473255,-1.84015,51.0919,12.7607245,1.30485,46.0866,-10.5720655,-4.68635,10.0153,9.3389245,-5.74805,6.29316,-20.4938755,-2.29925,3.80858,14.4570245,2.46435,1.40342
30,3.2396645,-0.46895,95.4338,3.2396645,-0.46895,95.4338,-12.1557155,-2.20455,137.655,25.2283245,5.78265,135.055,-14.4123255,-6.21315,87.9114,18.5291245,1.15745,84.0135,-14.9365055,-1.71575,51.0774,12.8056245,1.07545,46.0912,-10.8436955,-4.26705,9.95965,9.3356245,-5.98945,6.29363,-20.7277755,-1.68655,3.75074,14.4460245,2.22085,1.39657
30.5,3.2682245,-0.50015,95.416,3.2682245,-0.50015,95.416,-12.1128255,-2.27315,137.627,25.2655245,5.76505,135.039,-14.3558555,-6.25365,87.88,18.5946245,1.09885,84.0166,-14.9347655,-1.58095,51.0614,12.8468245,0.85695,46.0913,-11.1449755,-3.84025,9.90411,9.3317245,-6.22795,6.2924,-20.9751755,-1.03635,3.68701,14.4346245,1.98015,1.38859
31,3.2941245,-0.53025,95.3959,3.2941245,-0.53025,95.3959,-12.0727955,-2.33955,137.595,25.3001245,5.74595,135.023,-14.3027355,-6.29225,87.8461,18.6580245,1.03655,84.0163,-14.9367955,-1.44175,51.0443,12.8878245,0.64435,46.0881,-11.4547555,-3.40535,9.84966,9.3245245,-6.46385,6.2897,-21.2221755,-0.37125,3.62116,14.4251245,1.74085,1.38231
31.5,3.3146245,-0.55895,95.3734,3.3146245,-0.55895,95.3734,-12.0401455,-2.40235,137.559,25.3296245,5.72345,135.007,-14.2549655,-6.32855,87.8097,18.7199245,0.97035,84.0129,-14.9450855,-1.29705,51.0263,12.9259245,0.44205,46.0803,-11.7836555,-2.96425,9.79604,9.3148245,-6.69705,6.28544,-21.4778755,0.32185,3.55205,14.4168245,1.50275,1.37771
32,3.3313245,-0.58605,95.3488,3.3313245,-0.58605,95.3488,-12.0136155,-2.46225,137.519,25.3555245,5.69805,134.991,-14.2118455,-6.36155,87.7702,18.7818245,0.90035,84.0061,-14.9602455,-1.14585,51.0079,12.9620245,0.24895,46.0693,-12.1221655,-2.51645,9.74496,9.3046245,-6.92895,6.28073,-21.7322755,1.03205,3.4818,14.4104245,1.26575,1.37451
32.5,3.3454245,-0.61245,95.322,3.3454245,-0.61245,95.322,-11.9905455,-2.52015,137.476,25.3804245,5.67065,134.974,-14.1722955,-6.39155,87.7291,18.8396245,0.82635,83.9956,-14.9795055,-0.99195,50.9888,12.9975245,0.06225,46.0549,-12.4614655,-2.06115,9.69559,9.2910245,-7.16115,6.27549,-21.9833755,1.74985,3.41282,14.4067245,1.02695,1.37453
33,3.3544245,-0.63745,95.2938,3.3544245,-0.63745,95.2938,-11.9748955,-2.57505,137.429,25.3997245,5.63855,134.958,-14.1390755,-6.41715,87.6863,18.8958245,0.74805,83.9812,-15.0067555,-0.83365,50.9701,13.0309245,-0.11205,46.0369,-12.8064255,-1.59845,9.65046,9.2761245,-7.39305,6.27079,-22.2298755,2.48855,3.34519,14.4045245,0.78715,1.37715
33.5,3.3615245,-0.66185,95.2641,3.3615245,-0.66185,95.2641,-11.9632555,-2.62775,137.38,25.4184245,5.60375,134.94,-14.1087955,-6.43965,87.6413,18.9502245,0.66655,83.9638,-15.0378755,-0.67205,50.9511,13.0638245,-0.27985,46.0169,-13.1461855,-1.13035,9.60769,9.2606245,-7.62545,6.26629,-22.4700755,3.22755,3.2815,14.4038245,0.54635,1.3817
34,3.3660245,-0.68535,95.2331,3.3660245,-0.68535,95.2331,-11.9555555,-2.67865,137.329,25.4352245,5.56615,134.923,-14.0824955,-6.45825,87.5954,19.0007245,0.58175,83.9431,-15.0729855,-0.50875,50.9316,13.0969245,-0.43985,45.9949,-13.4804955,-0.65555,9.56795,9.2449245,-7.85975,6.26353,-22.7018755,3.97315,3.22189,14.4049245,0.30245,1.38866
34.5,3.3678245,-0.70825,95.2012,3.3678245,-0.70825,95.2012,-11.9524655,-2.72695,137.276,25.4493245,5.52405,134.906,-14.0602555,-6.47275,87.5481,19.0488245,0.49345,83.9193,-15.1135855,-0.34225,50.9124,13.1302245,-0.59245,45.9718,-13.8076655,-0.17555,9.53222,9.2271245,-8.09405,6.26093,-22.9236755,4.72345,3.16765,14.4061245,0.05745,1.39761
35,3.3678245,-0.73035,95.1683,3.3678245,-0.73035,95.1683,-11.9531655,-2.77275,137.223,25.4629245,5.47845,134.887,-14.0409855,-6.48365,87.4993,19.0930245,0.40245,83.8926,-15.1569955,-0.17385,50.8933,13.1627245,-0.73725,45.9472,-14.1218855,0.31085,9.50031,9.2120245,-8.33095,6.26065,-23.1357755,5.46835,3.12163,14.4071245,-0.19015,1.40692
35.5,3.3654245,-0.75175,95.1346,3.3654245,-0.75175,95.1346,-11.9580155,-2.81605,137.168,25.4745245,5.42925,134.868,-14.0258655,-6.49025,87.4494,19.1330245,0.30895,83.8632,-15.2040855,-0.00225,50.8731,13.1971245,-0.87705,45.9229,-14.4221455,0.80195,9.47189,9.1958245,-8.56785,6.26151,-23.3339755,6.21505,3.08311,14.4088245,-0.43945,1.41819
36,3.3617245,-0.77275,95.1002,3.3617245,-0.77275,95.1002,-11.9649455,-2.85705,137.113,25.4849245,5.37655,134.848,-14.0129355,-6.49425,87.3984,19.1698245,0.21345,83.8316,-15.2536555,0.17125,50.8536,13.2310245,-1.01205,45.8979,-14.7118855,1.29725,9.44632,9.1798245,-8.80555,6.26328,-23.5242755,6.95815,3.05071,14.4090245,-0.68985,1.42893
36.5,3.3559245,-0.79295,95.0656,3.3559245,-0.79295,95.0656,-11.9759355,-2.89465,137.058,25.4936245,5.31945,134.828,-14.0032855,-6.49435,87.3465,19.2017245,0.11615,83.7982,-15.3050355,0.34755,50.8338,13.2642245,-1.14155,45.873,-14.9846255,1.79695,9.42648,9.1666245,-9.04335,6.26667,-23.7013755,7.69255,3.02895,14.4072245,-0.94055,1.43887
37,3.3487245,-0.81255,95.0304,3.3487245,-0.81255,95.0304,-11.9889655,-2.92985,137.003,25.5011245,5.25965,134.806,-13.9964255,-6.49155,87.2937,19.2299245,0.01785,83.7632,-15.3585455,0.52805,50.8135,13.2970245,-1.27095,45.8484,-15.2415255,2.29835,9.40882,9.1518245,-9.28095,6.27037,-23.8662755,8.42215,3.01437,14.4062245,-1.19225,1.45
37.5,3.3397245,-0.83135,94.995,3.3397245,-0.83135,94.995,-12.0046555,-2.96175,136.948,25.5065245,5.19645,134.784,-13.9916055,-6.48605,87.24,19.2536245,-0.08135,83.7268,-15.4130755,0.71045,50.7939,13.3289245,-1.39585,45.8238,-15.4853055,2.80295,9.3949,9.1390245,-9.51775,6.27517,-24.0224755,9.14355,3.00698,14.4020245,-1.44335,1.45805
38,3.3286245,-0.84925,94.9595,3.3286245,-0.84925,94.9595,-12.0231955,-2.98965,136.894,25.5101245,5.12935,134.76,-13.9910555,-6.47665,87.1858,19.2718245,-0.18125,83.6894,-15.4692855,0.89835,50.7747,13.3574245,-1.52035,45.7992,-15.7084655,3.30715,9.38658,9.1263245,-9.75325,6.27991,-24.1637755,9.84865,3.01084,14.3962245,-1.69345,1.46583
38.5,3.3164245,-0.86675,94.9239,3.3164245,-0.86675,94.9239,-12.0427255,-3.01605,136.839,25.5118245,5.06115,134.736,-13.9914855,-6.46595,87.1313,19.2873245,-0.28075,83.6516,-15.5257555,1.08855,50.7555,13.3843245,-1.64585,45.7744,-15.9225855,3.81195,9.37948,9.1135245,-9.98765,6.28482,-24.2984755,10.54905,3.01764,14.3912245,-1.94315,1.47353
39,3.3020245,-0.88295,94.8883,3.3020245,-0.88295,94.8883,-12.0654855,-3.03765,136.785,25.5115245,4.98965,134.712,-13.9961155,-6.45125,87.0765,19.2981245,-0.38035,83.6133,-15.5832855,1.28345,50.7375,13.4077245,-1.77005,45.7498,-16.1185555,4.31385,9.37712,9.1005245,-10.22045,6.28975,-24.4216755,11.23055,3.03304,14.3835245,-2.19145,1.47889
39.5,3.2854245,-0.89845,94.8529,3.2854245,-0.89845,94.8529,-12.0898255,-3.05655,136.731,25.5091245,4.91625,134.687,-14.0043555,-6.43335,87.0217,19.3039245,-0.47945,83.575,-15.6417755,1.48265,50.7209,13.4260245,-1.89555,45.7245,-16.2994655,4.81115,9.37851,9.0874245,-10.45245,6.29437,-24.5336755,11.89355,3.05535,14.3761245,-2.43925,1.48448
40,3.2675245,-0.91335,94.8174,3.2675245,-0.91335,94.8174,-12.1159955,-3.07365,136.677,25.5039245,4.84195,134.661,-14.0133355,-6.41405,86.9669,19.3079245,-0.57775,83.5364,-15.6999155,1.68375,50.7041,13.4416245,-2.02235,45.6987,-16.4728355,5.30805,9.38138,9.0741245,-10.68225,6.2988,-24.6399755,12.55085,3.07866,14.3694245,-2.68615,1.49022
40.5,3.2468445,-0.92695,94.7823,3.2468445,-0.92695,94.7823,-12.1453655,-3.08575,136.623,25.4969245,4.76555,134.635,-14.0286855,-6.38895,86.9125,19.3069245,-0.67495,83.4983,-15.7593655,1.88965,50.6898,13.4513245,-2.14985,45.6726,-16.6255855,5.79105,9.38755,9.0580245,-10.91245,6.30271,-24.7340755,13.17415,3.10891,14.3623245,-2.93255,1.49534
41,3.2241545,-0.94005,94.7473,3.2241545,-0.94005,94.7473,-12.1764755,-3.09615,136.57,25.4872245,4.68815,134.609,-14.0469455,-6.36125,86.8582,19.3023245,-0.77145,83.4605,-15.8189555,2.09765,50.6763,13.4570245,-2.27825,45.6461,-16.7696755,6.26945,9.39564,9.0420245,-11.14155,6.30661,-24.8208755,13.78485,3.14106,14.3558245,-3.17865,1.50119
41.5,3.2001445,-0.95225,94.7122,3.2001445,-0.95225,94.7122,-12.2100455,-3.10395,136.516,25.4759245,4.61025,134.582,-14.0674655,-6.33055,86.8043,19.2964245,-0.86635,83.4227,-15.8788055,2.30725,50.6633,13.4591245,-2.40745,45.6189,-16.9022755,6.73945,9.40492,9.0253245,-11.37095,6.31045,-24.9007755,14.37555,3.17379,14.3509245,-3.42555,1.50805
42,3.1730545,-0.96365,94.6773,3.1730545,-0.96365,94.6773,-12.2470855,-3.10795,136.462,25.4620245,4.53095,134.555,-14.0947655,-6.29355,86.7508,19.2860245,-0.96035,83.3858,-15.9388455,2.51765,50.6517,13.4569245,-2.53605,45.5915,-17.0202755,7.19085,9.41352,9.0058245,-11.60105,6.3146,-24.9716755,14.93485,3.20882,14.3468245,-3.67265,1.51542
42.5,3.1443045,-0.97425,94.6424,3.1443045,-0.97425,94.6424,-12.2860555,-3.11035,136.408,25.4458245,4.45095,134.527,-14.1247855,-6.25365,86.6969,19.2736245,-1.05285,83.3491,-15.9994355,2.72925,50.6401,13.4518245,-2.66525,45.5642,-17.1311755,7.63705,9.42372,8.9856245,-11.83135,6.31823,-25.0346755,15.48285,3.24275,14.3434245,-3.92055,1.52418
43,3.1135545,-0.98435,94.6073,3.1135545,-0.98435,94.6073,-12.3293455,-3.10925,136.353,25.4275245,4.36955,134.499,-14.1587855,-6.20875,86.6432,19.2592245,-1.14335,83.3129,-16.0590955,2.93925,50.6285,13.4438245,-2.79335,45.5366,-17.2269755,8.06415,9.43205,8.9650245,-12.06335,6.32293,-25.0904755,15.99795,3.27536,14.3410245,-4.16985,1.53377
43.5,3.0802645,-0.99375,94.5719,3.0802645,-0.99375,94.5719,-12.3757555,-3.10525,136.298,25.4068245,4.28675,134.47,-14.1990855,-6.15815,86.5891,19.2416245,-1.23295,83.277,-16.1186455,3.14715,50.6163,13.4339245,-2.91995,45.5093,-17.3126755,8.47475,9.43752,8.9422245,-12.29705,6.32815,-25.1373755,16.49135,3.30609,14.3393245,-4.42035,1.54417
44,3.0453845,-1.00255,94.5363,3.0453845,-1.00255,94.5363,-12.4251655,-3.09895,136.243,25.3839245,4.20285,134.441,-14.2419855,-6.10395,86.5344,19.2225245,-1.32005,83.2417,-16.1781855,3.35455,50.6034,13.4230245,-3.04535,45.4825,-17.3900755,8.87445,9.44287,8.9193245,-12.53125,6.3329,-25.1781755,16.96645,3.33465,14.3373245,-4.67125,1.5547
44.5,3.0080545,-1.01105,94.4999,3.0080545,-1.01105,94.4999,-12.4795855,-3.08865,136.187,25.3579245,4.11605,134.411,-14.2898055,-6.04425,86.4788,19.2009245,-1.40535,83.2066,-16.2356155,3.55665,50.588,13.4107245,-3.16885,45.456,-17.4541755,9.25135,9.44329,8.8958245,-12.76705,6.33918,-25.2096755,17.41155,3.35757,14.3355245,-4.92315,1.56594
45,2.9689345,-1.01905,94.4627,2.9689345,-1.01905,94.4627,-12.5369655,-3.07555,136.131,25.3300245,4.02735,134.38,-14.3424455,-5.97975,86.4216,19.1775245,-1.48865,83.1714,-16.2927655,3.75485,50.5705,13.3987245,-3.28965,45.4299,-17.5105755,9.61435,9.43984,8.8717245,-13.00495,6.34565,-25.2314755,17.84145,3.37675,14.3326245,-5.17635,1.57637
45.5,2.9276045,-1.02645,94.4253,2.9276045,-1.02645,94.4253,-12.5983055,-3.05925,136.074,25.2983245,3.93635,134.349,-14.3984155,-5.91125,86.3641,19.1517245,-1.56915,83.1369,-16.3480955,3.95005,50.5511,13.3859245,-3.40895,45.4046,-17.5574755,9.96135,9.43456,8.8483245,-13.24245,6.35221,-25.2471755,18.24925,3.39096,14.3302245,-5.42845,1.58698
46,2.8840245,-1.03375,94.3861,2.8840245,-1.03375,94.3861,-12.6642155,-3.03835,136.017,25.2631245,3.84155,134.316,-14.4584455,-5.83765,86.3038,19.1238245,-1.64685,83.102,-16.4013055,4.13755,50.5265,13.3724245,-3.52535,45.3789,-17.5949755,10.28645,9.42248,8.8250245,-13.48165,6.35975,-25.2511755,18.63435,3.3961,14.3257245,-5.68145,1.59622
46.5,2.8387245,-1.04065,94.3462,2.8387245,-1.04065,94.3462,-12.7334455,-3.01485,135.959,25.2249245,3.74425,134.283,-14.5215955,-5.76065,86.2423,19.0939245,-1.72175,83.0672,-16.4528355,4.32055,50.4993,13.3594245,-3.63915,45.3536,-17.6257755,10.59875,9.40666,8.8025245,-13.72125,6.36777,-25.2462755,19.00545,3.39635,14.3198245,-5.93425,1.60435
47,2.7911645,-1.04715,94.3053,2.7911645,-1.04715,94.3053,-12.8068655,-2.98735,135.9,25.1827245,3.64425,134.249,-14.5874755,-5.68005,86.1798,19.0622245,-1.79325,83.0323,-16.5025355,4.49855,50.4687,13.3445245,-3.75235,45.3285,-17.6493755,10.89385,9.38771,8.7802245,-13.96045,6.37522,-25.2332755,19.35775,3.38858,14.3145245,-6.18575,1.61227
47.5,2.7411845,-1.05335,94.2626,2.7411845,-1.05335,94.2626,-12.8840655,-2.95485,135.841,25.1353245,3.53995,134.214,-14.6567655,-5.59545,86.1143,19.0277245,-1.86095,82.997,-16.5489855,4.66735,50.4323,13.3290245,-3.86145,45.302,-17.6674755,11.16885,9.36211,8.7597245,-14.19975,6.38364,-25.2084755,19.69145,3.37003,14.3062245,-6.43665,1.61783
48,2.6899645,-1.05915,94.2188,2.6899645,-1.05915,94.2188,-12.9646255,-2.91975,135.781,25.0855245,3.43345,134.178,-14.7271655,-5.50815,86.0477,18.9922245,-1.92475,82.9616,-16.5938155,4.83145,50.3923,13.3129245,-3.96945,45.2758,-17.6797755,11.42985,9.33187,8.7402245,-14.43815,6.39232,-25.1750755,20.01015,3.34429,14.2986245,-6.68685,1.62328
48.5,2.6357845,-1.06455,94.1737,2.6357845,-1.06455,94.1737,-13.0498555,-2.88005,135.719,25.0297245,3.32395,134.141,-14.7998255,-5.41755,85.9798,18.9542245,-1.98415,82.9257,-16.6361455,4.98785,50.348,13.2927245,-4.07575,45.2481,-17.6877755,11.67165,9.29752,8.7214245,-14.67665,6.40071,-25.1319755,20.30995,3.30835,14.2905245,-6.93645,1.628
49,2.5799545,-1.06965,94.1271,2.5799545,-1.06965,94.1271,-13.1374955,-2.83645,135.657,24.9697245,3.21185,134.103,-14.8737855,-5.32445,85.9101,18.9142245,-2.03955,82.8893,-16.6755255,5.13645,50.2989,13.2713245,-4.17925,45.2195,-17.6941755,11.89665,9.25826,8.7049245,-14.91425,6.41015,-25.0806755,20.59335,3.26294,14.2819245,-7.18525,1.63227
49.5,2.5230245,-1.07425,94.0791,2.5230245,-1.07425,94.0791,-13.2284555,-2.79045,135.594,24.9073245,3.09825,134.064,-14.9477655,-5.22895,85.839,18.8740245,-2.09025,82.8526,-16.7135655,5.27905,50.2454,13.2477245,-4.28175,45.1898,-17.6958755,12.10615,9.213,8.6880245,-15.15055,6.41913,-25.0216755,20.86035,3.20922,14.2738245,-7.43395,1.63648
50,2.4626745,-1.07825,94.0296,2.4626745,-1.07825,94.0296,-13.3241055,-2.73865,135.529,24.8372245,2.98245,134.024,-15.0233955,-5.13015,85.767,18.8298245,-2.13555,82.8154,-16.7477755,5.41085,50.1866,13.2192245,-4.38075,45.1584,-17.6951755,12.29005,9.16195,8.6736245,-15.38695,6.4293,-24.9535755,21.09985,3.14355,14.2669245,-7.68235,1.64191
50.5,2.4015445,-1.08195,93.9785,2.4015445,-1.08195,93.9785,-13.4218355,-2.68465,135.463,24.7653245,2.86565,133.983,-15.0991055,-5.02885,85.6933,18.7852245,-2.17615,82.7774,-16.7798755,5.53575,50.1232,13.1894245,-4.47835,45.1262,-17.6929755,12.45805,9.10534,8.6591245,-15.62235,6.43934,-24.8808755,21.32215,3.07124,14.2602245,-7.93105,1.64731
51,2.3389445,-1.08495,93.926,2.3389445,-1.08495,93.926,-13.5226155,-2.62765,135.396,24.6894245,2.74855,133.942,-15.1744855,-4.92525,85.6181,18.7398245,-2.21195,82.7393,-16.8099755,5.65255,50.0548,13.1564245,-4.57285,45.0926,-17.6865755,12.60605,9.04164,8.6448245,-15.85735,6.45016,-24.8039755,21.52015,2.99163,14.2549245,-8.18055,1.65426
51.5,2.2739145,-1.08745,93.8722,2.2739145,-1.08745,93.8722,-13.6277355,-2.56615,135.327,24.6086245,2.63075,133.9,-15.2508055,-4.81845,85.5424,18.6911245,-2.24265,82.7006,-16.8364755,5.75865,49.981,13.1214245,-4.66425,45.0587,-17.6783755,12.72865,8.97068,8.6323245,-16.09175,6.46179,-24.7228755,21.68945,2.90429,14.2508245,-8.43015,1.66272
52,2.2079045,-1.08935,93.8163,2.2079045,-1.08935,93.8163,-13.7350755,-2.50275,135.257,24.5250245,2.51305,133.857,-15.3278855,-4.70835,85.4638,18.6420245,-2.26765,82.6607,-16.8592755,5.85485,49.9008,13.0847245,-4.75235,45.0234,-17.6654755,12.83075,8.89173,8.6185245,-16.32655,6.47344,-24.6392755,21.83345,2.81208,14.2463245,-8.68155,1.67151
52.5,2.1405345,-1.09065,93.7587,2.1405345,-1.09065,93.7587,-13.8455755,-2.43575,135.185,24.4378245,2.39615,133.813,-15.4044655,-4.59485,85.3834,18.5918245,-2.28785,82.6206,-16.8796755,5.94125,49.8139,13.0459245,-4.83695,44.9877,-17.6469755,12.90675,8.80354,8.6051245,-16.56105,6.48603,-24.5571755,21.94315,2.71656,14.2435245,-8.93365,1.68205
53,2.0710645,-1.09115,93.6995,2.0710645,-1.09115,93.6995,-13.9604455,-2.36525,135.111,24.3466245,2.27945,133.769,-15.4828655,-4.47795,85.3014,18.5379245,-2.30305,82.5796,-16.8949755,6.01635,49.7212,13.0080245,-4.91775,44.952,-17.6231755,12.96005,8.70641,8.5914245,-16.79575,6.49883,-24.4726755,22.02655,2.6184,14.2404245,-9.18685,1.69296
53.5,2.0007445,-1.09125,93.6376,2.0007445,-1.09125,93.6376,-14.0773955,-2.29255,135.035,24.2524245,2.16355,133.723,-15.5624955,-4.35675,85.2152,18.4839245,-2.31305,82.5371,-16.9054755,6.07985,49.6199,12.9694245,-4.99425,44.9152,-17.5915755,12.98835,8.59988,8.5766245,-17.03125,6.51142,-24.3923755,22.07415,2.52077,14.2373245,-9.44105,1.70469
54,1.9286745,-1.09055,93.574,1.9286745,-1.09055,93.574,-14.1977355,-2.21655,134.958,24.1542245,2.04865,133.678,-15.6435855,-4.23165,85.1266,18.4271245,-2.31805,82.4938,-16.9121755,6.13215,49.511,12.9315245,-5.06775,44.8784,-17.5510755,12.99155,8.48275,8.5611245,-17.26675,6.5242,-24.3149755,22.08905,2.42491,14.2339245,-9.69555,1.71602
54.5,1.8544845,-1.08885,93.5081,1.8544845,-1.08885,93.5081,-14.3225855,-2.13655,134.879,24.0513245,1.93485,133.631,-15.7273455,-4.10245,85.0348,18.3665245,-2.31785,82.4487,-16.9111755,6.17095,49.3944,12.8958245,-5.13575,44.8414,-17.5018755,12.97275,8.35621,8.5450245,-17.50295,6.53706,-24.2385755,22.07585,2.33185,14.2293245,-9.95075,1.72647
55,1.7791345,-1.08675,93.4393,1.7791345,-1.08675,93.4393,-14.4499755,-2.05455,134.797,23.9450245,1.82135,133.584,-15.8135855,-3.96865,84.9385,18.3051245,-2.31345,82.4017,-16.9052755,6.19885,49.2694,12.8607245,-5.20025,44.8034,-17.4414755,12.93165,8.22095,8.5284245,-17.74055,6.54899,-24.1686755,22.02895,2.24492,14.2233245,-10.20675,1.73544
55.5,1.7015245,-1.08375,93.3682,1.7015245,-1.08375,93.3682,-14.5811355,-1.96915,134.714,23.8333245,1.70935,133.536,-15.9024655,-3.83085,84.8387,18.2398245,-2.30345,82.3529,-16.8929755,6.21325,49.136,12.8267245,-5.26115,44.7641,-17.3701755,12.86845,8.07573,8.5112245,-17.97895,6.56115,-24.1029755,21.95195,2.16429,14.2170245,-10.46255,1.74337
56,1.6213545,-1.07945,93.2943,1.6213545,-1.07945,93.2943,-14.7165655,-1.87925,134.628,23.7157245,1.59865,133.487,-15.9954755,-3.68855,84.7352,18.1701245,-2.28895,82.301,-16.8727755,6.21435,48.9952,12.7954245,-5.31665,44.7235,-17.2877755,12.78765,7.92403,8.4932245,-18.21795,6.5721,-24.0402755,21.84985,2.09239,14.2079245,-10.71755,1.74752
56.5,1.5394945,-1.07465,93.2183,1.5394945,-1.07465,93.2183,-14.8546955,-1.78755,134.54,23.5936245,1.48835,133.437,-16.0911955,-3.54245,84.6284,18.0982245,-2.27095,82.2472,-16.8471755,6.20525,48.8481,12.7642245,-5.36965,44.6815,-17.1952755,12.69185,7.76628,8.4763245,-18.45885,6.58302,-23.9819755,21.72475,2.02758,14.1992245,-10.97325,1.75056
57,1.4544045,-1.06845,93.1395,1.4544045,-1.06845,93.1395,-14.9976755,-1.69135,134.449,23.4644245,1.38045,133.386,-16.1910455,-3.39305,84.5188,18.0220245,-2.24715,82.19,-16.8142755,6.18085,48.6944,12.7324245,-5.41845,44.636,-17.0927755,12.58145,7.6046,8.4601245,-18.70095,6.59412,-23.9292755,21.57725,1.97535,14.1893245,-11.22835,1.75071
57.5,1.3666745,-1.06095,93.0593,1.3666745,-1.06095,93.0593,-15.1436255,-1.59185,134.356,23.3290245,1.27365,133.335,-16.2945555,-3.24015,84.408,17.9411245,-2.22045,82.1298,-16.7765755,6.14735,48.5379,12.7027245,-5.46175,44.5887,-16.9819755,12.46115,7.44083,8.4437245,-18.94365,6.6049,-23.8779755,21.41465,1.93066,14.1781245,-11.48255,1.74727
58,1.2763545,-1.05255,92.9774,1.2763545,-1.05255,92.9774,-15.2935355,-1.48935,134.261,23.1876245,1.16875,133.283,-16.4007655,-3.08475,84.2954,17.8572245,-2.18965,82.0674,-16.7330455,6.10095,48.3774,12.6708245,-5.50225,44.5385,-16.8650755,12.33075,7.27618,8.4311245,-19.18815,6.617,-23.8313755,21.23595,1.8956,14.1687245,-11.73715,1.74297
58.5,1.1817245,-1.04195,92.8943,1.1817245,-1.04195,92.8943,-15.4484055,-1.38215,134.164,23.0377245,1.06795,133.23,-16.5118055,-2.92765,84.1847,17.7677245,-2.15465,82.0007,-16.6850355,6.04105,48.2177,12.6364245,-5.53645,44.483,-16.7439655,12.19805,7.11749,8.4208245,-19.43395,6.63127,-23.7875755,21.05075,1.87428,14.1592245,-11.99185,1.73636
59,1.0853545,-1.03045,92.8112,1.0853545,-1.03045,92.8112,-15.6045255,-1.27305,134.066,22.8832245,0.96825,133.178,-16.6241455,-2.76885,84.0743,17.6749245,-2.11755,81.933,-16.6352855,5.97565,48.0578,12.6023245,-5.56645,44.427,-16.6190055,12.05785,6.95832,8.4116245,-19.67995,6.64667,-23.7447755,20.85465,1.85634,14.1494245,-12.24595,1.72707
59.5,0.9847645,-1.01695,92.7289,0.9847645,-1.01695,92.7289,-15.7659955,-1.15915,133.967,22.7214245,0.87485,133.126,-16.7397555,-2.61055,83.969,17.5776245,-2.07705,81.8626,-16.5840455,5.89485,47.9035,12.5628245,-5.58985,44.3661,-16.4971855,11.91605,6.81059,8.4089245,-19.92715,6.6673,-23.7058755,20.65475,1.8507,14.1434245,-12.50085,1.71871
60,0.8806145,-1.00155,92.6479,0.8806145,-1.00155,92.6479,-15.9309755,-1.04205,133.866,22.5530245,0.78475,133.075,-16.8579755,-2.45235,83.8693,17.4761245,-2.03445,81.7902,-16.5333555,5.80605,47.7552,12.5217245,-5.60485,44.3019,-16.3795755,11.77675,6.67172,8.4083245,-20.17405,6.69245,-23.6686755,20.45805,1.85077,14.1382245,-12.75665,1.71063
60.5,0.7747545,-0.98505,92.5688,0.7747545,-0.98505,92.5688,-16.0969955,-0.92265,133.767,22.3813245,0.69905,133.026,-16.9764755,-2.29505,83.7734,17.3718245,-1.99045,81.718,-16.4840455,5.71015,47.6116,12.4781245,-5.61595,44.2371,-16.2639155,11.63145,6.53847,8.4117245,-20.42055,6.72145,-23.6330755,20.25295,1.85511,14.1336245,-13.01215,1.70113
61,0.6642845,-0.96575,92.4951,0.6642845,-0.96575,92.4951,-16.2675155,-0.79835,133.668,22.2034245,0.62215,132.98,-17.0974755,-2.14195,83.6909,17.2625245,-1.94475,81.6458,-16.4411355,5.60095,47.4843,12.4304245,-5.61225,44.1695,-16.1633055,11.48955,6.4251,8.4204245,-20.66545,6.76158,-23.6010755,20.05525,1.8658,14.1330245,-13.26895,1.69623
61.5,0.5521745,-0.94555,92.4228,0.5521745,-0.94555,92.4228,-16.4394355,-0.67275,133.57,22.0225245,0.54765,132.936,-17.2190755,-1.98975,83.6123,17.1513245,-1.89825,81.5736,-16.3998655,5.48785,47.361,12.3825245,-5.60375,44.101,-16.0678455,11.34745,6.31728,8.4311245,-20.90865,6.80496,-23.5703755,19.85855,1.87783,14.1317245,-13.52575,1.69103
62,0.4376945,-0.92365,92.3578,0.4376945,-0.92365,92.3578,-16.6128555,-0.54355,133.476,21.8399245,0.48275,132.898,-17.3404755,-1.84355,83.5466,17.0371245,-1.85215,81.505,-16.3683255,5.36515,47.254,12.3312245,-5.58385,44.0339,-15.9850055,11.19925,6.22449,8.4463245,-21.14885,6.85996,-23.5426755,19.65865,1.89241,14.1327245,-13.78335,1.68947
62.5,0.3201245,-0.89945,92.3004,0.3201245,-0.89945,92.3004,-16.7878755,-0.41125,133.385,21.6549245,0.42605,132.865,-17.4632755,-1.70365,83.4959,16.9194245,-1.80575,81.4397,-16.3477055,5.23315,47.1644,12.2802245,-5.54615,43.9676,-15.9215155,11.05155,6.14989,8.4641245,-21.38455,6.92816,-23.5200755,19.46515,1.90685,14.1336245,-14.04105,1.69236
63,0.2019145,-0.87485,92.2462,0.2019145,-0.87485,92.2462,-16.9634755,-0.27805,133.297,21.4694245,0.37335,132.836,-17.5854755,-1.56685,83.4499,16.8008245,-1.75995,81.3769,-16.3300555,5.09695,47.0803,12.2294245,-5.50445,43.9026,-15.8646155,10.90025,6.08084,8.4833245,-21.61725,7.00108,-23.4988755,19.27105,1.92112,14.1345245,-14.29845,1.69696
63.5,0.0813345,-0.84835,92.2031,0.0813345,-0.84835,92.2031,-17.1397755,-0.14125,133.217,21.2842245,0.33165,132.817,-17.7082755,-1.44025,83.4219,16.6796245,-1.71545,81.3212,-16.3293455,4.95165,47.0178,12.1806245,-5.44125,43.8417,-15.8266155,10.73935,6.02902,8.5039245,-21.84205,7.09162,-23.4831755,19.07395,1.93354,14.1338245,-14.55535,1.70657
64,-0.0398955,-0.82095,92.1657,-0.0398955,-0.82095,92.1657,-17.3154755,-0.00405,133.14,21.1009245,0.29565,132.802,-17.8315755,-1.31915,83.4031,16.5570245,-1.67115,81.2696,-16.3367555,4.80145,46.9659,12.1335245,-5.36735,43.7835,-15.8004355,10.57495,5.98687,8.5243245,-22.06235,7.19115,-23.4705755,18.87735,1.944,14.1322245,-14.81105,1.71993
64.5,-0.1617555,-0.79325,92.1365,-0.1617555,-0.79325,92.1365,-17.4906755,0.13465,133.071,20.9177245,0.26665,132.797,-17.9541755,-1.20665,83.3939,16.4337245,-1.62965,81.2255,-16.3520655,4.64505,46.925,12.0908245,-5.27945,43.7303,-15.7850455,10.40215,5.95301,8.5437245,-22.27605,7.30315,-23.4622755,18.67895,1.95244,14.1286245,-15.06635,1.73799
65,-0.2843055,-0.76455,92.1174,-0.2843055,-0.76455,92.1174,-17.6646755,0.27455,133.01,20.7388245,0.24675,132.801,-18.0782755,-1.10525,83.399,16.3092245,-1.58915,81.1895,-16.3843155,4.48165,46.9005,12.0537245,-5.17095,43.6824,-15.7850355,10.21565,5.93044,8.5624245,-22.47895,7.43226,-23.4596755,18.47315,1.95682,14.1217245,-15.31855,1.75968
65.5,-0.4066755,-0.73595,92.1037,-0.4066755,-0.73595,92.1037,-17.8377755,0.41395,132.954,20.5615245,0.23115,132.81,-18.2023755,-1.01015,83.4094,16.1844245,-1.54995,81.1588,-16.4208755,4.31365,46.8822,12.0202245,-5.05115,43.638,-15.7900855,10.02335,5.91199,8.5791245,-22.67795,7.57097,-23.4594755,18.26445,1.95964,14.1132245,-15.57035,1.78591
66,-0.5289255,-0.70705,92.0994,-0.5289255,-0.70705,92.0994,-18.0085755,0.55325,132.908,20.3871245,0.22315,132.829,-18.3274755,-0.92725,83.4299,16.0591245,-1.51315,81.1374,-16.4693955,4.14225,46.8755,11.9947245,-4.91195,43.5999,-15.8044155,9.81955,5.90071,8.5931245,-22.86645,7.72532,-23.4635755,18.05105,1.95919,14.1022245,-15.81925,1.8172
66.5,-0.6507955,-0.67825,92.1015,-0.6507955,-0.67825,92.1015,-18.1785755,0.69175,132.868,20.2164245,0.22055,132.855,-18.4529755,-0.85265,83.4571,15.9338245,-1.47705,81.1222,-16.5261155,3.96465,46.876,11.9744245,-4.75755,43.5662,-15.8244355,9.60445,5.89292,8.6066245,-23.04615,7.89364,-23.4711755,17.83025,1.95629,14.0898245,-16.06595,1.85265
67,-0.7722055,-0.64965,92.1092,-0.7722055,-0.64965,92.1092,-18.3473755,0.82945,132.834,20.0462245,0.22185,132.887,-18.5794755,-0.78735,83.4878,15.8089245,-1.44315,81.1131,-16.5864755,3.78295,46.8808,11.9617245,-4.58485,43.5353,-15.8458055,9.38285,5.88729,8.6186245,-23.21975,8.07497,-23.4807755,17.60475,1.95205,14.0748245,-16.31105,1.8919
67.5,-0.8923655,-0.62135,92.1242,-0.8923655,-0.62135,92.1242,-18.5132755,0.96435,132.81,19.8807245,0.22985,132.927,-18.7071755,-0.73415,83.5239,15.6837245,-1.41055,81.1125,-16.6554755,3.60035,46.8921,11.9579245,-4.39345,43.5115,-15.8700355,9.15035,5.88396,8.6298245,-23.38145,8.27324,-23.4927755,17.37325,1.94597,14.0615245,-16.55295,1.9392
68,-1.0117355,-0.59375,92.1425,-1.0117355,-0.59375,92.1425,-18.6789755,1.09765,132.79,19.7154245,0.24005,132.969,-18.8345755,-0.68855,83.5612,15.5595245,-1.37945,81.1154,-16.7257555,3.41115,46.9048,11.9609245,-4.18705,43.4893,-15.8940055,8.91145,5.88084,8.6440245,-23.53425,8.48454,-23.5060755,17.13655,1.93899,14.0469245,-16.79195,1.98938
68.5,-1.1301255,-0.56585,92.1657,-1.1301255,-0.56585,92.1657,-18.8434755,1.22865,132.777,19.5514245,0.25505,133.017,-18.9633755,-0.65375,83.6004,15.4360245,-1.34995,81.1244,-16.7997755,3.22075,46.9203,11.9735245,-3.95605,43.4703,-15.9161755,8.66725,5.87801,8.6603245,-23.67665,8.71361,-23.5203755,16.89575,1.93132,14.0352245,-17.02805,2.04731
69,-1.2469855,-0.53845,92.1919,-1.2469855,-0.53845,92.1919,-19.0067755,1.35645,132.768,19.3899245,0.27365,133.067,-19.0921755,-0.62715,83.6396,15.3127245,-1.32165,81.1375,-16.8743755,3.02985,46.9365,11.9927245,-3.71145,43.4556,-15.9359855,8.41885,5.87448,8.6814245,-23.81135,8.95638,-23.5345755,16.65175,1.92411,14.0262245,-17.26225,2.11231
69.5,-1.3629255,-0.51135,92.2198,-1.3629255,-0.51135,92.2198,-19.1703755,1.48225,132.763,19.2267245,0.29345,133.118,-19.2202755,-0.60885,83.6781,15.1906245,-1.29515,81.1523,-16.9494755,2.83425,46.9526,12.0225245,-3.44665,43.4414,-15.9540755,8.16775,5.8707,8.7101245,-23.93155,9.21471,-23.5487755,16.40555,1.9166,14.0192245,-17.49035,2.18158
70,-1.4768455,-0.48375,92.2502,-1.4768455,-0.48375,92.2502,-19.3331755,1.60435,132.762,19.0634245,0.31795,133.169,-19.3483755,-0.60015,83.7148,15.0694245,-1.27075,81.1709,-17.0219755,2.63775,46.9676,12.0647245,-3.15635,43.4315,-15.9677855,7.91615,5.86546,8.7491245,-24.03755,9.49473,-23.5625755,16.15795,1.91024,14.0194245,-17.71365,2.26431
70.5,-1.5893755,-0.45615,92.28,-1.5893755,-0.45615,92.28,-19.4963755,1.72415,132.762,18.9010245,0.34405,133.218,-19.4754755,-0.59645,83.7495,14.9497245,-1.24715,81.1892,-17.0937755,2.44265,46.9823,12.1130245,-2.85605,43.4225,-15.9786055,7.66565,5.85947,8.7970245,-24.13645,9.78329,-23.5745755,15.91045,1.90466,14.0228245,-17.93405,2.35195
71,-1.7003955,-0.42825,92.3102,-1.7003955,-0.42825,92.3102,-19.6601755,1.84175,132.764,18.7358245,0.37165,133.264,-19.6011755,-0.60065,83.782,14.8305245,-1.22705,81.2079,-17.1634755,2.24415,46.995,12.1778245,-2.53035,43.4159,-15.9887455,7.41625,5.85353,8.8591245,-24.21185,10.0934,-23.5861755,15.66435,1.89979,14.0324245,-18.14285,2.4514
71.5,-1.8088055,-0.39945,92.3402,-1.8088055,-0.39945,92.3402,-19.8234755,1.95615,132.766,18.5699245,0.40275,133.307,-19.7252755,-0.61185,83.8114,14.7133245,-1.20865,81.2265,-17.2285755,2.04475,47.0061,12.2563245,-2.18285,43.4123,-15.9949955,7.16945,5.84617,8.9367245,-24.27135,10.4221,-23.5962755,15.41895,1.89633,14.0479245,-18.34415,2.56275
72,-1.9163455,-0.37045,92.3686,-1.9163455,-0.37045,92.3686,-19.9881755,2.06915,132.767,18.4032245,0.43445,133.345,-19.8481755,-0.62575,83.8388,14.5972245,-1.19225,81.2433,-17.2936755,1.84725,47.0165,12.3422245,-1.82705,43.4097,-16.0002055,6.92505,5.83826,9.0237245,-24.32025,10.7583,-23.6051755,15.17525,1.89355,14.0674245,-18.53965,2.68077
72.5,-2.0208255,-0.34015,92.3953,-2.0208255,-0.34015,92.3953,-20.1525755,2.18035,132.766,18.2347245,0.46785,133.377,-19.9682755,-0.64595,83.8635,14.4829245,-1.18015,81.2576,-17.3551755,1.64825,47.0247,12.4516245,-1.44665,43.412,-16.0073255,6.68525,5.83182,9.1303245,-24.33745,11.1169,-23.6130755,14.93535,1.89171,14.0938245,-18.71555,2.81831
73,-2.1231255,-0.30885,92.4206,-2.1231255,-0.30885,92.4206,-20.3165755,2.28985,132.763,18.0660245,0.50385,133.404,-20.0865755,-0.67015,83.8859,14.3706245,-1.17005,81.2699,-17.4154755,1.44975,47.0327,12.5736245,-1.05105,43.416,-16.0129755,6.44755,5.82435,9.2492245,-24.33775,11.4883,-23.6201755,14.69695,1.89034,14.1237245,-18.88185,2.96524
73.5,-2.2236955,-0.27725,92.4434,-2.2236955,-0.27725,92.4434,-20.4810755,2.39835,132.757,17.8965245,0.53965,133.424,-20.2026755,-0.69565,83.9065,14.2599245,-1.16295,81.2791,-17.4746755,1.25215,47.0398,12.7083245,-0.64895,43.4238,-16.0199655,6.21305,5.81749,9.3793245,-24.32065,11.8672,-23.6265755,14.46105,1.88948,14.1577245,-19.03455,3.12443
74,-2.3207655,-0.24385,92.4628,-2.3207655,-0.24385,92.4628,-20.6444755,2.50585,132.744,17.7270245,0.57745,133.435,-20.3161755,-0.72585,83.9246,14.1523245,-1.16065,81.2832,-17.5341755,1.05565,47.0457,12.8691245,-0.22805,43.4368,-16.0300155,5.98195,5.81169,9.5239245,-24.26695,12.2641,-23.6318755,14.22885,1.88894,14.1957245,-19.16195,3.30593
74.5,-2.4161055,-0.20995,92.481,-2.4161055,-0.20995,92.481,-20.8060755,2.61255,132.729,17.5581245,0.61605,133.443,-20.4285755,-0.75715,83.9419,14.0458245,-1.16035,81.2853,-17.5943755,0.85925,47.0519,13.0391245,0.19995,43.4516,-16.0406355,5.75165,5.80599,9.6746245,-24.19925,12.6678,-23.6367755,13.99725,1.88824,14.2355245,-19.27985,3.49638
75,-2.5082355,-0.17565,92.4958,-2.5082355,-0.17565,92.4958,-20.9662755,2.71845,132.707,17.3914245,0.65405,133.443,-20.5378755,-0.78955,83.9582,13.9431245,-1.16325,81.2828,-17.6558755,0.66505,47.0584,13.2262245,0.62905,43.4738,-16.0541155,5.52285,5.80119,9.8320245,-24.10505,13.0741,-23.6421755,13.76755,1.88735,14.2772245,-19.37105,3.70219
75.5,-2.5978555,-0.14005,92.507,-2.5978555,-0.14005,92.507,-21.1240755,2.82365,132.678,17.2258245,0.69385,133.436,-20.6465755,-0.82395,83.9728,13.8428245,-1.17045,81.2747,-17.7207755,0.47335,47.0646,13.4328245,1.06805,43.4999,-16.0705955,5.29635,5.79742,9.9930245,-23.98205,13.4908,-23.6461755,13.54035,1.88586,14.3216245,-19.44045,3.92997
76,-2.6845955,-0.10465,92.5171,-2.6845955,-0.10465,92.5171,-21.2777755,2.92785,132.646,17.0639245,0.73275,133.425,-20.7532755,-0.85915,83.9873,13.7450245,-1.17915,81.265,-17.7876755,0.28215,47.0714,13.6469245,1.50645,43.5304,-16.0875055,5.06855,5.79366,10.1559245,-23.84255,13.9078,-23.6502755,13.31255,1.88408,14.3664245,-19.49365,4.16669
76.5,-2.7683255,-0.06905,92.5236,-2.7683255,-0.06905,92.5236,-21.4281755,3.03105,132.604,16.9064245,0.77095,133.408,-20.8583755,-0.89455,84.0015,13.6512245,-1.19105,81.2496,-17.8585755,0.09435,47.0793,13.8747245,1.94015,43.5695,-16.1068955,4.84085,5.79076,10.3122245,-23.67645,14.3206,-23.6547755,13.08545,1.88157,14.4118245,-19.51485,4.41902
77,-2.8494255,-0.03255,92.527,-2.8494255,-0.03255,92.527,-21.5742755,3.13355,132.557,16.7525245,0.81055,133.384,-20.9631755,-0.93055,84.0152,13.5600245,-1.20625,81.2293,-17.9348755,-0.08945,47.0875,14.1143245,2.37575,43.6133,-16.1283555,4.61455,5.78868,10.4681245,-23.48985,14.7366,-23.6583755,12.85995,1.87808,14.4602245,-19.51595,4.69115
77.5,-2.9275055,0.00265,92.5298,-2.9275055,0.00265,92.5298,-21.7139755,3.23365,132.506,16.6043245,0.84745,133.36,-21.0661755,-0.96805,84.0287,13.4720245,-1.22175,81.2079,-18.0124755,-0.27205,47.0963,14.3536245,2.80255,43.6637,-16.1480955,4.38595,5.786,10.6131245,-23.28555,15.1406,-23.6613755,12.63285,1.8746,14.5084245,-19.49185,4.96624
78,-3.0028655,0.03825,92.5294,-3.0028655,0.03825,92.5294,-21.8495755,3.33315,132.447,16.4622245,0.88465,133.331,-21.1683755,-1.00565,84.0429,13.3878245,-1.24005,81.1814,-18.0959755,-0.44955,47.107,14.5994245,3.22415,43.7228,-16.1695055,4.15755,5.78422,10.7501245,-23.06145,15.537,-23.6649755,12.40605,1.87,14.5578245,-19.43735,5.25406
78.5,-3.0751655,0.07355,92.5272,-3.0751655,0.07355,92.5272,-21.9785755,3.43065,132.383,16.3259245,0.92135,133.299,-21.2695755,-1.04385,84.0565,13.3063245,-1.25985,81.1518,-18.1823755,-0.62305,47.1177,14.8478245,3.63825,43.7893,-16.1902955,3.92995,5.78229,10.8790245,-22.82125,15.9245,-23.6683755,12.18045,1.86517,14.6102245,-19.35855,5.55151
79,-3.1442455,0.10765,92.5247,-3.1442455,0.10765,92.5247,-22.0996755,3.52485,132.318,16.1977245,0.95605,133.268,-21.3689755,-1.08415,84.0704,13.2288245,-1.28025,81.1216,-18.2696755,-0.79295,47.1292,15.0859245,4.04305,43.8635,-16.2082355,3.70115,5.77989,10.9922245,-22.56335,16.2913,-23.6699755,11.95325,1.86009,14.6644245,-19.24675,5.84736
79.5,-3.2105755,0.14185,92.5207,-3.2105755,0.14185,92.5207,-22.2152755,3.61865,132.247,16.0766245,0.99055,133.235,-21.4671755,-1.12515,84.0851,13.1538245,-1.30225,81.0883,-18.3606755,-0.95805,47.1422,15.3234245,4.43945,43.9491,-16.2261355,3.47235,5.77751,11.0978245,-22.28965,16.6434,-23.6733755,11.72635,1.85487,14.7198245,-19.10165,6.14454
80,-3.2739655,0.17525,92.5163,-3.2739655,0.17525,92.5163,-22.3235755,3.70865,132.176,15.9614245,1.02375,133.202,-21.5628755,-1.16745,84.0993,13.0816245,-1.32465,81.0544,-18.4497755,-1.11935,47.1552,15.5514245,4.82675,44.042,-16.2416255,3.24555,5.77514,11.1903245,-22.00005,16.9725,-23.6755755,11.50115,1.8497,14.7796245,-18.92505,6.43666
80.5,-3.3339755,0.20825,92.5121,-3.3339755,0.20825,92.5121,-22.4246755,3.79705,132.105,15.8551245,1.05645,133.171,-21.6565755,-1.21235,84.1138,13.0133245,-1.34795,81.0206,-18.5388755,-1.27565,47.1684,15.7678245,5.20665,44.1446,-16.2542355,3.01835,5.77205,11.2745245,-21.69355,17.2796,-23.6771755,11.27475,1.84495,14.8402245,-18.71155,6.72046
81,-3.3906055,0.24055,92.5084,-3.3906055,0.24055,92.5084,-22.5175755,3.88335,132.035,15.7569245,1.08775,133.141,-21.7468755,-1.25935,84.129,12.9468245,-1.37205,80.987,-18.6260755,-1.42765,47.1824,15.9727245,5.57475,44.2599,-16.2652455,2.79145,5.76898,11.3453245,-21.36665,17.5547,-23.6801755,11.04885,1.84099,14.9037245,-18.45185,6.98744
81.5,-3.4441055,0.27265,92.5056,-3.4441055,0.27265,92.5056,-22.6041755,3.96625,131.968,15.6653245,1.11875,133.113,-21.8334755,-1.30805,84.1439,12.8832245,-1.39705,80.9551,-18.7086755,-1.57585,47.1964,16.1637245,5.93785,44.3824,-16.2740955,2.56645,5.76579,11.4109245,-21.02235,17.8029,-23.6827755,10.82435,1.83723,14.9701245,-18.15615,7.23886
82,-3.4942555,0.30445,92.5035,-3.4942555,0.30445,92.5035,-22.6832755,4.04795,131.903,15.5808245,1.14895,133.088,-21.9168755,-1.35995,84.1589,12.8224245,-1.42265,80.9245,-18.7879755,-1.71995,47.2099,16.3414245,6.29165,44.5154,-16.2804755,2.34225,5.76268,11.4693245,-20.65545,18.0193,-23.6848755,10.59995,1.8348,15.0378245,-17.81235,7.46961
82.5,-3.5401255,0.33595,92.5036,-3.5401255,0.33595,92.5036,-22.7542755,4.12645,131.846,15.5057245,1.17845,133.067,-21.9938755,-1.41435,84.1741,12.7644245,-1.44935,80.8979,-18.8597755,-1.85995,47.2238,16.5019245,6.63685,44.6581,-16.2845455,2.11785,5.75937,11.5170245,-20.26125,18.1927,-23.6879755,10.37525,1.83318,15.1067245,-17.41495,7.66844
83,-3.5830355,0.36725,92.5049,-3.5830355,0.36725,92.5049,-22.8197755,4.20285,131.794,15.4364245,1.20775,133.048,-22.0670755,-1.47045,84.1889,12.7080245,-1.47695,80.8736,-18.9262755,-1.99805,47.2372,16.6518245,6.97625,44.8076,-16.2879355,1.89495,5.75686,11.5631245,-19.84795,18.3389,-23.6911755,10.15195,1.83248,15.1775245,-16.97965,7.84787
83.5,-3.6213655,0.39855,92.5081,-3.6213655,0.39855,92.5081,-22.8766755,4.27675,131.749,15.3747245,1.23675,133.033,-22.1329755,-1.53035,84.2039,12.6563245,-1.50545,80.8536,-18.9848755,-2.13205,47.2503,16.7838245,7.30585,44.9656,-16.2893355,1.67255,5.75508,11.6004245,-19.39905,18.4345,-23.6939755,9.92835,1.83316,15.2493245,-16.47875,7.98905
84,-3.6559455,0.42965,92.5135,-3.6559455,0.42965,92.5135,-22.9281755,4.34805,131.713,15.3207245,1.26575,133.022,-22.1931755,-1.59145,84.2185,12.6064245,-1.53535,80.8382,-19.0359755,-2.26405,47.2631,16.9045245,7.62905,45.1273,-16.2893955,1.44905,5.7539,11.6334245,-18.92595,18.4956,-23.6971755,9.70385,1.83483,15.3202245,-15.93615,8.10231
84.5,-3.6872555,0.46035,92.5202,-3.6872555,0.46035,92.5202,-22.9736755,4.41675,131.683,15.2720245,1.29395,133.013,-22.2473755,-1.65465,84.2327,12.5587245,-1.56605,80.8263,-19.0801755,-2.39585,47.2758,17.0134245,7.94415,45.2941,-16.2896855,1.22675,5.75432,11.6614245,-18.42745,18.5192,-23.7002755,9.48055,1.83728,15.3935245,-15.34805,8.18927
85,-3.7126955,0.49135,92.5291,-3.7126955,0.49135,92.5291,-23.0108755,4.48185,131.664,15.2326245,1.32335,133.008,-22.2916755,-1.72055,84.2466,12.5181245,-1.59755,80.8204,-19.1152755,-2.52425,47.2883,17.1052245,8.24945,45.4626,-16.2881855,1.00305,5.75571,11.6806245,-17.88835,18.4869,-23.7026755,9.25505,1.84111,15.4644245,-14.69415,8.23377
85.5,-3.7351555,0.52195,92.5396,-3.7351555,0.52195,92.5396,-23.0439755,4.54455,131.652,15.1990245,1.35265,133.005,-22.3312755,-1.78655,84.2603,12.4786245,-1.63045,80.8182,-19.1441755,-2.65285,47.3009,17.1905245,8.54775,45.6313,-16.2868455,0.77885,5.75909,11.6955245,-17.33185,18.4277,-23.7047755,9.02905,1.84537,15.5361245,-14.01195,8.25966
86,-3.7529155,0.55195,92.5512,-3.7529155,0.55195,92.5512,-23.0704755,4.60295,131.649,15.1721245,1.38165,133.005,-22.3616755,-1.85425,84.2731,12.4449245,-1.66365,80.8211,-19.1657755,-2.78145,47.3138,17.2628245,8.83655,45.7982,-16.2851455,0.55385,5.7637,11.7018245,-16.74325,18.3214,-23.7064755,8.80225,1.85046,15.6079245,-13.28115,8.25462
86.5,-3.7662355,0.58185,92.5641,-3.7662355,0.58185,92.5641,-23.0913755,4.65795,131.654,15.1522245,1.41215,133.007,-22.3838755,-1.92285,84.2857,12.4171245,-1.69735,80.8281,-19.1810755,-2.90895,47.3271,17.3235245,9.11615,45.9619,-16.2834355,0.32775,5.77073,11.6990245,-16.13015,18.1766,-23.7069755,8.57355,1.85613,15.6788245,-12.51275,8.2257
87,-3.7759355,0.61115,92.5781,-3.7759355,0.61115,92.5781,-23.1073755,4.70955,131.665,15.1382245,1.44265,133.01,-22.4001755,-1.99125,84.298,12.3928245,-1.73185,80.8387,-19.1911755,-3.03705,47.3412,17.3774245,9.38835,46.1222,-16.2812555,0.10105,5.77924,11.6893245,-15.49995,18.0025,-23.7067755,8.34375,1.86162,15.7499245,-11.71865,8.1798
87.5,-3.7802455,0.63975,92.5923,-3.7802455,0.63975,92.5923,-23.1170755,4.75575,131.684,15.1326245,1.47395,133.014,-22.4064755,-2.05995,84.3091,12.3765245,-1.76555,80.8533,-19.1948755,-3.16595,47.3561,17.4183245,9.65055,46.2739,-16.2785955,-0.12715,5.78897,11.6693245,-14.84605,17.7886,-23.7058755,8.11225,1.86765,15.8200245,-10.89335,8.11309
88,-3.7815755,0.66775,92.6073,-3.7815755,0.66775,92.6073,-23.1226755,4.79895,131.708,15.1309245,1.50605,133.02,-22.4063755,-2.12875,84.32,12.3651245,-1.79945,80.8707,-19.1950755,-3.29525,47.3716,17.4506245,9.90595,46.4214,-16.2766255,-0.35615,5.80064,11.6405245,-14.18135,17.5505,-23.7042755,7.87945,1.87384,15.8897245,-10.05145,8.03517
88.5,-3.7779255,0.69525,92.6219,-3.7779255,0.69525,92.6219,-23.1220755,4.83785,131.737,15.1372245,1.53895,133.026,-22.3990755,-2.19715,84.3305,12.3604245,-1.83245,80.8904,-19.1907755,-3.42505,47.3882,17.4750245,10.15365,46.5593,-16.2728055,-0.58595,5.81313,11.6035245,-13.50125,17.285,-23.7012755,7.64475,1.87912,15.9574245,-9.19085,7.945
89,-3.7702555,0.72215,92.6368,-3.7702555,0.72215,92.6368,-23.1164755,4.87215,131.771,15.1490245,1.57295,133.032,-22.3836755,-2.26505,84.3401,12.3628245,-1.86435,80.9124,-19.1817755,-3.55595,47.4058,17.4877245,10.39535,46.6894,-16.2695455,-0.81655,5.82629,11.5587245,-12.81355,16.9983,-23.6986755,7.40925,1.88469,16.0228245,-8.32215,7.84652
89.5,-3.7590555,0.74845,92.6517,-3.7590555,0.74845,92.6517,-23.1058755,4.90365,131.808,15.1656245,1.60755,133.04,-22.3617755,-2.33325,84.3493,12.3707245,-1.89575,80.9365,-19.1691755,-3.68725,47.4237,17.4915245,10.63105,46.8125,-16.2655655,-1.04815,5.83991,11.5059245,-12.11685,16.6905,-23.6955755,7.17215,1.89011,16.0859245,-7.44175,7.73918
90,-3.7436155,0.77465,92.6653,-3.7436155,0.77465,92.6653,-23.0897755,4.93165,131.847,15.1890245,1.64345,133.046,-22.3340755,-2.40135,84.358,12.3850245,-1.92465,80.9603,-19.1530755,-3.81925,47.4424,17.4875245,10.86225,46.9256,-16.2598155,-1.27975,5.85346,11.4488245,-11.41335,16.3697,-23.6917755,6.93425,1.89437,16.1437245,-6.55615,7.62595
90.5,-3.7247955,0.80045,92.6787,-3.7247955,0.80045,92.6787,-23.0680755,4.95655,131.888,15.2155245,1.67985,133.052,-22.2996755,-2.46935,84.3659,12.4055245,-1.95185,80.9857,-19.1323755,-3.95245,47.4615,17.4725245,11.08915,47.0311,-16.2540755,-1.51225,5.86614,11.3870245,-10.70315,16.0351,-23.6891755,6.69555,1.89894,16.1940245,-5.66485,7.50377
91,-3.7014055,0.82625,92.691,-3.7014055,0.82625,92.691,-23.0401755,4.97905,131.932,15.2492245,1.71755,133.059,-22.2586755,-2.53785,84.3732,12.4322245,-1.97695,81.0112,-19.1065755,-4.08565,47.4801,17.4476245,11.31145,47.127,-16.2470655,-1.74515,5.87848,11.3216245,-9.98295,15.6847,-23.6864755,6.45615,1.90302,16.2378245,-4.76385,7.37195
91.5,-3.6753655,0.85225,92.702,-3.6753655,0.85225,92.702,-23.0071755,4.99985,131.975,15.2858245,1.75575,133.064,-22.2138755,-2.60695,84.3802,12.4627245,-1.99925,81.0357,-19.0775755,-4.21945,47.4987,17.4158245,11.53055,47.215,-16.2384755,-1.97865,5.88972,11.2553245,-9.25445,15.3282,-23.6839755,6.21585,1.90639,16.2709245,-3.85585,7.22981
92,-3.6456355,0.87855,92.7114,-3.6456355,0.87855,92.7114,-22.9684755,5.01885,132.018,15.3268245,1.79455,133.07,-22.1631755,-2.67685,84.3861,12.4988245,-2.01875,81.0602,-19.0429755,-4.35365,47.5166,17.3737245,11.74495,47.2935,-16.2284155,-2.21295,5.89866,11.1885245,-8.51195,14.9599,-23.6825755,5.97535,1.91005,16.2910245,-2.93485,7.07285
92.5,-3.6121955,0.90565,92.7193,-3.6121955,0.90565,92.7193,-22.9226755,5.03645,132.063,15.3729245,1.83515,133.074,-22.1075755,-2.74745,84.3917,12.5387245,-2.03525,81.0834,-19.0029755,-4.48805,47.5335,17.3227245,11.95425,47.3623,-16.2177755,-2.44745,5.90748,11.1214245,-7.75415,14.5808,-23.6818755,5.73425,1.91332,16.2992245,-1.99935,6.90081
93,-3.5762955,0.93285,92.7243,-3.5762955,0.93285,92.7243,-22.8716755,5.05265,132.104,15.4225245,1.87525,133.077,-22.0486755,-2.81915,84.3967,12.5812245,-2.04745,81.1045,-18.9588755,-4.62305,47.5495,17.2632245,12.15625,47.4197,-16.2045955,-2.68295,5.91445,11.0539245,-6.97855,14.1923,-23.6809755,5.49255,1.91642,16.2902245,-1.04645,6.70849
93.5,-3.5362655,0.96135,92.7266,-3.5362655,0.96135,92.7266,-22.8126755,5.06755,132.145,15.4779245,1.91705,133.079,-21.9847755,-2.89185,84.4008,12.6283245,-2.05525,81.1233,-18.9082755,-4.75765,47.564,17.1922245,12.35005,47.4635,-16.1898055,-2.91935,5.91958,10.9881245,-6.17685,13.7898,-23.6807755,5.25025,1.91982,16.2614245,-0.06755,6.49022
94,-3.4942155,0.99035,92.727,-3.4942155,0.99035,92.727,-22.7495755,5.08105,132.186,15.5365245,1.95985,133.079,-21.9180755,-2.96435,84.4047,12.6771245,-2.06035,81.1407,-18.8540755,-4.89235,47.5779,17.1147245,12.53695,47.4983,-16.1747555,-3.15595,5.92495,10.9218245,-5.36115,13.3797,-23.6810755,5.00795,1.92332,16.2217245,0.92475,6.25807
94.5,-3.4491055,1.01975,92.7223,-3.4491055,1.01975,92.7223,-22.6789755,5.09195,132.221,15.6010245,2.00315,133.076,-21.8478755,-3.03775,84.4077,12.7282245,-2.05885,81.1537,-18.7950755,-5.02755,47.5902,17.0240245,12.70685,47.5128,-16.1560355,-3.39335,5.92877,10.8524245,-4.51595,12.9527,-23.6795755,4.76455,1.92711,16.1595245,1.94495,5.99464
95,-3.4005855,1.05015,92.7141,-3.4005855,1.05015,92.7141,-22.6003755,5.10055,132.256,15.6714245,2.04825,133.07,-21.7741755,-3.11085,84.4104,12.7823245,-2.05185,81.1632,-18.7313755,-5.16205,47.6019,16.9218245,12.86365,47.511,-16.1363755,-3.63155,5.9325,10.7818245,-3.64595,12.5111,-23.6781755,4.52025,1.931,16.0775245,2.98935,5.70373
95.5,-3.3503855,1.08065,92.7032,-3.3503855,1.08065,92.7032,-22.5187755,5.10615,132.287,15.7467245,2.09485,133.062,-21.6981755,-3.18265,84.4129,12.8379245,-2.04125,81.17,-18.6653755,-5.29615,47.6132,16.8109245,13.00955,47.4967,-16.1161555,-3.86965,5.93672,10.7082245,-2.76745,12.0643,-23.6760755,4.27635,1.93555,15.9857245,4.04005,5.40294
96,-3.2965355,1.11115,92.6852,-3.2965355,1.11115,92.6852,-22.4267755,5.10595,132.312,15.8314245,2.14355,133.049,-21.6192755,-3.25245,84.4148,12.8961245,-2.02165,81.1697,-18.5955755,-5.42985,47.6241,16.6806245,13.12805,47.4529,-16.0930055,-4.10775,5.94169,10.6254245,-1.86575,11.5971,-23.6711755,4.03095,1.94041,15.8717245,5.10845,5.06899
96.5,-3.2408455,1.14175,92.6648,-3.2408455,1.14175,92.6648,-22.3309755,5.10295,132.335,15.9211245,2.19365,133.033,-21.5385755,-3.32075,84.4165,12.9564245,-1.99795,81.1665,-18.5243755,-5.56225,47.6354,16.5412245,13.23555,47.3971,-16.0692055,-4.34595,5.947,10.5394245,-0.96005,11.1249,-23.6655755,3.78545,1.94548,15.7485245,6.17815,4.7248
97,-3.1826555,1.17175,92.6401,-3.1826555,1.17175,92.6401,-22.2290755,5.09325,132.354,16.0187245,2.24705,133.013,-21.4552755,-3.38565,84.4184,13.0190245,-1.96775,81.1582,-18.4519755,-5.69325,47.6473,16.3860245,13.32475,47.3207,-16.0449755,-4.58335,5.95404,10.4455245,-0.06135,10.6504,-23.6581755,3.54005,1.9514,15.6175245,7.23315,4.3761
97.5,-3.1205155,1.20075,92.6088,-3.1205155,1.20075,92.6088,-22.1171755,5.07485,132.366,16.1289245,2.30385,132.987,-21.3695755,-3.44535,84.4199,13.0859245,-1.92735,81.1417,-18.3777755,-5.82155,47.6602,16.2077245,13.38415,47.2146,-16.0192955,-4.81935,5.963,10.3394245,0.82425,10.1675,-23.6479755,3.29435,1.95771,15.4738245,8.26435,4.0128
98,-3.0573855,1.22915,92.5764,-3.0573855,1.22915,92.5764,-22.0032755,5.05325,132.377,16.2428245,2.36235,132.959,-21.2827755,-3.50315,84.4215,13.1543245,-1.88415,81.1236,-18.3037755,-5.94805,47.6738,16.0215245,13.43745,47.1011,-15.9931455,-5.05545,5.97235,10.2290245,1.69475,9.68824,-23.6367755,3.04865,1.96425,15.3300245,9.27525,3.65426
98.5,-2.9900355,1.25555,92.5394,-2.9900355,1.25555,92.5394,-21.8795755,5.02105,132.382,16.3701245,2.42655,132.926,-21.1933755,-3.55425,84.4234,13.2274245,-1.83075,81.0978,-18.2290755,-6.06895,47.6891,15.8121245,13.46675,46.9636,-15.9681055,-5.28895,5.98434,10.1085245,2.50995,9.22364,-23.6240755,2.80395,1.97148,15.1849245,10.21405,3.30977
99,-2.9195755,1.28035,92.4997,-2.9195755,1.28035,92.4997,-21.7494755,4.98135,132.385,16.5074245,2.49425,132.889,-21.1021755,-3.60055,84.4254,13.3041245,-1.77045,81.0672,-18.1544755,-6.18485,47.7054,15.5860245,13.48075,46.8108,-15.9427355,-5.52135,5.99739,9.9824245,3.27795,8.77113,-23.6100755,2.55965,1.9792,15.0423245,11.09385,2.97702
99.5,-2.8481555,1.30435,92.4599,-2.8481555,1.30435,92.4599,-21.6163755,4.93855,132.387,16.6474245,2.56375,132.852,-21.0103755,-3.64475,84.4274,13.3823245,-1.70705,81.0358,-18.0795755,-6.29785,47.7221,15.3525245,13.49095,46.6542,-15.9174255,-5.75335,6.01087,9.8525245,4.01665,8.32814,-23.5953755,2.31575,1.98681,14.9037245,11.93655,2.65577
,,,,,,,,,,,,,,,,,,,,,,,,,,,,,,,,,,,,
,6.7451755,49.07125,,,,,,,,,,,,,,,,,,,,,,,,,,,,,,,,,,
