[Gait],,,,,,,,,,,,,,,,,,,,,,,,,,,,,,,,,,,,
氏名,周期,歩行率,立脚,%,遊脚,%,両足支持,%,ストライド,ステップ,歩隔,,,,,,,,,,,,,,,,,,,,,,,,,
Group1(R),0,0,0,0,0,0,0,0,0,0,0,,,,,,,,,,,,,,,,,,,,,,,,,
SD,0,0,0,0,0,0,0,0,0,0,0,,,,,,,,,,,,,,,,,,,,,,,,,
CV,0,0,0,0,0,0,0,0,0,0,0,,,,,,,,,,,,,,,,,,,,,,,,,
Group1(L),0,0,0,0,0,0,0,0,0,0,0,,,,,,,,,,,,,,,,,,,,,,,,,
SD,0,0,0,0,0,0,0,0,0,0,0,,,,,,,,,,,,,,,,,,,,,,,,,
CV,0,0,0,0,0,0,0,0,0,0,0,,,,,,,,,,,,,,,,,,,,,,,,,
[Data],,,,,,,,,,,,,,,,,,,,,,,,,,,,,,,,,,,,
Cycle(%),重心[x](cm),重心[y](cm),重心[z](cm),重心[x](cm),重心[y](cm),重心[z](cm),左肩峰[x](cm),左肩峰[y](cm),左肩峰[z](cm),右肩峰[x](cm),右肩峰[y](cm),右肩峰[z](cm),左股関節[x](cm),左股関節[y](cm),左股関節[z](cm),右股関節[x](cm),右股関節[y](cm),右股関節[z](cm),左膝関節[x](cm),左膝関節[y](cm),左膝関節[z](cm),右膝関節[x](cm),右膝関節[y](cm),右膝関節[z](cm),左足関節[x](cm),左足関節[y](cm),左足関節[z](cm),右足関節[x](cm),右足関節[y](cm),右足関節[z](cm),左第5MP[x](cm),左第5MP[y](cm),左第5MP[z](cm),右第5MP[x](cm),右第5MP[y](cm),右第5MP[z](cm)
0,-1.387365763,-1.1648685,88.2982,-1.387365763,-1.1648685,88.2982,-19.86581576,2.4377315,131.116,15.63948424,-5.4910685,127.387,-19.82251576,-1.9936685,77.4997,15.68908424,-2.0958685,78.66,-15.06441576,-2.1493685,38.7391,16.32408424,9.8314315,43.1328,-8.385845763,-17.2724685,4.22513,11.46677424,4.0438315,4.47369,-11.45501576,-7.3884685,0.253241,14.70418424,13.4262315,0.302703
0.5,-1.352945763,-1.1338685,88.2367,-1.352945763,-1.1338685,88.2367,-19.78861576,2.4253315,131.086,15.73848424,-5.4290685,127.306,-19.80651576,-1.9571685,77.4541,15.69368424,-1.9900685,78.5702,-15.06001576,-2.1482685,38.687,16.26758424,9.8652315,43.0269,-8.381615763,-17.3912685,4.22958,11.38269424,4.0178315,4.37098,-11.46391576,-7.5182685,0.263142,14.66038424,13.3809315,0.312594
1,-1.318525763,-1.1028685,88.1751,-1.318525763,-1.1028685,88.1751,-19.71141576,2.4130315,131.055,15.83748424,-5.3669685,127.225,-19.79031576,-1.9203685,77.4083,15.69808424,-1.8843685,78.4804,-15.05561576,-2.1466685,38.6346,16.21138424,9.8990315,42.9213,-8.377745763,-17.5100685,4.23428,11.29851424,3.9900315,4.26872,-11.47291576,-7.6480685,0.273158,14.61638424,13.3339315,0.322611
1.5,-1.283755763,-1.0714685,88.1139,-1.283755763,-1.0714685,88.1139,-19.63311576,2.4016315,131.025,15.93578424,-5.3043685,127.144,-19.77271576,-1.8829685,77.3623,15.70238424,-1.7794685,78.3916,-15.05111576,-2.1441685,38.5814,16.15568424,9.9346315,42.817,-8.374575763,-17.6289685,4.23993,11.21483424,3.9598315,4.16818,-11.48331576,-7.7775685,0.283337,14.57318424,13.2838315,0.333174
2,-1.243425763,-1.0360685,88.0536,-1.243425763,-1.0360685,88.0536,-19.55111576,2.3976315,130.994,16.03768424,-5.2365685,127.06,-19.74011576,-1.8374685,77.3098,15.70498424,-1.6784685,78.3095,-15.03601576,-2.1240685,38.5196,16.11088424,9.9853315,42.7261,-8.378155763,-17.7477685,4.25632,11.14380424,3.8885315,4.09013,-11.49511576,-7.9050685,0.291809,14.53448424,13.1910315,0.347958
2.5,-1.202965763,-1.0005685,87.9932,-1.202965763,-1.0005685,87.9932,-19.46911576,2.3936315,130.964,16.13958424,-5.1685685,126.975,-19.70711576,-1.7918685,77.2569,15.70738424,-1.5775685,78.2276,-15.02061576,-2.1033685,38.4576,16.06658424,10.0358315,42.6352,-8.381825763,-17.8664685,4.27287,11.07297424,3.8159315,4.01231,-11.50661576,-8.0326685,0.30007,14.49528424,13.0969315,0.362596
3,-1.161465763,-0.9643685,87.9338,-1.161465763,-0.9643685,87.9338,-19.38451576,2.3919315,130.934,16.24018424,-5.0997685,126.892,-19.67231576,-1.7457685,77.2042,15.71058424,-1.4789685,78.1472,-15.00531576,-2.0804685,38.395,16.02608424,10.0912315,42.5477,-8.387215763,-17.9850685,4.29142,11.00521424,3.7407315,3.93936,-11.51941576,-8.1596685,0.30841,14.45808424,12.9996315,0.377242
3.5,-1.113915763,-0.9232685,87.8775,-1.113915763,-0.9232685,87.8775,-19.29711576,2.4007315,130.904,16.34158424,-5.0248685,126.809,-19.62561576,-1.6953685,77.1476,15.71748424,-1.3880685,78.076,-14.98271576,-2.0394685,38.3298,16.00408424,10.1671315,42.4762,-8.395265763,-18.1016685,4.3193,10.95863424,3.6434315,3.89298,-11.52871576,-8.2849685,0.312484,14.43048424,12.8797315,0.391333
4,-1.066355763,-0.8820685,87.821,-1.066355763,-0.8820685,87.821,-19.20991576,2.4097315,130.874,16.44278424,-4.9496685,126.726,-19.57861576,-1.6449685,77.0906,15.72428424,-1.2973685,78.0049,-14.95981576,-1.9974685,38.2644,15.98278424,10.2428315,42.4048,-8.403075763,-18.2181685,4.34737,10.91276424,3.5449315,3.84701,-11.53711576,-8.4102685,0.31615,14.40228424,12.7586315,0.404901
4.5,-1.016785763,-0.8399685,87.766,-1.016785763,-0.8399685,87.766,-19.11961576,2.4221315,130.844,16.54368424,-4.8734685,126.645,-19.53061576,-1.5945685,77.0342,15.73328424,-1.2102685,77.9356,-14.93671576,-1.9520685,38.1996,15.97008424,10.3240315,42.3378,-8.412395763,-18.3341685,4.37825,10.87283424,3.4454315,3.80802,-11.54471576,-8.5353685,0.319566,14.37728424,12.6363315,0.417676
5,-0.961985763,-0.7935685,87.7153,-0.961985763,-0.7935685,87.7153,-19.02661576,2.4454315,130.814,16.64338424,-4.7911685,126.567,-19.47611576,-1.5432685,76.9771,15.75008424,-1.1314685,77.8752,-14.91251576,-1.8923685,38.138,15.97818424,10.4195315,42.2834,-8.419835763,-18.4480685,4.4174,10.85294424,3.3388315,3.79094,-11.54691576,-8.6596685,0.319221,14.36248424,12.5071315,0.426439
5.5,-0.907365763,-0.7469685,87.6646,-0.907365763,-0.7469685,87.6646,-18.93401576,2.4691315,130.784,16.74258424,-4.7083685,126.489,-19.42171576,-1.4919685,76.9195,15.76678424,-1.0528685,77.8154,-14.88821576,-1.8314685,38.0762,15.98688424,10.5152315,42.2296,-8.426655763,-18.5617685,4.45675,10.83406424,3.2311315,3.77454,-11.54841576,-8.7839685,0.318635,14.34768424,12.3770315,0.434579
6,-0.850225763,-0.6997685,87.6155,-0.850225763,-0.6997685,87.6155,-18.83971576,2.4962315,130.755,16.84368424,-4.6247685,126.413,-19.36821576,-1.4414685,76.863,15.78708424,-0.9778685,77.7568,-14.86371576,-1.7663685,38.0165,16.00798424,10.6117315,42.1787,-8.433525763,-18.6746685,4.50021,10.82208424,3.1242315,3.76424,-11.54561576,-8.9089685,0.317594,14.33618424,12.2481315,0.441272
6.5,-0.789735763,-0.6500685,87.5712,-0.789735763,-0.6500685,87.5712,-18.74211576,2.5322315,130.727,16.94178424,-4.5359685,126.342,-19.31291576,-1.3921685,76.8088,15.81638424,-0.9097685,77.7057,-14.84561576,-1.6917685,37.9631,16.04738424,10.7094315,42.1345,-8.436745763,-18.7864685,4.5531,10.82253424,3.0181315,3.76634,-11.53941576,-9.0340685,0.315722,14.33128424,12.1211315,0.442096
7,-0.729585763,-0.6001685,87.5272,-0.729585763,-0.6001685,87.5272,-18.64521576,2.5688315,130.7,17.03908424,-4.4468685,126.272,-19.25801576,-1.3426685,76.7544,15.84568424,-0.8420685,77.6554,-14.82801576,-1.6158685,37.9096,16.08748424,10.8076315,42.0913,-8.439165763,-18.8979685,4.60637,10.82388424,2.9117315,3.76937,-11.53321576,-9.1593685,0.314141,14.32758424,11.9938315,0.442524
7.5,-0.667435763,-0.5502685,87.4845,-0.667435763,-0.5502685,87.4845,-18.54951576,2.6079315,130.673,17.13968424,-4.3570685,126.203,-19.20531576,-1.2944685,76.7015,15.87938424,-0.7764685,77.606,-14.81111576,-1.5345685,37.859,16.13958424,10.8972315,42.0477,-8.440405763,-19.0083685,4.66693,10.83013424,2.8061315,3.77452,-11.52041576,-9.2861685,0.312485,14.32588424,11.8687315,0.441184
8,-0.604105763,-0.4997685,87.4466,-0.604105763,-0.4997685,87.4466,-18.45001576,2.6524315,130.65,17.23608424,-4.2638685,126.14,-19.15361576,-1.2480685,76.6527,15.91998424,-0.7160685,77.5621,-14.80671576,-1.4462685,37.8147,16.20538424,10.9753315,42.0058,-8.439725763,-19.1179685,4.74017,10.84035424,2.7031315,3.7828,-11.50781576,-9.4135685,0.313331,14.32618424,11.7478315,0.434037
8.5,-0.540945763,-0.4491685,87.4092,-0.540945763,-0.4491685,87.4092,-18.35101576,2.6977315,130.628,17.33208424,-4.1705685,126.077,-19.10231576,-1.2016685,76.6045,15.96148424,-0.6561685,77.5191,-14.80421576,-1.3561685,37.7708,16.27198424,11.0534315,41.9647,-8.438595763,-19.2272685,4.81492,10.85095424,2.6003315,3.79199,-11.49581576,-9.5412685,0.3149,14.32848424,11.6274315,0.426818
9,-0.477595763,-0.3989685,87.3734,-0.477595763,-0.3989685,87.3734,-18.25611576,2.7439315,130.606,17.42918424,-4.0766685,126.017,-19.05251576,-1.1560685,76.5581,16.00698424,-0.5969685,77.4777,-14.80491576,-1.2574685,37.729,16.34568424,11.1137315,41.9207,-8.437095763,-19.3339685,4.90174,10.86252424,2.4967315,3.79826,-11.47921576,-9.6701685,0.317824,14.33088424,11.5082315,0.41792
9.5,-0.414545763,-0.3497685,87.3416,-0.414545763,-0.3497685,87.3416,-18.15791576,2.7923315,130.589,17.52268424,-3.9813685,125.961,-19.00451576,-1.1119685,76.5168,16.05608424,-0.5421685,77.4395,-14.82051576,-1.1502685,37.6919,16.42858424,11.1554315,41.8758,-8.437045763,-19.4381685,5.00525,10.87308424,2.3941315,3.80213,-11.46441576,-9.7997685,0.324762,14.33278424,11.3920315,0.405072
10,-0.351405763,-0.3003685,87.3105,-0.351405763,-0.3003685,87.3105,-18.05961576,2.8411315,130.572,17.61628424,-3.8862685,125.905,-18.95641576,-1.0680685,76.4764,16.10688424,-0.4879685,77.4021,-14.84001576,-1.0400685,37.6555,16.51168424,11.1953315,41.8312,-8.437345763,-19.5412685,5.11203,10.88339424,2.2918315,3.80651,-11.45081576,-9.9295685,0.332682,14.33588424,11.2764315,0.392003
10.5,-0.289985763,-0.2514685,87.2818,-0.289985763,-0.2514685,87.2818,-17.96701576,2.8895315,130.557,17.70698424,-3.7907685,125.853,-18.90721576,-1.0246685,76.4386,16.16068424,-0.4343685,77.3676,-14.86651576,-0.9148685,37.6205,16.59628424,11.2143315,41.7836,-8.440945763,-19.6380685,5.23712,10.89133424,2.1871315,3.80465,-11.43661576,-10.0587685,0.343403,14.33918424,11.1605315,0.378393
11,-0.229525763,-0.2038685,87.256,-0.229525763,-0.2038685,87.256,-17.87291576,2.9379315,130.545,17.79638424,-3.6953685,125.804,-18.85981576,-0.9820685,76.4052,16.21508424,-0.3853685,77.3344,-14.90611576,-0.7766685,37.5881,16.68578424,11.2145315,41.7351,-8.448435763,-19.7285685,5.38104,10.89763424,2.0810315,3.7992,-11.42301576,-10.1879685,0.357491,14.34178424,11.0454315,0.363539
11.5,-0.168895763,-0.1562685,87.2312,-0.168895763,-0.1562685,87.2312,-17.77801576,2.9863315,130.534,17.88548424,-3.6002685,125.756,-18.81091576,-0.9397685,76.3735,16.27178424,-0.3372685,77.3019,-14.95141576,-0.6331685,37.557,16.77478424,11.2105315,41.6863,-8.458055763,-19.8156685,5.5311,10.90306424,1.9750315,3.79332,-11.41141576,-10.3166685,0.372795,14.34408424,10.9307315,0.347988
12,-0.110825763,-0.1085685,87.2092,-0.110825763,-0.1085685,87.2092,-17.68781576,3.0334315,130.524,17.96968424,-3.5051685,125.712,-18.75901576,-0.8980685,76.3444,16.33018424,-0.2915685,77.273,-15.00761576,-0.4667685,37.5275,16.86058424,11.1913315,41.6373,-8.474115763,-19.8908685,5.70304,10.90589424,1.8664315,3.78198,-11.40151576,-10.4421685,0.391097,14.34798424,10.8149315,0.333387
12.5,-0.053855763,-0.0615685,87.1891,-0.053855763,-0.0615685,87.1891,-17.59941576,3.0800315,130.515,18.05518424,-3.4109685,125.669,-18.70821576,-0.8568685,76.3188,16.38758424,-0.2506685,77.2441,-15.07221576,-0.2826685,37.4995,16.94808424,11.1578315,41.5883,-8.495415763,-19.9546685,5.89372,10.90841424,1.7557315,3.76825,-11.39001576,-10.5663685,0.411349,14.35308424,10.6986315,0.32026
13,0.003164237,-0.0146685,87.1704,0.003164237,-0.0146685,87.1704,-17.50921576,3.1257315,130.506,18.13968424,-3.3170685,125.629,-18.65531576,-0.8160685,76.2948,16.44688424,-0.2117685,77.216,-15.14341576,-0.0897685,37.4736,17.03408424,11.1193315,41.5391,-8.520615763,-20.0112685,6.093,10.90950424,1.6445315,3.75315,-11.38061576,-10.6885685,0.433075,14.35648424,10.5817315,0.305928
13.5,0.057994237,0.0331315,87.1543,0.057994237,0.0331315,87.1543,-17.42271576,3.1706315,130.498,18.22028424,-3.2239685,125.591,-18.59861576,-0.7765685,76.2732,16.50728424,-0.1778685,77.1907,-15.22711576,0.1314315,37.4511,17.11578424,11.0756315,41.4935,-8.553015763,-20.0501685,6.31363,10.91121424,1.5324315,3.7364,-11.37211576,-10.8046685,0.457071,14.36298424,10.4650315,0.293789
14,0.111804237,0.0811315,87.1395,0.111804237,0.0811315,87.1395,-17.34051576,3.2150315,130.489,18.30388424,-3.1317685,125.555,-18.54221576,-0.7377685,76.254,16.56668424,-0.1483685,77.1653,-15.31431576,0.3728315,37.4305,17.19568424,11.0244315,41.4488,-8.591015763,-20.0735685,6.55046,10.91289424,1.4191315,3.71891,-11.36071576,-10.9176685,0.482481,14.37238424,10.3474315,0.284789
14.5,0.165374237,0.1289315,87.1259,0.165374237,0.1289315,87.1259,-17.25621576,3.2578315,130.479,18.38698424,-3.0401685,125.521,-18.48501576,-0.6997685,76.2358,16.62608424,-0.1223685,77.1404,-15.40701576,0.6263315,37.4132,17.27408424,10.9699315,41.4045,-8.633115763,-20.0848685,6.79653,10.91335424,1.3054315,3.69982,-11.35011576,-11.0259685,0.509782,14.37988424,10.2288315,0.274598
15,0.217784237,0.1781315,87.1143,0.217784237,0.1781315,87.1143,-17.17491576,3.3008315,130.468,18.46918424,-2.9500685,125.489,-18.42441576,-0.6637685,76.2195,16.68648424,-0.1029685,77.1161,-15.51051576,0.9070315,37.4018,17.34908424,10.9193315,41.3661,-8.681215763,-20.0751685,7.05861,10.91721424,1.1932315,3.68294,-11.33891576,-11.1261685,0.53949,14.39048424,10.1121315,0.266864
15.5,0.269204237,0.2282315,87.1038,0.269204237,0.2282315,87.1038,-17.09891576,3.3434315,130.456,18.55418424,-2.8604685,125.458,-18.36361576,-0.6291685,76.2044,16.74698424,-0.0867685,77.0927,-15.61421576,1.2071315,37.3934,17.41958424,10.8675315,41.3286,-8.734715763,-20.0478685,7.333,10.91992424,1.0816315,3.66631,-11.32551576,-11.2207685,0.571806,14.40408424,9.9948315,0.262365
16,0.320214237,0.2782315,87.0939,0.320214237,0.2782315,87.0939,-17.02211576,3.3843315,130.441,18.64098424,-2.7722685,125.429,-18.30441576,-0.5956685,76.1894,16.80508424,-0.0751685,77.069,-15.72011576,1.5194315,37.3901,17.48898424,10.8153315,41.2928,-8.790615763,-20.0049685,7.6142,10.92255424,0.9703315,3.6491,-11.31071576,-11.3073685,0.606892,14.41648424,9.8770315,0.257491
16.5,0.370604237,0.3294315,87.0849,0.370604237,0.3294315,87.0849,-16.94771576,3.4261315,130.425,18.72868424,-2.6860685,125.4,-18.24341576,-0.5645685,76.1756,16.86338424,-0.0695685,77.0438,-15.83131576,1.8512315,37.3939,17.55578424,10.7712315,41.2615,-8.850315763,-19.9414685,7.90316,10.92722424,0.8619315,3.63492,-11.29571576,-11.3839685,0.646779,14.42988424,9.7615315,0.254199
17,0.420224237,0.3817315,87.0769,0.420224237,0.3817315,87.0769,-16.87801576,3.4670315,130.407,18.81798424,-2.6003685,125.373,-18.18151576,-0.5353685,76.162,16.92318424,-0.0656685,77.0203,-15.94151576,2.1980315,37.4023,17.61778424,10.7301315,41.2312,-8.915015763,-19.8608685,8.19957,10.92971424,0.7558315,3.62154,-11.28051576,-11.4514685,0.691726,14.44498424,9.6463315,0.253045
17.5,0.469224237,0.4338315,87.0689,0.469224237,0.4338315,87.0689,-16.80941576,3.5070315,130.387,18.91098424,-2.5169685,125.346,-18.12361576,-0.5072685,76.1477,16.97938424,-0.0656685,76.9959,-16.04871576,2.5528315,37.4165,17.67758424,10.6908315,41.2027,-8.979415763,-19.7646685,8.49763,10.93274424,0.6505315,3.60913,-11.26431576,-11.5081685,0.741691,14.45918424,9.5315315,0.252609
18,0.517334237,0.4864315,87.0609,0.517334237,0.4864315,87.0609,-16.74291576,3.5472315,130.365,19.00438424,-2.4358685,125.318,-18.06571576,-0.4814685,76.1339,17.03388424,-0.0692685,76.9692,-16.15461576,2.9162315,37.4374,17.73548424,10.6586315,41.1753,-9.046115763,-19.6509685,8.79527,10.93370424,0.5479315,3.59792,-11.25051576,-11.5519685,0.800107,14.47138424,9.4178315,0.252312
18.5,0.565246237,0.5398315,87.0535,0.565246237,0.5398315,87.0535,-16.67861576,3.5860315,130.342,19.09778424,-2.3557685,125.292,-18.00651576,-0.4575685,76.1197,17.09108424,-0.0726685,76.9442,-16.25911576,3.2872315,37.4636,17.78978424,10.6306315,41.1488,-9.116715763,-19.5232685,9.09468,10.93244424,0.4481315,3.58778,-11.23881576,-11.5830685,0.865699,14.48288424,9.3051315,0.252539
19,0.611920237,0.5928315,87.0458,0.611920237,0.5928315,87.0458,-16.61851576,3.6244315,130.317,19.19368424,-2.2788685,125.265,-17.95151576,-0.4339685,76.1042,17.14468424,-0.0783685,76.9179,-16.35401576,3.6588315,37.4952,17.84008424,10.6055315,41.123,-9.185115763,-19.3822685,9.3887,10.93096424,0.3492315,3.57957,-11.23131576,-11.5996685,0.940685,14.49408424,9.1933315,0.254711
19.5,0.657195237,0.6454315,87.0375,0.657195237,0.6454315,87.0375,-16.55911576,3.6616315,130.291,19.28768424,-2.2044685,125.237,-17.89801576,-0.4119685,76.0889,17.19498424,-0.0840685,76.8902,-16.44271576,4.0292315,37.5312,17.88848424,10.5834315,41.0952,-9.254715763,-19.2281685,9.67586,10.92395424,0.2514315,3.57031,-11.22931576,-11.5996685,1.02622,14.50058424,9.0808315,0.255572
20,0.702839237,0.6981315,87.0296,0.702839237,0.6981315,87.0296,-16.49861576,3.6968315,130.265,19.37958424,-2.1319685,125.21,-17.84321576,-0.3910685,76.0731,17.24798424,-0.0883685,76.8634,-16.52861576,4.3992315,37.5719,17.93528424,10.5644315,41.0681,-9.326815763,-19.0642685,9.95855,10.91607424,0.1552315,3.56236,-11.23201576,-11.5831685,1.11973,14.50408424,8.9699315,0.255663
20.5,0.746655237,0.7502315,87.021,0.746655237,0.7502315,87.021,-16.44491576,3.7312315,130.239,19.46998424,-2.0634685,125.181,-17.79031576,-0.3694685,76.0559,17.29928424,-0.0920685,76.8358,-16.59961576,4.7617315,37.6161,17.97648424,10.5484315,41.0397,-9.396715763,-18.8898685,10.2284,10.90653424,0.0598315,3.55637,-11.24651576,-11.5470685,1.22637,14.50868424,8.8595315,0.25878
21,0.788863237,0.8013315,87.012,0.788863237,0.8013315,87.012,-16.39021576,3.7630315,130.213,19.55568424,-1.9979685,125.153,-17.74001576,-0.3483685,76.0386,17.34688424,-0.0930685,76.8085,-16.66181576,5.1172315,37.662,18.01608424,10.5317315,41.0083,-9.466415763,-18.7059685,10.4868,10.89134424,-0.0366685,3.54843,-11.26831576,-11.4908685,1.34233,14.50758424,8.7477315,0.259757
21.5,0.831415237,0.8518315,87.0029,0.831415237,0.8518315,87.0029,-16.33251576,3.7924315,130.187,19.63678424,-1.9352685,125.123,-17.68871576,-0.3269685,76.0213,17.39598424,-0.0919685,76.7808,-16.71781576,5.4657315,37.7106,18.05518424,10.5160315,40.9771,-9.536815763,-18.5147685,10.7331,10.87750424,-0.1334685,3.5423,-11.29821576,-11.4131685,1.4654,14.50288424,8.6373315,0.259838
22,0.872275237,0.9015315,86.9934,0.872275237,0.9015315,86.9934,-16.28061576,3.8195315,130.163,19.71168424,-1.8767685,125.094,-17.63641576,-0.3044685,76.0031,17.44578424,-0.0878685,76.7534,-16.75851576,5.8030315,37.7602,18.08878424,10.5032315,40.9433,-9.606115763,-18.3151685,10.9616,10.86160424,-0.2299685,3.53737,-11.34391576,-11.3112685,1.60039,14.50018424,8.5267315,0.262809
22.5,0.911784237,0.9500315,86.9836,0.911784237,0.9500315,86.9836,-16.22741576,3.8430315,130.139,19.78048424,-1.8218685,125.065,-17.58701576,-0.2811685,75.9846,17.49358424,-0.0799685,76.7277,-16.78931576,6.1309315,37.8095,18.12138424,10.4881315,40.9078,-9.673115763,-18.1070685,11.1743,10.84375424,-0.3290685,3.53165,-11.39691576,-11.1858685,1.74012,14.49358424,8.4158315,0.264182
23,0.950889237,0.9975315,86.9735,0.950889237,0.9975315,86.9735,-16.17131576,3.8637315,130.117,19.84158424,-1.7704685,125.035,-17.53741576,-0.2561685,75.967,17.54088424,-0.0700685,76.7011,-16.81031576,6.4491315,37.8585,18.15358424,10.4729315,40.872,-9.739415763,-17.8913685,11.3672,10.82863424,-0.4301685,3.52786,-11.46111576,-11.0342685,1.88352,14.48468424,8.3055315,0.265334
23.5,0.989100237,1.0441315,86.9633,0.989100237,1.0441315,86.9633,-16.11751576,3.8807315,130.096,19.89478424,-1.7232685,125.006,-17.48571576,-0.2302685,75.9492,17.59068424,-0.0561685,76.6755,-16.81961576,6.7562315,37.9072,18.18198424,10.4606315,40.834,-9.804315763,-17.6663685,11.5382,10.81407424,-0.5310685,3.52522,-11.53831576,-10.8538685,2.03205,14.47768424,8.1949315,0.268283
24,1.026486237,1.0896315,86.953,1.026486237,1.0896315,86.953,-16.06381576,3.8934315,130.077,19.94178424,-1.6800685,124.978,-17.43681576,-0.2024685,75.9312,17.64118424,-0.0389685,76.6523,-16.81901576,7.0550315,37.9543,18.20988424,10.4463315,40.7963,-9.865215763,-17.4316685,11.6893,10.80271424,-0.6352685,3.5239,-11.62101576,-10.6475685,2.17767,14.47028424,8.0858315,0.271149
24.5,1.062369237,1.1340315,86.9422,1.062369237,1.1340315,86.9422,-16.00931576,3.9028315,130.058,19.98008424,-1.6409685,124.95,-17.38881576,-0.1730685,75.9148,17.68918424,-0.0202685,76.6284,-16.80731576,7.3452315,37.9991,18.23708424,10.4327315,40.7581,-9.923415763,-17.1865685,11.8151,10.79368424,-0.7416685,3.52366,-11.71451576,-10.4130685,2.32185,14.46298424,7.9764315,0.274506
25,1.098299237,1.1777315,86.9314,1.098299237,1.1777315,86.9314,-15.95361576,3.9079315,130.041,20.01188424,-1.6056685,124.924,-17.34001576,-0.1427685,75.8988,17.74028424,0.0017315,76.606,-16.78981576,7.6262315,38.0429,18.26248424,10.4216315,40.7194,-9.978615763,-16.9291685,11.9148,10.78955424,-0.8480685,3.52543,-11.81321576,-10.1460685,2.46006,14.45628424,7.8677315,0.278193
25.5,1.133640237,1.2204315,86.9206,1.133640237,1.2204315,86.9206,-15.90091576,3.9086315,130.024,20.03908424,-1.5743685,124.898,-17.29401576,-0.1102685,75.8829,17.79418424,0.0253315,76.5854,-16.76321576,7.9017315,38.0851,18.28768424,10.4103315,40.6827,-10.02881576,-16.6595685,11.9912,10.79233424,-0.9566685,3.5299,-11.91351576,-9.8534685,2.5873,14.45328424,7.7612315,0.283487
26,1.166750237,1.2619315,86.9093,1.166750237,1.2619315,86.9093,-15.84971576,3.9056315,130.008,20.05958424,-1.5474685,124.874,-17.25091576,-0.0772685,75.8688,17.84408424,0.0500315,76.5653,-16.72731576,8.1709315,38.1245,18.31148424,10.4006315,40.6456,-10.07441576,-16.3764685,12.0396,10.79580424,-1.0670685,3.53445,-12.02011576,-9.5325685,2.70669,14.45098424,7.6542315,0.289139
26.5,1.200210237,1.3028315,86.8977,1.200210237,1.3028315,86.8977,-15.79681576,3.8985315,129.992,20.07688424,-1.5236685,124.852,-17.20921576,-0.0432685,75.8557,17.89668424,0.0765315,76.5466,-16.69121576,8.4326315,38.1627,18.33528424,10.3925315,40.6102,-10.11521576,-16.0779685,12.0581,10.80714424,-1.1773685,3.54169,-12.12281576,-9.1786685,2.80877,14.44848424,7.5488315,0.294119
27,1.232797237,1.3427315,86.8859,1.232797237,1.3427315,86.8859,-15.75011576,3.8876315,129.977,20.09248424,-1.5037685,124.831,-17.17041576,-0.0077685,75.8426,17.95148424,0.1025315,76.5286,-16.64801576,8.6908315,38.2,18.35768424,10.3858315,40.5767,-10.15041576,-15.7655685,12.0528,10.82532424,-1.2877685,3.55125,-12.22161576,-8.8028685,2.8949,14.45138424,7.4446315,0.301462
27.5,1.263073237,1.3815315,86.8739,1.263073237,1.3815315,86.8739,-15.70601576,3.8730315,129.961,20.10528424,-1.4877685,124.811,-17.13671576,0.0270315,75.8314,18.00238424,0.1295315,76.5124,-16.59971576,8.9443315,38.2352,18.37828424,10.3807315,40.5437,-10.17961576,-15.4384685,12.0199,10.84270424,-1.3993685,3.56031,-12.31961576,-8.4009685,2.96671,14.45338424,7.3402315,0.308245
28,1.292987237,1.4198315,86.8612,1.292987237,1.4198315,86.8612,-15.66361576,3.8551315,129.945,20.11828424,-1.4742685,124.793,-17.10601576,0.0631315,75.8214,18.05438424,0.1569315,76.4977,-16.55411576,9.1904315,38.269,18.39918424,10.3758315,40.5135,-10.20421576,-15.0946685,11.9555,10.86658424,-1.5106685,3.57151,-12.40741576,-7.9696685,3.01426,14.45538424,7.2373315,0.314075
28.5,1.321559237,1.4567315,86.848,1.321559237,1.4567315,86.848,-15.62871576,3.8346315,129.929,20.13248424,-1.4645685,124.775,-17.07811576,0.0995315,75.8113,18.10608424,0.1825315,76.4826,-16.50421576,9.4322315,38.3026,18.41678424,10.3724315,40.4839,-10.22261576,-14.7386685,11.8697,10.89395424,-1.6202685,3.58333,-12.48581576,-7.5225685,3.04566,14.46128424,7.1335315,0.321665
29,1.348214237,1.4927315,86.8349,1.348214237,1.4927315,86.8349,-15.59711576,3.8109315,129.912,20.14738424,-1.4575685,124.76,-17.05631576,0.1349315,75.8028,18.15548424,0.2089315,76.4703,-16.45431576,9.6688315,38.3352,18.43258424,10.3691315,40.456,-10.23511576,-14.3694685,11.7597,10.92008424,-1.7304685,3.59458,-12.55601576,-7.0543685,3.05799,14.46398424,7.0299315,0.327927
29.5,1.373063237,1.5278315,86.8208,1.373063237,1.5278315,86.8208,-15.57231576,3.7848315,129.894,20.16418424,-1.4527685,124.745,-17.03731576,0.1713315,75.7948,18.20328424,0.2354315,76.4594,-16.40581576,9.8974315,38.3658,18.44738424,10.3649315,40.4302,-10.24541576,-13.9858685,11.6217,10.94643424,-1.8402685,3.60588,-12.61501576,-6.5640685,3.04732,14.46718424,6.9260315,0.333226
30,1.396534237,1.5615315,86.8062,1.396534237,1.5615315,86.8062,-15.55351576,3.7578315,129.876,20.18388424,-1.4514685,124.731,-17.02031576,0.2074315,75.7871,18.24838424,0.2597315,76.4479,-16.35661576,10.1182315,38.3968,18.45778424,10.3606315,40.4039,-10.24881576,-13.5946685,11.4669,10.97222424,-1.9475685,3.61615,-12.66081576,-6.0648685,3.02354,14.47048424,6.8194315,0.338898
30.5,1.418452237,1.5940315,86.7917,1.418452237,1.5940315,86.7917,-15.53921576,3.7285315,129.859,20.20518424,-1.4517685,124.718,-17.00771576,0.2430315,75.7798,18.29338424,0.2845315,76.4391,-16.30991576,10.3314315,38.4269,18.46568424,10.3544315,40.3798,-10.24851576,-13.1948685,11.2941,10.99658424,-2.0551685,3.62583,-12.69391576,-5.5522685,2.98058,14.47068424,6.7126315,0.343507
31,1.437440737,1.6254315,86.7764,1.437440737,1.6254315,86.7764,-15.53441576,3.6973315,129.84,20.22818424,-1.4542685,124.706,-16.99711576,0.2789315,75.7727,18.33388424,0.3100315,76.432,-16.26131576,10.5361315,38.4546,18.47188424,10.3464315,40.3563,-10.24791576,-12.7859685,11.1016,11.01435424,-2.1627685,3.63326,-12.71771576,-5.0268685,2.92217,14.47088424,6.6034315,0.347142
31.5,1.455515937,1.6552315,86.7607,1.455515937,1.6552315,86.7607,-15.53231576,3.6672315,129.822,20.25318424,-1.4596685,124.694,-16.98651576,0.3148315,75.7655,18.37138424,0.3333315,76.4244,-16.21481576,10.7290315,38.482,18.47368424,10.3362315,40.3323,-10.24111576,-12.3759685,10.8982,11.02845424,-2.2683685,3.6389,-12.72801576,-4.4990685,2.85522,14.46788424,6.4909315,0.349975
32,1.472368837,1.6839315,86.745,1.472368837,1.6839315,86.745,-15.53551576,3.6355315,129.804,20.27788424,-1.4657685,124.684,-16.97591576,0.3510315,75.7579,18.41018424,0.3572315,76.4184,-16.16951576,10.9126315,38.5084,18.47248424,10.3232315,40.3094,-10.23331576,-11.9635685,10.6857,11.04041424,-2.3737685,3.64366,-12.72601576,-3.9669685,2.7757,14.46448424,6.3771315,0.352977
32.5,1.486353037,1.7110315,86.729,1.486353037,1.7110315,86.729,-15.54681576,3.6024315,129.786,20.30288424,-1.4747685,124.674,-16.96631576,0.3869315,75.7499,18.44338424,0.3822315,76.4144,-16.12031576,11.0874315,38.5322,18.46958424,10.3080315,40.2865,-10.22521576,-11.5484685,10.463,11.04348424,-2.4797685,3.64561,-12.71631576,-3.4305685,2.68873,14.46008424,6.2600315,0.354927
33,1.500007437,1.7366315,86.7128,1.500007437,1.7366315,86.7128,-15.55801576,3.5714315,129.769,20.32608424,-1.4856685,124.664,-16.95341576,0.4232315,75.7412,18.47498424,0.4054315,76.41,-16.07311576,11.2493315,38.5544,18.46438424,10.2898315,40.2636,-10.21311576,-11.1381685,10.2365,11.04108424,-2.5849685,3.64553,-12.69791576,-2.8982685,2.59945,14.45248424,6.1403315,0.356202
33.5,1.512870737,1.7609315,86.6965,1.512870737,1.7609315,86.6965,-15.57351576,3.5390315,129.753,20.34658424,-1.4974685,124.655,-16.93741576,0.4599315,75.7316,18.50778424,0.4289315,76.4057,-16.02391576,11.4015315,38.5753,18.45628424,10.2693315,40.2406,-10.20051576,-10.7307685,10.0084,11.03658424,-2.6902685,3.64462,-12.66861576,-2.3688685,2.50557,14.44698424,6.0181315,0.358773
34,1.523955047,1.7836315,86.6804,1.523955047,1.7836315,86.6804,-15.59251576,3.5060315,129.737,20.36458424,-1.5124685,124.648,-16.92121576,0.4966315,75.721,18.53628424,0.4533315,76.4031,-15.97101576,11.5463315,38.5936,18.44808424,10.2470315,40.2175,-10.18541576,-10.3265685,9.77903,11.02571424,-2.7962685,3.64203,-12.63321576,-1.8425685,2.41056,14.44058424,5.8937315,0.360483
34.5,1.535226167,1.8046315,86.664,1.535226167,1.8046315,86.664,-15.61041576,3.4746315,129.722,20.37718424,-1.5291685,124.64,-16.89841576,0.5333315,75.7087,18.56488424,0.4761315,76.3997,-15.91751576,11.6794315,38.6092,18.44028424,10.2226315,40.1949,-10.16841576,-9.9310685,9.55168,11.00960424,-2.9028685,3.63768,-12.59491576,-1.3260685,2.31868,14.43358424,5.7681315,0.362499
35,1.546194737,1.8240315,86.6476,1.546194737,1.8240315,86.6476,-15.62991576,3.4421315,129.708,20.38538424,-1.5474685,124.634,-16.87221576,0.5700315,75.6952,18.59358424,0.4986315,76.3949,-15.85981576,11.8050315,38.6232,18.43058424,10.1970315,40.1715,-10.14861576,-9.5413685,9.32787,10.99289424,-3.0098685,3.63332,-12.54731576,-0.8166685,2.22805,14.42968424,5.6400315,0.366425
35.5,1.556720837,1.8419315,86.6313,1.556720837,1.8419315,86.6313,-15.64791576,3.4092315,129.694,20.38848424,-1.5689685,124.629,-16.84491576,0.6070315,75.6805,18.62038424,0.5209315,76.3909,-15.79991576,11.9252315,38.6348,18.42328424,10.1710315,40.1483,-10.12331576,-9.1589685,9.1085,10.97462424,-3.1178685,3.62891,-12.49531576,-0.3175685,2.13982,14.42618424,5.5117315,0.370074
36,1.567711437,1.8579315,86.6144,1.567711437,1.8579315,86.6144,-15.66531576,3.3765315,129.68,20.38468424,-1.5924685,124.624,-16.81031576,0.6430315,75.6629,18.64788424,0.5418315,76.3857,-15.73691576,12.0373315,38.6433,18.41868424,10.1444315,40.1256,-10.09641576,-8.7871685,8.89461,10.95353424,-3.2271685,3.62365,-12.44411576,0.1683315,2.05704,14.42438424,5.3834315,0.374569
36.5,1.578707437,1.8721315,86.5973,1.578707437,1.8721315,86.5973,-15.68141576,3.3431315,129.666,20.37668424,-1.6187685,124.621,-16.77421576,0.6782315,75.6443,18.67418424,0.5612315,76.3779,-15.67001576,12.1447315,38.65,18.41368424,10.1179315,40.1021,-10.06311576,-8.4219685,8.6859,10.93405424,-3.3373685,3.61963,-12.38471576,0.6442315,1.97745,14.42518424,5.2542315,0.380976
37,1.589970437,1.8845315,86.5799,1.589970437,1.8845315,86.5799,-15.69371576,3.3087315,129.652,20.36188424,-1.6477685,124.617,-16.73711576,0.7137315,75.6238,18.70018424,0.5794315,76.3695,-15.60231576,12.2481315,38.6542,18.41308424,10.0923315,40.0787,-10.02171576,-8.0670685,8.48352,10.91701424,-3.4485685,3.61657,-12.32311576,1.1036315,1.90143,14.42818424,5.1261315,0.387906
37.5,1.601557537,1.8946315,86.5615,1.601557537,1.8946315,86.5615,-15.70571576,3.2733315,129.637,20.34228424,-1.6794685,124.614,-16.69541576,0.7472315,75.6,18.72548424,0.5958315,76.3595,-15.53151576,12.3476315,38.6553,18.41618424,10.0674315,40.0555,-9.977015763,-7.7230685,8.28718,10.90083424,-3.5615685,3.6141,-12.26221576,1.5476315,1.82917,14.43258424,4.9990315,0.394865
38,1.613057837,1.9027315,86.5425,1.613057837,1.9027315,86.5425,-15.71561576,3.2374315,129.622,20.31958424,-1.7149685,124.611,-16.65481576,0.7794315,75.5751,18.74908424,0.6098315,76.3468,-15.45931576,12.4436315,38.6544,18.42048424,10.0427315,40.0318,-9.923815763,-7.3860685,8.09509,10.88747424,-3.6757685,3.61367,-12.19491576,1.9789315,1.75899,14.43798424,4.8727315,0.403208
38.5,1.624508837,1.9085315,86.5224,1.624508837,1.9085315,86.5224,-15.72281576,3.1994315,129.605,20.29058424,-1.7528685,124.608,-16.61401576,0.8111315,75.5478,18.77218424,0.6218315,76.3318,-15.38671576,12.5354315,38.6503,18.42858424,10.0198315,40.0072,-9.861615763,-7.0624685,7.9081,10.87808424,-3.7908685,3.61437,-12.12771576,2.3882315,1.69223,14.44638424,4.7475315,0.412657
39,1.635639237,1.9118315,86.5008,1.635639237,1.9118315,86.5008,-15.72971576,3.1601315,129.587,20.26058424,-1.7938685,124.604,-16.57441576,0.8406315,75.5175,18.79188424,0.6317315,76.3157,-15.31381576,12.6251315,38.6429,18.44038424,9.9972315,39.9826,-9.793915763,-6.7503685,7.72568,10.87276424,-3.9081685,3.61703,-12.05861576,2.7801315,1.62483,14.45328424,4.6234315,0.42024
39.5,1.646116237,1.9126315,86.478,1.646116237,1.9126315,86.478,-15.73641576,3.1200315,129.567,20.22918424,-1.8391685,124.599,-16.53741576,0.8688315,75.4856,18.80948424,0.6388315,76.2971,-15.24201576,12.7103315,38.6325,18.45448424,9.9744315,39.9575,-9.718415763,-6.4481685,7.54574,10.86926424,-4.0262685,3.62124,-11.98741576,3.1538315,1.55812,14.45958424,4.5014315,0.428398
40,1.655646237,1.9107315,86.4535,1.655646237,1.9107315,86.4535,-15.74371576,3.0774315,129.545,20.19358424,-1.8863685,124.593,-16.50081576,0.8957315,75.4512,18.82588424,0.6439315,76.2757,-15.17021576,12.7893315,38.6184,18.46868424,9.9530315,39.9305,-9.635815763,-6.1611685,7.36862,10.86915424,-4.1454685,3.62688,-11.91711576,3.5044315,1.49366,14.46718424,4.3789315,0.437391
40.5,1.663752237,1.9061315,86.4273,1.663752237,1.9061315,86.4273,-15.75071576,3.0341315,129.521,20.16038424,-1.9368685,124.585,-16.47181576,0.9214315,75.4146,18.83608424,0.6465315,76.2542,-15.10151576,12.8644315,38.5994,18.48578424,9.9305315,39.9033,-9.546815763,-5.8889685,7.19398,10.87408424,-4.2667685,3.63483,-11.84271576,3.8332315,1.4247,14.47108424,4.2571315,0.44305
41,1.670487237,1.8985315,86.3992,1.670487237,1.8985315,86.3992,-15.76141576,2.9891315,129.495,20.12708424,-1.9915685,124.575,-16.44481576,0.9464315,75.3756,18.84438424,0.6469315,76.2304,-15.03411576,12.9316315,38.5759,18.50488424,9.9069315,39.8751,-9.453715763,-5.6322685,7.02084,10.87811424,-4.3882685,3.64286,-11.77221576,4.1371315,1.35656,14.47238424,4.1372315,0.448218
41.5,1.675292237,1.8880315,86.3693,1.675292237,1.8880315,86.3693,-15.77521576,2.9423315,129.467,20.09198424,-2.0476685,124.564,-16.41961576,0.9698315,75.3346,18.85028424,0.6458315,76.2048,-14.96771576,12.9899315,38.5478,18.52078424,9.8833315,39.8449,-9.357415763,-5.3936685,6.8497,10.88421424,-4.5111685,3.6529,-11.70291576,4.4170315,1.28919,14.47218424,4.0153315,0.45315
42,1.677801237,1.8752315,86.3378,1.677801237,1.8752315,86.3378,-15.79011576,2.8954315,129.437,20.05948424,-2.1064685,124.55,-16.40381576,0.9934315,75.2922,18.85048424,0.6426315,76.1801,-14.90541576,13.0400315,38.5135,18.53708424,9.8578315,39.8142,-9.256815763,-5.1731685,6.67944,10.89346424,-4.6351685,3.66456,-11.63051576,4.6724315,1.21736,14.46928424,3.8934315,0.455327
42.5,1.678379237,1.8589315,86.3039,1.678379237,1.8589315,86.3039,-15.81201576,2.8466315,129.405,20.02778424,-2.1687685,124.532,-16.38871576,1.0176315,75.247,18.84858424,0.6381315,76.1533,-14.84221576,13.0786315,38.4727,18.55448424,9.8306315,39.7821,-9.157615763,-4.9759685,6.51199,10.89915424,-4.7589685,3.67472,-11.56751576,4.8956315,1.14814,14.46198424,3.7717315,0.455736
43,1.676411237,1.8399315,86.2688,1.676411237,1.8399315,86.2688,-15.83851576,2.7970315,129.371,19.99508424,-2.2321685,124.514,-16.37641576,1.0405315,75.2004,18.84478424,0.6327315,76.1264,-14.78041576,13.1055315,38.4263,18.56678424,9.8019315,39.7487,-9.059715763,-4.7996685,6.34721,10.90569424,-4.8841685,3.68731,-11.50601576,5.0940315,1.07888,14.45208424,3.6479315,0.455282
43.5,1.672205237,1.8187315,86.2323,1.672205237,1.8187315,86.2323,-15.86721576,2.7477315,129.336,19.96338424,-2.2973685,124.494,-16.37111576,1.0648315,75.1529,18.83808424,0.6260315,76.1008,-14.72091576,13.1200315,38.3731,18.57738424,9.7719315,39.7147,-8.961515763,-4.6449685,6.18362,10.91256424,-5.0092685,3.70058,-11.44501576,5.2659315,1.00859,14.44158424,3.5236315,0.453501
44,1.665707237,1.7946315,86.1939,1.665707237,1.7946315,86.1939,-15.90411576,2.6970315,129.299,19.93138424,-2.3644685,124.47,-16.36561576,1.0906315,75.103,18.82968424,0.6191315,76.0737,-14.65771576,13.1218315,38.3127,18.58788424,9.7405315,39.6796,-8.869015763,-4.5190685,6.02581,10.91479424,-5.1337685,3.71152,-11.39601576,5.4031315,0.943475,14.42718424,3.3979315,0.449647
44.5,1.656810237,1.7679315,86.1548,1.656810237,1.7679315,86.1548,-15.94641576,2.6460315,129.261,19.89808424,-2.4330685,124.445,-16.36271576,1.1161315,75.0525,18.82168424,0.6118315,76.0479,-14.59431576,13.1098315,38.2464,18.59318424,9.7072315,39.644,-8.781815763,-4.4166685,5.87243,10.91709424,-5.2589685,3.72473,-11.34981576,5.5137315,0.87902,14.41148424,3.2713315,0.445086
45,1.646273237,1.7392315,86.1148,1.646273237,1.7392315,86.1148,-15.99151576,2.5951315,129.222,19.86298424,-2.5023685,124.42,-16.36271576,1.1430315,75.0012,18.81418424,0.6042315,76.0227,-14.52951576,13.0841315,38.1737,18.59598424,9.6740315,39.6081,-8.698015763,-4.3373685,5.72219,10.91772424,-5.3833685,3.73766,-11.30781576,5.5976315,0.818067,14.39748424,3.1440315,0.440578
45.5,1.633772237,1.7089315,86.0742,1.633772237,1.7089315,86.0742,-16.04251576,2.5443315,129.182,19.82558424,-2.5713685,124.392,-16.36191576,1.1714315,74.9488,18.80658424,0.5964315,75.9971,-14.46121576,13.0478315,38.0956,18.59828424,9.6406315,39.5726,-8.622215763,-4.2865685,5.58077,10.91499424,-5.5070685,3.74906,-11.27681576,5.6511315,0.763723,14.38218424,3.0152315,0.435066
46,1.619416337,1.6758315,86.0333,1.619416337,1.6758315,86.0333,-16.09951576,2.4926315,129.141,19.78578424,-2.6426685,124.365,-16.36311576,1.2004315,74.8964,18.80198424,0.5889315,75.9729,-14.38871576,12.9974315,38.0122,18.59638424,9.6062315,39.537,-8.553515763,-4.2610685,5.446,10.91182424,-5.6302685,3.76166,-11.25041576,5.6756315,0.712313,14.36818424,2.8873315,0.429362
46.5,1.604128037,1.6413315,85.9924,1.604128037,1.6413315,85.9924,-16.15901576,2.4407315,129.1,19.74228424,-2.7134685,124.338,-16.36401576,1.2295315,74.8438,18.80048424,0.5816315,75.9488,-14.31261576,12.9359315,37.9248,18.59208424,9.5735315,39.5017,-8.489815763,-4.2564685,5.31676,10.90711424,-5.7527685,3.77382,-11.22941576,5.6774315,0.666964,14.35708424,2.7590315,0.424599
47,1.587254837,1.6060315,85.9523,1.587254837,1.6060315,85.9523,-16.22101576,2.3902315,129.06,19.69418424,-2.7824685,124.312,-16.36461576,1.2587315,74.7916,18.80018424,0.5737315,75.9252,-14.23561576,12.8677315,37.8354,18.58748424,9.5418315,39.4685,-8.433955763,-4.2746685,5.19752,10.90119424,-5.8748685,3.78548,-11.21611576,5.6566315,0.627994,14.34758424,2.6302315,0.420252
47.5,1.569064337,1.5681315,85.9126,1.569064337,1.5681315,85.9126,-16.28921576,2.3375315,129.018,19.64338424,-2.8538685,124.286,-16.36701576,1.2886315,74.7404,18.80448424,0.5665315,75.9021,-14.15111576,12.7881315,37.7435,18.58008424,9.5105315,39.4356,-8.384925763,-4.3173685,5.08715,10.89463424,-5.9956685,3.79718,-11.20871576,5.6070315,0.594458,14.34158424,2.5035315,0.416188
48,1.550100937,1.5292315,85.874,1.550100937,1.5292315,85.874,-16.35861576,2.2848315,128.977,19.58798424,-2.9240685,124.262,-16.36851576,1.3167315,74.6902,18.81188424,0.5592315,75.8793,-14.06501576,12.7026315,37.6515,18.57078424,9.4810315,39.4038,-8.340355763,-4.3750685,4.98372,10.88813424,-6.1162685,3.80896,-11.20501576,5.5422315,0.56626,14.33808424,2.3772315,0.413222
48.5,1.529716877,1.4898315,85.8374,1.529716877,1.4898315,85.8374,-16.42811576,2.2335315,128.937,19.52738424,-2.9921685,124.241,-16.37101576,1.3426315,74.6416,18.82068424,0.5509315,75.8579,-13.98121576,12.6130315,37.561,18.56058424,9.4529315,39.3746,-8.300935763,-4.4477685,4.88877,10.88265424,-6.2370685,3.82109,-11.20471576,5.4633315,0.542479,14.33718424,2.2513315,0.41134
49,1.507774837,1.4482315,85.8022,1.507774837,1.4482315,85.8022,-16.50331576,2.1793315,128.898,19.46458424,-3.0617685,124.222,-16.37611576,1.3681315,74.5957,18.83248424,0.5430315,75.8358,-13.89081576,12.5181315,37.4726,18.54868424,9.4256315,39.3467,-8.267305763,-4.5404685,4.80467,10.87604424,-6.3568685,3.83242,-11.21021576,5.3601315,0.525478,14.33968424,2.1274315,0.409918
49.5,1.484457437,1.4057315,85.7694,1.484457437,1.4057315,85.7694,-16.57861576,2.1252315,128.859,19.39788424,-3.1298685,124.206,-16.38261576,1.3897315,74.5524,18.84508424,0.5344315,75.8155,-13.80421576,12.4209315,37.3882,18.53468424,9.3986315,39.3206,-8.236215763,-4.6404685,4.72664,10.87127424,-6.4774685,3.84454,-11.21611576,5.2500315,0.510676,14.34298424,2.0042315,0.409003
50,1.459596837,1.3623315,85.7394,1.459596837,1.3623315,85.7394,-16.65301576,2.0722315,128.822,19.32738424,-3.1965685,124.194,-16.39131576,1.4072315,74.5121,18.85788424,0.5248315,75.7973,-13.72321576,12.3215315,37.3083,18.51838424,9.3718315,39.2966,-8.207325763,-4.7480685,4.65459,10.86895424,-6.5986685,3.85773,-11.22171576,5.1335315,0.497377,14.34718424,1.8816315,0.408598
50.5,1.431742237,1.3174315,85.7125,1.431742237,1.3174315,85.7125,-16.73261576,2.0165315,128.788,19.25528424,-3.2628685,124.185,-16.40461576,1.4222315,74.4764,18.86818424,0.5143315,75.7787,-13.64191576,12.2226315,37.2356,18.50068424,9.3443315,39.276,-8.183625763,-4.8686685,4.59425,10.86455424,-6.7204685,3.86986,-11.23211576,5.0007315,0.490174,14.35268424,1.7593315,0.408745
51,1.401526237,1.2712315,85.6891,1.401526237,1.2712315,85.6891,-16.81131576,1.9610315,128.756,19.18118424,-3.3282685,124.181,-16.42271576,1.4322315,74.4454,18.87608424,0.5029315,75.7638,-13.57031576,12.1217315,37.1697,18.47928424,9.3142315,39.257,-8.160505763,-4.9906685,4.5374,10.86290424,-6.8434685,3.88343,-11.23991576,4.8673315,0.481835,14.35648424,1.6371315,0.408221
51.5,1.369296237,1.2239315,85.6693,1.369296237,1.2239315,85.6693,-16.88981576,1.9060315,128.725,19.10598424,-3.3929685,124.181,-16.44411576,1.4370315,74.419,18.88138424,0.4905315,75.7524,-13.50711576,12.0200315,37.1108,18.45448424,9.2815315,39.2403,-8.138125763,-5.1140685,4.48488,10.86376424,-6.9677685,3.89856,-11.24551576,4.7332315,0.472411,14.35808424,1.5150315,0.407016
52,1.332370237,1.1754315,85.6544,1.332370237,1.1754315,85.6544,-16.97181576,1.8505315,128.7,19.02898424,-3.4554685,124.185,-16.47131576,1.4378315,74.3985,18.87808424,0.4757315,75.7426,-13.45271576,11.9205315,37.0616,18.42688424,9.2453315,39.2284,-8.121085763,-5.2437685,4.44237,10.86208424,-7.0937685,3.91325,-11.25451576,4.5923315,0.466646,14.35828424,1.3905315,0.406658
52.5,1.292204237,1.1250315,85.6441,1.292204237,1.1250315,85.6441,-17.05341576,1.7946315,128.678,18.95268424,-3.5176685,124.195,-16.50591576,1.4331315,74.385,18.86918424,0.4600315,75.7386,-13.41111576,11.8164315,37.0205,18.39398424,9.2031315,39.2187,-8.104005763,-5.3718685,4.40135,10.86268424,-7.2214685,3.92995,-11.25961576,4.4533315,0.458188,14.35468424,1.2650315,0.404459
53,1.249360237,1.0735315,85.6385,1.249360237,1.0735315,85.6385,-17.13521576,1.7397315,128.66,18.87738424,-3.5795685,124.209,-16.54491576,1.4239315,74.3776,18.85428424,0.4432315,75.7396,-13.38071576,11.7120315,36.988,18.35778424,9.1554315,39.2121,-8.088105763,-5.4975685,4.36353,10.86472424,-7.3504685,3.94845,-11.26281576,4.3176315,0.447006,14.34678424,1.1381315,0.400945
53.5,1.201192237,1.0211315,85.6391,1.201192237,1.0211315,85.6391,-17.21831576,1.6867315,128.649,18.79958424,-3.6384685,124.229,-16.58861576,1.4098315,74.3772,18.82788424,0.4228315,75.7457,-13.36551576,11.6075315,36.9651,18.31648424,9.1012315,39.2111,-8.077975763,-5.6252685,4.33322,10.86482424,-7.4813685,3.968,-11.26791576,4.1817315,0.437335,14.33588424,1.0075315,0.398689
54,1.149587237,0.9664315,85.6455,1.149587237,0.9664315,85.6455,-17.30201576,1.6331315,128.643,18.72488424,-3.6971685,124.254,-16.64031576,1.3909315,74.3853,18.79368424,0.4018315,75.759,-13.36201576,11.4945315,36.95,18.26988424,9.0384315,39.2139,-8.068745763,-5.7514685,4.30378,10.86592424,-7.6139685,3.9901,-11.27031576,4.0476315,0.425392,14.32078424,0.8742315,0.39443
54.5,1.094922237,0.9108315,85.6573,1.094922237,0.9108315,85.6573,-17.38561576,1.5817315,128.641,18.65148424,-3.7557685,124.284,-16.69681576,1.3693315,74.4007,18.75168424,0.3789315,75.7787,-13.37121576,11.3794315,36.943,18.22058424,8.9678315,39.2209,-8.062245763,-5.8735685,4.27645,10.86706424,-7.7472685,4.01429,-11.27231576,3.9183315,0.410761,14.30218424,0.7387315,0.389416
55,1.036003237,0.8540315,85.6765,1.036003237,0.8540315,85.6765,-17.46811576,1.5339315,128.647,18.57568424,-3.8118685,124.321,-16.75521576,1.3428315,74.4239,18.69928424,0.3522315,75.8069,-13.39741576,11.2597315,36.9446,18.16528424,8.8895315,39.2342,-8.060615763,-5.9964685,4.25402,10.86796424,-7.8816685,4.04147,-11.27441576,3.7914315,0.396291,14.28028424,0.5998315,0.386064
55.5,0.974499237,0.7954315,85.7019,0.974499237,0.7954315,85.7019,-17.55181576,1.4862315,128.661,18.50298424,-3.8667685,124.363,-16.81951576,1.3131315,74.4553,18.63928424,0.3246315,75.8427,-13.42921576,11.1300315,36.952,18.10778424,8.8015315,39.2535,-8.062295763,-6.1184685,4.23365,10.86809424,-8.0170685,4.07136,-11.27701576,3.6656315,0.381615,14.25698424,0.4575315,0.382058
56,0.910260237,0.7360315,85.7335,0.910260237,0.7360315,85.7335,-17.63411576,1.4418315,128.68,18.43068424,-3.9220685,124.412,-16.88851576,1.2826315,74.495,18.57308424,0.2948315,75.886,-13.47311576,10.9935315,36.966,18.04778424,8.7058315,39.278,-8.067445763,-6.2378685,4.21383,10.86760424,-8.1519685,4.10416,-11.28081576,3.5431315,0.365879,14.23278424,0.3131315,0.378704
56.5,0.844355237,0.6753315,85.7724,0.844355237,0.6753315,85.7724,-17.71331576,1.4016315,128.706,18.35718424,-3.9760685,124.467,-16.95601576,1.2483315,74.5426,18.50068424,0.2610315,75.9393,-13.53021576,10.8490315,36.9869,17.98398424,8.6024315,39.3093,-8.075475763,-6.3574685,4.19697,10.86813424,-8.2868685,4.14138,-11.28301576,3.4232315,0.349632,14.20658424,0.1673315,0.377175
57,0.777439237,0.6135315,85.8178,0.777439237,0.6135315,85.8178,-17.79371576,1.3630315,128.739,18.28538424,-4.0277685,124.528,-17.02551576,1.2119315,74.5969,18.42328424,0.2260315,75.9997,-13.58561576,10.6947315,37.0118,17.92188424,8.4907315,39.3485,-8.087595763,-6.4771685,4.1834,10.86731424,-8.4214685,4.18133,-11.28831576,3.3030315,0.335628,14.18348424,0.0188315,0.377665
57.5,0.708978237,0.5507315,85.8691,0.708978237,0.5507315,85.8691,-17.87141576,1.3278315,128.779,18.21238424,-4.0801685,124.596,-17.09911576,1.1760315,74.6592,18.34398424,0.1885315,76.0676,-13.64931576,10.5286315,37.0409,17.85788424,8.3734315,39.3932,-8.102505763,-6.5969685,4.16897,10.86575424,-8.5545685,4.2255,-11.29551576,3.1833315,0.3229,14.16218424,-0.1304685,0.379852
58,0.641737237,0.4869315,85.9272,0.641737237,0.4869315,85.9272,-17.94491576,1.2968315,128.825,18.13988424,-4.1324685,124.669,-17.16881576,1.1377315,74.7291,18.26398424,0.1472315,76.145,-13.71881576,10.3539315,37.0755,17.79508424,8.2498315,39.4452,-8.118235763,-6.7163685,4.1563,10.86495424,-8.6867685,4.27422,-11.30011576,3.0652315,0.309494,14.14068424,-0.2789685,0.383737
58.5,0.575351237,0.4226315,85.9908,0.575351237,0.4226315,85.9908,-18.01871576,1.2687315,128.877,18.06798424,-4.1820685,124.749,-17.23641576,1.0981315,74.8033,18.18268424,0.1043315,76.2279,-13.78261576,10.1703315,37.1128,17.73628424,8.1209315,39.5054,-8.135825763,-6.8366685,4.14688,10.86306424,-8.8175685,4.32594,-11.30851576,2.9462315,0.299748,14.12618424,-0.4280685,0.392227
59,0.508984237,0.3572315,86.0597,0.508984237,0.3572315,86.0597,-18.08951576,1.2431315,128.934,17.99368424,-4.2324685,124.835,-17.30721576,1.0591315,74.8845,18.10468424,0.0590315,76.3174,-13.84751576,9.9728315,37.1524,17.67688424,7.9897315,39.5711,-8.153985763,-6.9592685,4.13601,10.86075424,-8.9466685,4.38314,-11.31791576,2.8248315,0.293014,14.11358424,-0.5761685,0.402182
59.5,0.445684237,0.2911315,86.1341,0.445684237,0.2911315,86.1341,-18.15641576,1.2215315,128.997,17.92118424,-4.2832685,124.926,-17.37381576,1.0187315,74.9719,18.03038424,0.0103315,76.4142,-13.91131576,9.7675315,37.1965,17.62358424,7.8543315,39.6437,-8.171535763,-7.0805685,4.12612,10.85753424,-9.0739685,4.44398,-11.32521576,2.7040315,0.286029,14.10278424,-0.7218685,0.413743
60,0.384674237,0.2250315,86.2125,0.384674237,0.2250315,86.2125,-18.22201576,1.2039315,129.063,17.84928424,-4.3320685,125.021,-17.43541576,0.9773315,75.0618,17.95808424,-0.0403685,76.5147,-13.97001576,9.5550315,37.2427,17.57368424,7.7171315,39.7231,-8.187735763,-7.2033685,4.118,10.85259424,-9.1998685,4.50781,-11.33491576,2.5825315,0.28214,14.09848424,-0.8661685,0.430043
60.5,0.324884237,0.1578315,86.2949,0.324884237,0.1578315,86.2949,-18.28641576,1.1872315,129.134,17.77528424,-4.3813685,125.122,-17.49911576,0.9354315,75.1563,17.89198424,-0.0929685,76.62,-14.02181576,9.3302315,37.2902,17.52548424,7.5809315,39.8074,-8.201195763,-7.3290685,4.10925,10.84792424,-9.3244685,4.57795,-11.34361576,2.4575315,0.281505,14.09398424,-1.0078685,0.446721
61,0.268174237,0.0904315,86.3811,0.268174237,0.0904315,86.3811,-18.34791576,1.1746315,129.208,17.70298424,-4.4307685,125.226,-17.56061576,0.8930315,75.2553,17.83148424,-0.1484685,76.7296,-14.07011576,9.0991315,37.3415,17.48498424,7.4428315,39.8975,-8.213695763,-7.4533685,4.10048,10.83974424,-9.4469685,4.65025,-11.35151576,2.3325315,0.281171,14.09138424,-1.1469685,0.464263
61.5,0.214314237,0.0230315,86.4699,0.214314237,0.0230315,86.4699,-18.40751576,1.1659315,129.284,17.63248424,-4.4792685,125.333,-17.61641576,0.8490315,75.3557,17.77528424,-0.2060685,76.8418,-14.11511576,8.8619315,37.3946,17.44558424,7.3055315,39.9921,-8.222595763,-7.5789685,4.09198,10.82892424,-9.5682685,4.72606,-11.35991576,2.2073315,0.282607,14.09068424,-1.2831685,0.484476
62,0.161774237,-0.0448685,86.5611,0.161774237,-0.0448685,86.5611,-18.46821576,1.1580315,129.363,17.56098424,-4.5278685,125.443,-17.67291576,0.8036315,75.4578,17.72348424,-0.2649685,76.9566,-14.14991576,8.6186315,37.4489,17.40988424,7.1716315,40.0908,-8.227285763,-7.7068685,4.08483,10.81795424,-9.6884685,4.80668,-11.36561576,2.0800315,0.285577,14.08728424,-1.4163685,0.503873
62.5,0.110774237,-0.1126685,86.6544,0.110774237,-0.1126685,86.6544,-18.52741576,1.1538315,129.443,17.49058424,-4.5759685,125.556,-17.73061576,0.7578315,75.5629,17.67678424,-0.3259685,77.073,-14.18301576,8.3687315,37.5062,17.37848424,7.0380315,40.1931,-8.231075763,-7.8343685,4.07661,10.80209424,-9.8067685,4.88901,-11.37211576,1.9524315,0.289295,14.08348424,-1.5473685,0.522495
63,0.062224237,-0.1803685,86.7491,0.062224237,-0.1803685,86.7491,-18.58571576,1.1532315,129.526,17.42298424,-4.6239685,125.669,-17.78361576,0.7101315,75.6683,17.63438424,-0.3892685,77.1914,-14.21381576,8.1154315,37.5652,17.34718424,6.9070315,40.2982,-8.231665763,-7.9625685,4.06852,10.78256424,-9.9236685,4.97466,-11.37741576,1.8253315,0.293171,14.07588424,-1.6748685,0.540851
63.5,0.014004237,-0.2477685,86.8448,0.014004237,-0.2477685,86.8448,-18.64641576,1.1546315,129.609,17.35538424,-4.6715685,125.783,-17.83661576,0.6606315,75.7735,17.59208424,-0.4531685,77.3108,-14.23691576,7.8614315,37.6255,17.31888424,6.7803315,40.406,-8.228735763,-8.0921685,4.06318,10.76229424,-10.0379685,5.06303,-11.38021576,1.6983315,0.296645,14.06388424,-1.7991685,0.557709
64,-0.034685763,-0.3146685,86.9415,-0.034685763,-0.3146685,86.9415,-18.70691576,1.1594315,129.693,17.28788424,-4.7179685,125.898,-17.89311576,0.6102315,75.8801,17.55228424,-0.5186685,77.4305,-14.26151576,7.6013315,37.6879,17.28978424,6.6559315,40.5154,-8.226135763,-8.2229685,4.05703,10.73726424,-10.1503685,5.15313,-11.38481576,1.5709315,0.300803,14.04838424,-1.9215685,0.572
64.5,-0.082115763,-0.3811685,87.0387,-0.082115763,-0.3811685,87.0387,-18.76791576,1.1677315,129.779,17.22318424,-4.7645685,126.012,-17.94731576,0.5582315,75.9861,17.51488424,-0.5861685,77.5514,-14.28451576,7.3409315,37.7517,17.26088424,6.5350315,40.6267,-8.223055763,-8.3535685,4.05205,10.70867424,-10.2597685,5.24536,-11.38791576,1.4448315,0.303871,14.02598424,-2.0400685,0.583997
65,-0.130345763,-0.4463685,87.1358,-0.130345763,-0.4463685,87.1358,-18.83161576,1.1795315,129.865,17.15898424,-4.8104685,126.125,-18.00081576,0.5049315,76.0906,17.47378424,-0.6542685,77.6722,-14.30541576,7.0826315,37.8169,17.23218424,6.4187315,40.7391,-8.218425763,-8.4855685,4.05014,10.67957424,-10.3633685,5.33835,-11.38951576,1.3201315,0.305288,14.00008424,-2.1538685,0.594824
65.5,-0.180715763,-0.5108685,87.2335,-0.180715763,-0.5108685,87.2335,-18.89581576,1.1948315,129.953,17.09368424,-4.8547685,126.238,-18.05911576,0.4500315,76.1952,17.43128424,-0.7232685,77.7932,-14.32901576,6.8205315,37.8832,17.19978424,6.3062315,40.8522,-8.216275763,-8.6193685,4.04892,10.64729424,-10.4636685,5.4329,-11.39381576,1.1955315,0.307205,13.96848424,-2.2649685,0.601955
66,-0.231125763,-0.5741685,87.3311,-0.231125763,-0.5741685,87.3311,-18.96071576,1.2140315,130.041,17.02928424,-4.8988685,126.349,-18.11761576,0.3942315,76.2984,17.38908424,-0.7942685,77.9145,-14.35221576,6.5604315,37.9505,17.16778424,6.1979315,40.9667,-8.217075763,-8.7526685,4.05017,10.61349424,-10.5574685,5.52765,-11.39701576,1.0721315,0.3075,13.93198424,-2.3707685,0.606871
66.5,-0.282685763,-0.6356685,87.4278,-0.282685763,-0.6356685,87.4278,-19.02771576,1.2375315,130.13,16.96568424,-4.9420685,126.459,-18.17421576,0.3381315,76.3992,17.34178424,-0.8660685,78.0348,-14.37791576,6.3031315,38.0188,17.13408424,6.0943315,41.0811,-8.218435763,-8.8874685,4.05392,10.58012424,-10.6409685,5.62127,-11.40021576,0.9504315,0.305845,13.89548424,-2.4683685,0.611868
67,-0.337005763,-0.6959685,87.5247,-0.337005763,-0.6959685,87.5247,-19.09551576,1.2648315,130.22,16.89998424,-4.9839685,126.569,-18.23561576,0.2801315,76.499,17.28998424,-0.9383685,78.1556,-14.40461576,6.0455315,38.0875,17.09668424,5.9953315,41.196,-8.223675763,-9.0236685,4.06002,10.54709424,-10.7180685,5.71589,-11.40611576,0.8290315,0.304632,13.85408424,-2.5607685,0.613649
67.5,-0.392225763,-0.7543685,87.6211,-0.392225763,-0.7543685,87.6211,-19.16211576,1.2964315,130.311,16.83198424,-5.0249685,126.677,-18.29921576,0.2221315,76.5968,17.23718424,-1.0125685,78.2753,-14.43231576,5.7909315,38.1565,17.05978424,5.9015315,41.3116,-8.234185763,-9.1597685,4.06905,10.51577424,-10.7842685,5.8084,-11.41181576,0.7081315,0.302092,13.81368424,-2.6444685,0.614996
68,-0.447795763,-0.8107685,87.7161,-0.447795763,-0.8107685,87.7161,-19.23011576,1.3319315,130.401,16.76498424,-5.0650685,126.783,-18.35911576,0.1646315,76.6912,17.18108424,-1.0879685,78.3933,-14.46381576,5.5388315,38.2258,17.02188424,5.8124315,41.4264,-8.246545763,-9.2965685,4.07958,10.48582424,-10.8350685,5.89758,-11.41871576,0.5881315,0.297979,13.77788424,-2.7142685,0.617927
68.5,-0.505505763,-0.8654685,87.8109,-0.505505763,-0.8654685,87.8109,-19.29881576,1.3717315,130.492,16.69538424,-5.1045685,126.888,-18.42271576,0.1053315,76.7835,17.11918424,-1.1634685,78.5115,-14.49231576,5.2898315,38.295,16.98288424,5.7281315,41.5418,-8.261965763,-9.4340685,4.09306,10.46099424,-10.8753685,5.98685,-11.42671576,0.4684315,0.294366,13.74158424,-2.7751685,0.619971
69,-0.564185763,-0.9180685,87.9046,-0.564185763,-0.9180685,87.9046,-19.36331576,1.4150315,130.584,16.62098424,-5.1427685,126.993,-18.48981576,0.0465315,76.8735,17.05628424,-1.2406685,78.627,-14.52311576,5.0435315,38.3638,16.94438424,5.6498315,41.6568,-8.282605763,-9.5719685,4.10843,10.44092424,-10.9005685,6.07174,-11.43561576,0.3480315,0.290347,13.71278424,-2.8225685,0.62351
69.5,-0.621805763,-0.9685685,87.996,-0.621805763,-0.9685685,87.996,-19.42821576,1.4609315,130.675,16.54698424,-5.1803685,127.095,-18.55171576,-0.0112685,76.959,16.99368424,-1.3193685,78.7399,-14.55491576,4.8000315,38.4318,16.90768424,5.5765315,41.7707,-8.305225763,-9.7089685,4.12429,10.42254424,-10.9059685,6.15074,-11.44631576,0.2278315,0.285388,13.69188424,-2.8493685,0.629385
70,-0.679935763,-1.0171685,88.0866,-0.679935763,-1.0171685,88.0866,-19.49361576,1.5109315,130.765,16.47128424,-5.2181685,127.197,-18.61501576,-0.0701685,77.0414,16.92668424,-1.3979685,78.8517,-14.58081576,4.5614315,38.4995,16.87348424,5.5079315,41.8848,-8.327915763,-9.8463685,4.14216,10.41338424,-10.8969685,6.22845,-11.45551576,0.1074315,0.280945,13.67698424,-2.8628685,0.637699
70.5,-0.738265763,-1.0638685,88.175,-0.738265763,-1.0638685,88.175,-19.55311576,1.5626315,130.853,16.39038424,-5.2544685,127.297,-18.68131576,-0.1287685,77.1208,16.85968424,-1.4776685,78.9594,-14.60861576,4.3250315,38.5658,16.84038424,5.4457315,41.9971,-8.353385763,-9.9837685,4.15974,10.41068424,-10.8699685,6.30005,-11.46641576,-0.0145685,0.277146,13.67298424,-2.8570685,0.648117
71,-0.794775763,-1.1087685,88.2607,-0.794775763,-1.1087685,88.2607,-19.61171576,1.6151315,130.94,16.30838424,-5.2907685,127.396,-18.74321576,-0.1862685,77.1956,16.79568424,-1.5583685,79.0639,-14.63331576,4.0920315,38.6303,16.81108424,5.3881315,42.1076,-8.379655763,-10.1193685,4.17676,10.40933424,-10.8219685,6.36391,-11.47841576,-0.1368685,0.272931,13.67618424,-2.8275685,0.660021
71.5,-0.849415763,-1.1517685,88.3439,-0.849415763,-1.1517685,88.3439,-19.67021576,1.6705315,131.025,16.22698424,-5.3274685,127.492,-18.80291576,-0.2439685,77.2661,16.73118424,-1.6392685,79.1649,-14.65201576,3.8639315,38.6936,16.78738424,5.3359315,42.2173,-8.402535763,-10.2547685,4.19353,10.41873424,-10.7553685,6.42409,-11.48721576,-0.2598685,0.269343,13.69208424,-2.7782685,0.677013
72,-0.903765763,-1.1933685,88.4241,-0.903765763,-1.1933685,88.4241,-19.72471576,1.7253315,131.106,16.14188424,-5.3634685,127.587,-18.86401576,-0.3021685,77.3331,16.66648424,-1.7198685,79.2616,-14.67001576,3.6379315,38.7548,16.76568424,5.2891315,42.3239,-8.424705763,-10.3897685,4.20813,10.43344424,-10.6720685,6.47791,-11.49741576,-0.3841685,0.266707,13.71578424,-2.7084685,0.694642
72.5,-0.955925763,-1.2333685,88.5011,-0.955925763,-1.2333685,88.5011,-19.77661576,1.7793315,131.184,16.05528424,-5.3996685,127.68,-18.92301576,-0.3590685,77.396,16.60668424,-1.8009685,79.3544,-14.68261576,3.4163315,38.8131,16.74758424,5.2474315,42.4281,-8.445775763,-10.5230685,4.22128,10.45028424,-10.5675685,6.52344,-11.50761576,-0.5090685,0.263993,13.74448424,-2.6125685,0.712161
73,-1.004665763,-1.2716685,88.5739,-1.004665763,-1.2716685,88.5739,-19.82861576,1.8338315,131.257,15.97148424,-5.4360685,127.769,-18.97611576,-0.4155685,77.4538,16.54958424,-1.8821685,79.4417,-14.69161576,3.1983315,38.8692,16.73658424,5.2116315,42.5298,-8.461175763,-10.6556685,4.23165,10.47452424,-10.4430685,6.56262,-11.51471576,-0.6344685,0.261954,13.78628424,-2.4933685,0.734092
73.5,-1.052845763,-1.3091685,88.643,-1.052845763,-1.3091685,88.643,-19.87971576,1.8864315,131.326,15.88628424,-5.4724685,127.855,-19.02871576,-0.4728685,77.5077,16.49218424,-1.9617685,79.5251,-14.69741576,2.9827315,38.922,16.72748424,5.1802315,42.6279,-8.473715763,-10.7876685,4.23922,10.50261424,-10.3040685,6.59599,-11.52191576,-0.7603685,0.260707,13.83098424,-2.3544685,0.75494
74,-1.098795763,-1.3449685,88.7084,-1.098795763,-1.3449685,88.7084,-19.92681576,1.9370315,131.39,15.80088424,-5.5090685,127.938,-19.08131576,-0.5286685,77.5589,16.43928424,-2.0412685,79.604,-14.69851576,2.7725315,38.9716,16.72028424,5.1550315,42.7229,-8.483215763,-10.9187685,4.24446,10.53325424,-10.1453685,6.6221,-11.52901576,-0.8864685,0.259739,13.87708424,-2.1890685,0.773575
74.5,-1.141625763,-1.3795685,88.7687,-1.141625763,-1.3795685,88.7687,-19.97591576,1.9853315,131.448,15.71928424,-5.5452685,128.016,-19.12651576,-0.5840685,77.6047,16.39008424,-2.1202685,79.6772,-14.69871576,2.5649315,39.0175,16.71908424,5.1363315,42.8141,-8.487815763,-11.0488685,4.24627,10.56575424,-9.9681685,6.64015,-11.53341576,-1.0125685,0.258731,13.92998424,-2.0013685,0.792831
75,-1.183355763,-1.4131685,88.8251,-1.183355763,-1.4131685,88.8251,-20.02591576,2.0317315,131.501,15.63898424,-5.5816685,128.09,-19.16961576,-0.6398685,77.647,16.34148424,-2.1971685,79.7467,-14.69521576,2.3601315,39.0594,16.71858424,5.1216315,42.9017,-8.488515763,-11.1786685,4.24533,10.60140424,-9.7779685,6.65364,-11.53681576,-1.1384685,0.258404,13.98288424,-1.7951685,0.810415
75.5,-1.223335763,-1.4450685,88.8775,-1.223335763,-1.4450685,88.8775,-20.07181576,2.0754315,131.549,15.56038424,-5.6175685,128.16,-19.21351576,-0.6941685,77.6877,16.29538424,-2.2732685,79.8118,-14.68971576,2.1613315,39.0979,16.71788424,5.1147315,42.986,-8.486415763,-11.3086685,4.24192,10.63883424,-9.5707685,6.66166,-11.54091576,-1.2635685,0.258655,14.03238424,-1.5652685,0.823567
76,-1.261655763,-1.4758685,88.9246,-1.261655763,-1.4758685,88.9246,-20.12171576,2.1153315,131.59,15.48558424,-5.6528685,128.224,-19.25101576,-0.7479685,77.7238,16.25158424,-2.3482685,79.8721,-14.68501576,1.9653315,39.1319,16.72028424,5.1151315,43.0659,-8.481615763,-11.4374685,4.23624,10.67431424,-9.3470685,6.66156,-11.54311576,-1.3879685,0.257919,14.08148424,-1.3156685,0.83352
76.5,-1.298125763,-1.5052685,88.9683,-1.298125763,-1.5052685,88.9683,-20.17231576,2.1538315,131.626,15.41448424,-5.6874685,128.285,-19.28571576,-0.8012685,77.7575,16.21028424,-2.4210685,79.9287,-14.67851576,1.7726315,39.1621,16.72188424,5.1203315,43.1428,-8.473315763,-11.5663685,4.22841,10.71272424,-9.1114685,6.6585,-11.54331576,-1.5119685,0.257848,14.13058424,-1.0500685,0.842379
77,-1.333515763,-1.5327685,89.008,-1.333515763,-1.5327685,89.008,-20.22011576,2.1895315,131.657,15.34658424,-5.7207685,128.339,-19.32071576,-0.8532685,77.7899,16.16898424,-2.4926685,79.9812,-14.67241576,1.5857315,39.1891,16.72208424,5.1344315,43.2164,-8.464095763,-11.6957685,4.21888,10.75200424,-8.8614685,6.65159,-11.54521576,-1.6344685,0.258465,14.17248424,-0.7646685,0.845929
77.5,-1.368805763,-1.5589685,89.0433,-1.368805763,-1.5589685,89.0433,-20.27181576,2.2216315,131.682,15.28168424,-5.7534685,128.389,-19.35231576,-0.9045685,77.8197,16.12788424,-2.5623685,80.0302,-14.66791576,1.4032315,39.2116,16.72148424,5.1569315,43.2859,-8.454865763,-11.8241685,4.20899,10.78863424,-8.5966685,6.63825,-11.54551576,-1.7556685,0.25742,14.20948424,-0.4628685,0.84459
78,-1.401475763,-1.5830685,89.0757,-1.401475763,-1.5830685,89.0757,-20.32271576,2.2531315,131.703,15.22218424,-5.7839685,128.435,-19.38101576,-0.9544685,77.8481,16.09098424,-2.6307685,80.0752,-14.66461576,1.2246315,39.2317,16.72008424,5.1855315,43.3532,-8.443605763,-11.9524685,4.19804,10.82742424,-8.3207685,6.6228,-11.54391576,-1.8765685,0.257281,14.24908424,-0.1478685,0.843614
78.5,-1.433485763,-1.6053685,89.1046,-1.433485763,-1.6053685,89.1046,-20.37251576,2.2820315,131.72,15.16658424,-5.8127685,128.476,-19.40941576,-1.0036685,77.8746,16.05308424,-2.6974685,80.1165,-14.66231576,1.0507315,39.2491,16.71688424,5.2233315,43.4174,-8.433045763,-12.0808685,4.18659,10.86774424,-8.0321685,6.6048,-11.54391576,-1.9962685,0.257575,14.28128424,0.1825315,0.838654
79,-1.465965763,-1.6254685,89.1304,-1.465965763,-1.6254685,89.1304,-20.42341576,2.3088315,131.732,15.11288424,-5.8405685,128.512,-19.43771576,-1.0516685,77.9011,16.01428424,-2.7615685,80.1548,-14.66201576,0.8832315,39.2632,16.71028424,5.2701315,43.4784,-8.424605763,-12.2083685,4.17636,10.90671424,-7.7305685,6.58297,-11.54241576,-2.1147685,0.256269,14.30878424,0.5266315,0.830321
79.5,-1.495515763,-1.6434685,89.1537,-1.495515763,-1.6434685,89.1537,-20.47161576,2.3351315,131.742,15.06528424,-5.8654685,128.545,-19.46381576,-1.0981685,77.9263,15.98008424,-2.8252685,80.1887,-14.66441576,0.7202315,39.2766,16.70398424,5.3238315,43.5373,-8.415775763,-12.3351685,4.16614,10.94636424,-7.4182685,6.55851,-11.54001576,-2.2329685,0.256276,14.34118424,0.8812315,0.823444
80,-1.524345763,-1.6596685,89.1743,-1.524345763,-1.6596685,89.1743,-20.52021576,2.3594315,131.75,15.02168424,-5.8883685,128.575,-19.48931576,-1.1443685,77.9491,15.94548424,-2.8863685,80.219,-14.66771576,0.5609315,39.2883,16.69628424,5.3859315,43.5934,-8.407615763,-12.4610685,4.15662,10.98964424,-7.0946685,6.53253,-11.53751576,-2.3510685,0.256168,14.37048424,1.2476315,0.816146
80.5,-1.552775763,-1.6731685,89.1929,-1.552775763,-1.6731685,89.1929,-20.56451576,2.3833315,131.754,14.97908424,-5.9096685,128.601,-19.51651576,-1.1891685,77.9732,15.91108424,-2.9448685,80.2455,-14.67221576,0.4090315,39.2988,16.68488424,5.4566315,43.6469,-8.402875763,-12.5860685,4.1489,11.03270424,-6.7605685,6.50489,-11.53451576,-2.4685685,0.2556,14.39788424,1.6250315,0.808894
81,-1.578705763,-1.6848685,89.2092,-1.578705763,-1.6848685,89.2092,-20.60581576,2.4062315,131.757,14.94238424,-5.9285685,128.624,-19.54321576,-1.2326685,77.9956,15.87978424,-3.0027685,80.2674,-14.67951576,0.2618315,39.3096,16.67558424,5.5337315,43.6982,-8.398345763,-12.7097685,4.14195,11.07524424,-6.4166685,6.47354,-11.53071576,-2.5861685,0.256339,14.43068424,2.0105315,0.8034
81.5,-1.603245763,-1.6945685,89.2235,-1.603245763,-1.6945685,89.2235,-20.64641576,2.4279315,131.759,14.90918424,-5.9452685,128.645,-19.56921576,-1.2760685,78.0158,15.85018424,-3.0573685,80.2853,-14.68751576,0.1181315,39.3198,16.66498424,5.6180315,43.7462,-8.393335763,-12.8318685,4.13651,11.12269424,-6.0632685,6.44155,-11.52521576,-2.7046685,0.256683,14.46708424,2.4047315,0.801918
82,-1.625895763,-1.7018685,89.2362,-1.625895763,-1.7018685,89.2362,-20.67901576,2.4497315,131.76,14.87698424,-5.9600685,128.662,-19.59651576,-1.3185685,78.036,15.82258424,-3.1090685,80.2981,-14.69511576,-0.0189685,39.3304,16.65338424,5.7084315,43.7923,-8.391315763,-12.9528685,4.13248,11.17021424,-5.7038685,6.40879,-11.52101576,-2.8235685,0.258089,14.50428424,2.8062315,0.803077
82.5,-1.646915763,-1.7078685,89.2467,-1.646915763,-1.7078685,89.2467,-20.70931576,2.4700315,131.76,14.84978424,-5.9738685,128.677,-19.62501576,-1.3598685,78.0545,15.79538424,-3.1593685,80.3068,-14.70391576,-0.1513685,39.3411,16.64488424,5.8041315,43.8356,-8.389605763,-13.0726685,4.12976,11.21649424,-5.3359685,6.3717,-11.51511576,-2.9429685,0.260323,14.54488424,3.2141315,0.805568
83,-1.665355763,-1.7117685,89.2555,-1.665355763,-1.7117685,89.2555,-20.73551576,2.4896315,131.76,14.82558424,-5.9851685,128.691,-19.65211576,-1.4013685,78.0708,15.77248424,-3.2054685,80.3102,-14.71421576,-0.2796685,39.3522,16.63568424,5.9054315,43.8753,-8.385975763,-13.1906685,4.12874,11.26635424,-4.9627685,6.33485,-11.50761576,-3.0638685,0.262633,14.59448424,3.6267315,0.815021
83.5,-1.681105763,-1.7140685,89.2624,-1.681105763,-1.7140685,89.2624,-20.75341576,2.5088315,131.761,14.80258424,-5.9948685,128.701,-19.67901576,-1.4421685,78.0848,15.75248424,-3.2481685,80.3083,-14.72251576,-0.4031685,39.3638,16.62768424,6.0096315,43.913,-8.383955763,-13.3079685,4.12864,11.31596424,-4.5881685,6.2972,-11.50251576,-3.1855685,0.266636,14.64468424,4.0420315,0.827175
84,-1.695925763,-1.7154685,89.2672,-1.695925763,-1.7154685,89.2672,-20.77001576,2.5262315,131.76,14.78378424,-6.0051685,128.708,-19.70781576,-1.4821685,78.0969,15.73068424,-3.2883685,80.3029,-14.72971576,-0.5223685,39.3744,16.62368424,6.1179315,43.9481,-8.382315763,-13.4246685,4.13018,11.36444424,-4.2076685,6.25578,-11.49501576,-3.3084685,0.270893,14.69528424,4.4626315,0.839627
84.5,-1.707005763,-1.7148685,89.2701,-1.707005763,-1.7148685,89.2701,-20.77911576,2.5430315,131.76,14.76758424,-6.0126685,128.714,-19.73301576,-1.5224685,78.1066,15.71448424,-3.3233685,80.2914,-14.73961576,-0.6359685,39.3851,16.62028424,6.2304315,43.9795,-8.378255763,-13.5401685,4.13318,11.41207424,-3.8283685,6.21536,-11.48761576,-3.4323685,0.276052,14.75528424,4.8823315,0.858359
85,-1.715685763,-1.7131685,89.2707,-1.715685763,-1.7131685,89.2707,-20.78221576,2.5587315,131.76,14.75298424,-6.0190685,128.716,-19.75711576,-1.5618685,78.1122,15.70068424,-3.3541685,80.2756,-14.74731576,-0.7468685,39.3952,16.61808424,6.3437315,44.0085,-8.374385763,-13.6561685,4.13709,11.45979424,-3.4510685,6.17443,-11.48291576,-3.5572685,0.282404,14.81348424,5.3001315,0.877705
85.5,-1.723615763,-1.7109685,89.2692,-1.723615763,-1.7109685,89.2692,-20.78461576,2.5725315,131.76,14.74138424,-6.0269685,128.714,-19.78191576,-1.6007685,78.1159,15.68438424,-3.3816685,80.257,-14.75191576,-0.8530685,39.4027,16.61998424,6.4601315,44.0355,-8.371345763,-13.7721685,4.14268,11.50706424,-3.0715685,6.1315,-11.47591576,-3.6833685,0.288438,14.86938424,5.7220315,0.895865
86,-1.727345763,-1.7068685,89.2653,-1.727345763,-1.7068685,89.2653,-20.77821576,2.5856315,131.759,14.73278424,-6.0319685,128.709,-19.80041576,-1.6395685,78.116,15.67288424,-3.4028685,80.2327,-14.75951576,-0.9523685,39.4088,16.62448424,6.5803315,44.0595,-8.367085763,-13.8885685,4.1496,11.54808424,-2.7003685,6.08992,-11.47121576,-3.8096685,0.295843,14.92818424,6.1357315,0.914985
86.5,-1.729635763,-1.7019685,89.2592,-1.729635763,-1.7019685,89.2592,-20.76921576,2.5975315,131.759,14.72608424,-6.0364685,128.7,-19.81811576,-1.6773685,78.1127,15.66248424,-3.4202685,80.2058,-14.76601576,-1.0501685,39.4129,16.62898424,6.7011315,44.0813,-8.361995763,-14.0060685,4.15756,11.59038424,-2.3326685,6.04911,-11.46801576,-3.9367685,0.30311,14.98438424,6.5455315,0.933059
87,-1.730695763,-1.6963685,89.2508,-1.730695763,-1.6963685,89.2508,-20.75881576,2.6076315,131.757,14.72108424,-6.0417685,128.688,-19.83351576,-1.7149685,78.1068,15.65098424,-3.4332685,80.1769,-14.76891576,-1.1423685,39.413,16.63628424,6.8250315,44.1016,-8.358565763,-14.1242685,4.16696,11.63288424,-1.9665685,6.00861,-11.46421576,-4.0646685,0.30964,15.03598424,6.9566315,0.947691
87.5,-1.728355763,-1.6888685,89.2394,-1.728355763,-1.6888685,89.2394,-20.74231576,2.6171315,131.754,14.71998424,-6.0447685,128.67,-19.84191576,-1.7511685,78.0969,15.64118424,-3.4394685,80.1439,-14.77391576,-1.2266685,39.4094,16.64828424,6.9532315,44.1201,-8.356145763,-14.2443685,4.17768,11.66658424,-1.6138685,5.96972,-11.46281576,-4.1917685,0.316687,15.08068424,7.3533315,0.955942
88,-1.725295763,-1.6806685,89.2265,-1.725295763,-1.6806685,89.2265,-20.72501576,2.6259315,131.75,14.72088424,-6.0471685,128.649,-19.84981576,-1.7866685,78.0852,15.63198424,-3.4429685,80.11,-14.77941576,-1.3096685,39.4035,16.65918424,7.0826315,44.1367,-8.352745763,-14.3653685,4.18943,11.70198424,-1.2646685,5.93259,-11.46211576,-4.3192685,0.322695,15.12438424,7.7458315,0.962642
88.5,-1.720365763,-1.6711685,89.211,-1.720365763,-1.6711685,89.211,-20.70501576,2.6330315,131.744,14.72218424,-6.0485685,128.625,-19.85251576,-1.8216685,78.0705,15.62368424,-3.4411685,80.0744,-14.78191576,-1.3860685,39.3928,16.67058424,7.2161315,44.1519,-8.351665763,-14.4874685,4.20187,11.73808424,-0.9203685,5.89783,-11.46271576,-4.4468685,0.327386,15.16078424,8.1355315,0.963326
89,-1.713375763,-1.6594685,89.1924,-1.713375763,-1.6594685,89.1924,-20.68351576,2.6403315,131.737,14.72898424,-6.0482685,128.594,-19.85041576,-1.8541685,78.0527,15.61458424,-3.4331685,80.0368,-14.78551576,-1.4541685,39.3772,16.68758424,7.3543315,44.1659,-8.353225763,-14.6116685,4.21538,11.76708424,-0.5911685,5.86448,-11.46321576,-4.5734685,0.330758,15.18538424,8.5077315,0.952859
89.5,-1.705945763,-1.6472685,89.1731,-1.705945763,-1.6472685,89.1731,-20.66141576,2.6471315,131.728,14.73728424,-6.0468685,128.562,-19.84791576,-1.8863685,78.0348,15.60588424,-3.4232685,79.999,-14.79041576,-1.5206685,39.3599,16.70328424,7.4938315,44.1784,-8.354265763,-14.7362685,4.22944,11.79698424,-0.2646685,5.83289,-11.46451576,-4.6998685,0.33313,15.20978424,8.8764315,0.940963
90,-1.696425763,-1.6328685,89.1508,-1.696425763,-1.6328685,89.1508,-20.63591576,2.6527315,131.715,14.74568424,-6.0425685,128.525,-19.83951576,-1.9172685,78.0138,15.60038424,-3.4076685,79.9595,-14.79391576,-1.5798685,39.3383,16.71698424,7.6385315,44.1885,-8.357315763,-14.8613685,4.24307,11.82778424,0.0546315,5.80435,-11.46731576,-4.8259685,0.333285,15.22578424,9.2370315,0.92177
90.5,-1.685655763,-1.6163685,89.1258,-1.685655763,-1.6163685,89.1258,-20.61151576,2.6592315,131.7,14.76128424,-6.0359685,128.484,-19.83001576,-1.9451685,77.9919,15.59328424,-3.3867685,79.9192,-14.79791576,-1.6315685,39.3125,16.73538424,7.7859315,44.1959,-8.363205763,-14.9874685,4.25646,11.85428424,0.3597315,5.77531,-11.46731576,-4.9513685,0.3309,15.23098424,9.5800315,0.891185
91,-1.674575763,-1.5993685,89.1006,-1.674575763,-1.5993685,89.1006,-20.58641576,2.6653315,131.684,14.77768424,-6.0284685,128.442,-19.81991576,-1.9730685,77.9705,15.58658424,-3.3646685,79.8788,-14.80271576,-1.6816685,39.2861,16.75288424,7.9342315,44.2022,-8.369005763,-15.1134685,4.26984,11.88048424,0.6627315,5.74739,-11.46841576,-5.0764685,0.328082,15.23588424,9.9205315,0.859618
91.5,-1.661695763,-1.5796685,89.0721,-1.661695763,-1.5796685,89.0721,-20.55811576,2.6704315,131.664,14.79558424,-6.0159685,128.396,-19.80671576,-1.9983685,77.9471,15.58428424,-3.3360685,79.8356,-14.80891576,-1.7246685,39.257,16.76598424,8.0861315,44.2031,-8.375155763,-15.2390685,4.28128,11.90648424,0.9557315,5.72052,-11.46931576,-5.2011685,0.32233,15.23348424,10.2462315,0.822017
92,-1.647605763,-1.5582685,89.0413,-1.647605763,-1.5582685,89.0413,-20.53031576,2.6764315,131.64,14.82088424,-6.0004685,128.347,-19.79531576,-2.0209685,77.9243,15.58188424,-3.3032685,79.7912,-14.81451576,-1.7623685,39.226,16.78138424,8.2361315,44.1984,-8.382965763,-15.3634685,4.29059,11.92928424,1.2366315,5.68959,-11.46691576,-5.3260685,0.314553,15.22448424,10.5563315,0.777036
92.5,-1.633365763,-1.5365685,89.0104,-1.633365763,-1.5365685,89.0104,-20.50211576,2.6819315,131.617,14.84658424,-5.9844685,128.298,-19.78331576,-2.0434685,77.902,15.57968424,-3.2695685,79.7466,-14.82031576,-1.7986685,39.195,16.79638424,8.3863315,44.1929,-8.390775763,-15.4878685,4.29955,11.95118424,1.5155315,5.65903,-11.46521576,-5.4504685,0.306796,15.21458424,10.8642315,0.731403
93,-1.617795763,-1.5122685,88.976,-1.617795763,-1.5122685,88.976,-20.47071576,2.6861315,131.589,14.87708424,-5.9619685,128.246,-19.77321576,-2.0619685,77.879,15.58208424,-3.2278685,79.6971,-14.83021576,-1.8295685,39.1638,16.80468424,8.5339315,44.1769,-8.396475763,-15.6104685,4.30496,11.96888424,1.7792315,5.6245,-11.46151576,-5.5752685,0.296673,15.20018424,11.1492315,0.684288
93.5,-1.600855763,-1.4870685,88.9395,-1.600855763,-1.4870685,88.9395,-20.43771576,2.6903315,131.558,14.91338424,-5.9360685,128.193,-19.76551576,-2.0781685,77.8567,15.58618424,-3.1826685,79.6453,-14.83841576,-1.8578685,39.1327,16.81168424,8.6740315,44.1525,-8.401885763,-15.7309685,4.30703,11.98198424,2.0318315,5.58223,-11.45581576,-5.7007685,0.286175,15.18228424,11.4201315,0.634692
94,-1.583875763,-1.4616685,88.9028,-1.583875763,-1.4616685,88.9028,-20.40481576,2.6941315,131.528,14.95028424,-5.9099685,128.139,-19.75761576,-2.0940685,77.8346,15.59018424,-3.1365685,79.5931,-14.84671576,-1.8853685,39.1018,16.81868424,8.8138315,44.1274,-8.407265763,-15.8514685,4.30872,11.99428424,2.2823315,5.53992,-11.45021576,-5.8261685,0.275882,15.16358424,11.6888315,0.584984
94.5,-1.565845763,-1.4344685,88.8621,-1.565845763,-1.4344685,88.8621,-20.36791576,2.6953315,131.494,14.99538424,-5.8768685,128.083,-19.75541576,-2.1043685,77.8125,15.59808424,-3.0806685,79.5333,-14.86021576,-1.9096685,39.0725,16.81658424,8.9408315,44.086,-8.408465763,-15.9695685,4.30605,11.99508424,2.5084315,5.48665,-11.44261576,-5.9524685,0.265541,15.14208424,11.9244315,0.5402
95,-1.546535763,-1.4070685,88.8195,-1.546535763,-1.4070685,88.8195,-20.32761576,2.6957315,131.459,15.04448424,-5.8407685,128.027,-19.75501576,-2.1124685,77.7901,15.60838424,-3.0214685,79.4707,-14.87221576,-1.9335685,39.0438,16.80948424,9.0573315,44.0355,-8.407905763,-16.0860685,4.30045,11.98988424,2.7234315,5.42468,-11.43491576,-6.0798685,0.256363,15.11848424,12.1466315,0.496541
95.5,-1.527215763,-1.3796685,88.7766,-1.527215763,-1.3796685,88.7766,-20.28771576,2.6957315,131.424,15.09418424,-5.8045685,127.97,-19.75451576,-2.1200685,77.7675,15.61838424,-2.9615685,79.4076,-14.88401576,-1.9570685,39.0153,16.80258424,9.1731315,43.9844,-8.407325763,-16.2026685,4.29458,11.98408424,2.9363315,5.36233,-11.42701576,-6.2072685,0.247377,15.09458424,12.3665315,0.453266
96,-1.506685763,-1.3515685,88.7291,-1.506685763,-1.3515685,88.7291,-20.24211576,2.6917315,131.388,15.15458424,-5.7617685,127.909,-19.75971576,-2.1202685,77.7438,15.63028424,-2.8900685,79.335,-14.90031576,-1.9790685,38.9876,16.78398424,9.2663315,43.9132,-8.402175763,-16.3177685,4.28559,11.95878424,3.1116315,5.28377,-11.41941576,-6.3359685,0.241526,15.06728424,12.5413315,0.420716
96.5,-1.485205763,-1.3236685,88.6801,-1.485205763,-1.3236685,88.6801,-20.19301576,2.6864315,131.351,15.21738424,-5.7165685,127.849,-19.76531576,-2.1182685,77.7189,15.64418424,-2.8157685,79.26,-14.91551576,-2.0011685,38.9599,16.75918424,9.3500315,43.8348,-8.395235763,-16.4322685,4.27523,11.92748424,3.2761315,5.19852,-11.41321576,-6.4654685,0.237424,15.03818424,12.7035315,0.390701
97,-1.463715763,-1.2956685,88.6308,-1.463715763,-1.2956685,88.6308,-20.14421576,2.6810315,131.315,15.28068424,-5.6714685,127.787,-19.77081576,-2.1158685,77.6936,15.65778424,-2.7409685,79.1845,-14.93071576,-2.0230685,38.9323,16.73448424,9.4329315,43.756,-8.388265763,-16.5467685,4.26479,11.89578424,3.4389315,5.11282,-11.40661576,-6.5950685,0.2334,15.00918424,12.8638315,0.36127
97.5,-1.440225763,-1.2675685,88.5766,-1.440225763,-1.2675685,88.5766,-20.08751576,2.6713315,131.279,15.35508424,-5.6203685,127.721,-19.77731576,-2.1038685,77.6643,15.67078424,-2.6542685,79.1002,-14.94721576,-2.0422685,38.902,16.69628424,9.4900315,43.6588,-8.378765763,-16.6617685,4.25492,11.84068424,3.5505315,5.01161,-11.40391576,-6.7254685,0.23473,14.97468424,12.9672315,0.345569
98,-1.416205763,-1.2396685,88.5214,-1.416205763,-1.2396685,88.5214,-20.02871576,2.6607315,131.244,15.43068424,-5.5679685,127.654,-19.78311576,-2.0902685,77.6336,15.68468424,-2.5659685,79.0145,-14.96321576,-2.0610685,38.8709,16.65358424,9.5417315,43.5579,-8.368475763,-16.7770685,4.24526,11.78158424,3.6532315,4.90723,-11.40271576,-6.8561685,0.237352,14.93888424,13.0606315,0.33198
98.5,-1.392155763,-1.2116685,88.4661,-1.392155763,-1.2116685,88.4661,-19.96991576,2.6500315,131.208,15.50658424,-5.5155685,127.587,-19.78881576,-2.0762685,77.6026,15.69838424,-2.4773685,78.9286,-14.97931576,-2.0797685,38.8398,16.61078424,9.5929315,43.4568,-8.358165763,-16.8922685,4.23564,11.72228424,3.7549315,4.80259,-11.40121576,-6.9869685,0.239959,14.90348424,13.1527315,0.318827
99,-1.364645763,-1.1829685,88.4066,-1.364645763,-1.1829685,88.4066,-19.90171576,2.6372315,131.175,15.59208424,-5.4579685,127.514,-19.78771576,-2.0512685,77.5645,15.70948424,-2.3796685,78.8373,-14.99171576,-2.0908685,38.8013,16.55658424,9.6262315,43.3456,-8.349175763,-17.0097685,4.23172,11.64378424,3.7964315,4.69126,-11.40601576,-7.1172685,0.247512,14.86188424,13.1806315,0.318712
99.5,-1.336965763,-1.1542685,88.3466,-1.336965763,-1.1542685,88.3466,-19.83291576,2.6241315,131.142,15.67798424,-5.3996685,127.439,-19.78571576,-2.0253685,77.5254,15.72058424,-2.2813685,78.7456,-15.00391576,-2.1010685,38.7619,16.50078424,9.6580315,43.2337,-8.340375763,-17.1274685,4.22858,11.56398424,3.8329315,4.57958,-11.41131576,-7.2474685,0.255506,14.81968424,13.2029315,0.319448
,,,,,,,,,,,,,,,,,,,,,,,,,,,,,,,,,,,,
,-1.526984237,62.1650685,,,,,,,,,,,,,,,,,,,,,,,,,,,,,,,,,,
