[Gait],,,,,,,,,,,,,,,,,,,,,,,,,,,,,,,,,,,,
氏名,周期,歩行率,立脚,%,遊脚,%,両足支持,%,ストライド,ステップ,歩隔,,,,,,,,,,,,,,,,,,,,,,,,,
Group1(R),0,0,0,0,0,0,0,0,0,0,0,,,,,,,,,,,,,,,,,,,,,,,,,
SD,0,0,0,0,0,0,0,0,0,0,0,,,,,,,,,,,,,,,,,,,,,,,,,
CV,0,0,0,0,0,0,0,0,0,0,0,,,,,,,,,,,,,,,,,,,,,,,,,
Group1(L),0,0,0,0,0,0,0,0,0,0,0,,,,,,,,,,,,,,,,,,,,,,,,,
SD,0,0,0,0,0,0,0,0,0,0,0,,,,,,,,,,,,,,,,,,,,,,,,,
CV,0,0,0,0,0,0,0,0,0,0,0,,,,,,,,,,,,,,,,,,,,,,,,,
[Data],,,,,,,,,,,,,,,,,,,,,,,,,,,,,,,,,,,,
Cycle(%),重心[x](cm),重心[y](cm),重心[z](cm),重心[x](cm),重心[y](cm),重心[z](cm),左肩峰[x](cm),左肩峰[y](cm),左肩峰[z](cm),右肩峰[x](cm),右肩峰[y](cm),右肩峰[z](cm),左大転子[x](cm),左大転子[y](cm),左大転子[z](cm),右大転子[x](cm),右大転子[y](cm),右大転子[z](cm),左外側上顆[x](cm),左外側上顆[y](cm),左外側上顆[z](cm),右外側上顆[x](cm),右外側上顆[y](cm),右外側上顆[z](cm),左外果[x](cm),左外果[y](cm),左外果[z](cm),右外果[x](cm),右外果[y](cm),右外果[z](cm),左第５中足骨頭[x](cm),左第５中足骨頭[y](cm),左第５中足骨頭[z](cm),右第５中足骨頭[x](cm),右第５中足骨頭[y](cm),右第５中足骨頭[z](cm)
0,-2.34432088,2.1280815,100.338,-2.34432088,2.1280815,100.338,-23.74780088,4.9717815,142.256,16.98629912,-0.9025185,141.907,-19.14210088,0.2057815,90.1154,15.95139912,4.6624815,91.9641,-18.13740088,-9.9040185,50.9754,14.97349912,13.7597815,51.8895,-17.45410088,-20.7871185,11.7226,14.43589912,19.2338815,11.9642,-19.04340088,-10.7682185,4.43455,16.79309912,30.3808815,6.9157
0.5,-2.20775088,2.1660815,100.277,-2.20775088,2.1660815,100.277,-23.55730088,4.8450815,142.172,17.23019912,-0.6952185,141.832,-19.01410088,0.2231815,90.0854,16.04149912,4.8895815,91.8668,-18.05740088,-10.0350185,51.0131,15.00599912,13.9178815,51.7988,-17.45790088,-21.1625185,11.8086,14.40089912,19.1032815,11.9002,-19.05510088,-11.2100185,4.42799,16.73369912,30.1751815,6.70276
1,-2.06920088,2.2041815,100.219,-2.06920088,2.2041815,100.219,-23.36320088,4.7142815,142.088,17.47689912,-0.4854185,141.76,-18.88430088,0.2436815,90.0579,16.13359912,5.1169815,91.7741,-17.97690088,-10.1587185,51.0537,15.03449912,14.0833815,51.7131,-17.46050088,-21.5336185,11.8993,14.36969912,18.9400815,11.8386,-19.06420088,-11.6506185,4.42247,16.68259912,29.9360815,6.49401
1.5,-1.92505388,2.2418815,100.174,-1.92505388,2.2418815,100.174,-23.16190088,4.5691815,142.007,17.72849912,-0.2696185,141.705,-18.74450088,0.2750815,90.0434,16.22829912,5.3445815,91.7023,-17.89210088,-10.2541185,51.1063,15.05529912,14.2700815,51.6488,-17.45480088,-21.8922185,12.0074,14.35299912,18.6707815,11.7837,-19.06790088,-12.0889185,4.42261,16.65929912,29.5910815,6.30488
2,-1.78015588,2.2793815,100.131,-1.78015588,2.2793815,100.131,-22.95910088,4.4230815,141.927,17.98069912,-0.0540185,141.652,-18.60540088,0.3069815,90.0306,16.32499912,5.5718815,91.6326,-17.80740088,-10.3467185,51.1602,15.07559912,14.4570815,51.5864,-17.44810088,-22.2493185,12.1168,14.33769912,18.3951815,11.7298,-19.07110088,-12.5265185,4.42331,16.63789912,29.2402815,6.11861
2.5,-1.63077788,2.3154815,100.107,-1.63077788,2.3154815,100.107,-22.75080088,4.2663815,141.862,18.23119912,0.1643815,141.621,-18.45850088,0.3462815,90.0369,16.43059912,5.7935815,91.5894,-17.71870088,-10.4097185,51.228,15.09059912,14.6387815,51.5457,-17.43370088,-22.5905185,12.2446,14.33439912,18.0614815,11.6865,-19.06660088,-12.9591185,4.43123,16.63709912,28.8411815,5.97368
3,-1.47944788,2.3502815,100.095,-1.47944788,2.3502815,100.095,-22.54030088,4.1051815,141.806,18.48179912,0.3814815,141.602,-18.31010088,0.3877815,90.0545,16.53959912,6.0131815,91.5601,-17.62870088,-10.4577185,51.303,15.10649912,14.8119815,51.5148,-17.41420088,-22.9240185,12.3813,14.33719912,17.7077815,11.6476,-19.05950088,-13.3890185,4.4436,16.64359912,28.4278815,5.84789
3.5,-1.32729088,2.3836815,100.092,-1.32729088,2.3836815,100.092,-22.32960088,3.9408815,141.761,18.72849912,0.5977815,141.595,-18.16020088,0.4306815,90.0834,16.65429912,6.2283815,91.5433,-17.53720088,-10.4915185,51.384,15.12209912,14.9717815,51.4928,-17.39120088,-23.2491185,12.5255,14.34299912,17.3427815,11.6139,-19.04960088,-13.8152185,4.45973,16.65529912,28.0090815,5.74272
4,-1.17278888,2.4135815,100.117,-1.17278888,2.4135815,100.117,-22.11690088,3.7699815,141.746,18.96869912,0.8090815,141.616,-18.00630088,0.4768815,90.1404,16.77769912,6.4351815,91.5567,-17.44350088,-10.4909185,51.4804,15.14269912,15.0942815,51.4896,-17.36140088,-23.5538185,12.6905,14.35689912,16.9579815,11.5922,-19.03360088,-14.2329185,4.48704,16.67529912,27.5855815,5.68429
4.5,-1.01843778,2.4424815,100.146,-1.01843778,2.4424815,100.146,-21.90410088,3.5982815,141.737,19.20739912,1.0185815,141.642,-17.85320088,0.5222815,90.2026,16.90189912,6.6403815,91.5745,-17.34980088,-10.4845185,51.5786,15.16439912,15.2076815,51.4886,-17.32990088,-23.8546185,12.858,14.37149912,16.5724815,11.5719,-19.01680088,-14.6487185,4.51616,16.69599912,27.1635815,5.63146
5,-0.86489348,2.4660815,100.202,-0.86489348,2.4660815,100.202,-21.69510088,3.4226815,141.763,19.43479912,1.2188815,141.697,-17.70040088,0.5673815,90.296,17.03529912,6.8343815,91.6191,-17.25560088,-10.4407185,51.6892,15.19459912,15.2673815,51.5024,-17.29450088,-24.1321185,13.0448,14.38839912,16.1801815,11.5629,-18.99650088,-15.0529185,4.55753,16.71769912,26.7480815,5.61769
5.5,-0.71152088,2.4867815,100.27,-0.71152088,2.4867815,100.27,-21.48270088,3.2453815,141.808,19.65779912,1.4133815,141.765,-17.54820088,0.6109815,90.4036,17.16779912,7.0237815,91.6739,-17.16320088,-10.3791185,51.8042,15.22949912,15.2992815,51.5203,-17.25830088,-24.3976185,13.2408,14.40639912,15.7878815,11.5578,-18.97400088,-15.4517185,4.60529,16.73829912,26.3383815,5.61678
6,-0.56155088,2.5035815,100.35,-0.56155088,2.5035815,100.35,-21.27810088,3.0668815,141.869,19.87309912,1.6001815,141.847,-17.39760088,0.6510815,90.527,17.29969912,7.2076815,91.7386,-17.07200088,-10.2976185,51.9221,15.27059912,15.2976815,51.5414,-17.22160088,-24.6512185,13.4452,14.42359912,15.3959815,11.5565,-18.95210088,-15.8440185,4.6602,16.75679912,25.9332815,5.62627
6.5,-0.41313688,2.5141815,100.451,-0.41313688,2.5141815,100.451,-21.06920088,2.8853815,141.966,20.07819912,1.7738815,141.952,-17.25100088,0.6872815,90.6759,17.43309912,7.3808815,91.8174,-16.98550088,-10.1792185,52.0449,15.32079912,15.2425815,51.5675,-17.18770088,-24.8810185,13.667,14.43889912,15.0012815,11.5616,-18.92790088,-16.2246185,4.72776,16.77039912,25.5332815,5.65266
7,-0.26709888,2.5224815,100.556,-0.26709888,2.5224815,100.556,-20.86290088,2.7033815,142.069,20.27889912,1.9434815,142.062,-17.10380088,0.7201815,90.8308,17.56079912,7.5516815,91.8979,-16.90120088,-10.0515185,52.1669,15.37329912,15.1711815,51.5923,-17.15480088,-25.1057185,13.893,14.45429912,14.6085815,11.5672,-18.90410088,-16.6031185,4.79958,16.78259912,25.1365815,5.6791
7.5,-0.12620588,2.5230815,100.676,-0.12620588,2.5230815,100.676,-20.65940088,2.5179815,142.199,20.47059912,2.0965815,142.191,-16.96300088,0.7446815,91.006,17.68109912,7.7120815,91.9839,-16.82490088,-9.8851185,52.286,15.43599912,15.0479815,51.6154,-17.12740088,-25.3082185,14.1327,14.46559912,14.2116815,11.575,-18.88090088,-16.9706185,4.88419,16.78859912,24.7380815,5.70561
8,0.01183712,2.5201815,100.8,0.01183712,2.5201815,100.8,-20.45390088,2.3313815,142.341,20.65409912,2.2428815,142.327,-16.82200088,0.7648815,91.1881,17.79449912,7.8659815,92.0695,-16.75330088,-9.7003185,52.4021,15.49979912,14.9028815,51.6363,-17.10340088,-25.5010185,14.3808,14.47529912,13.8138815,11.5828,-18.85690088,-17.3345185,4.97676,16.79209912,24.3398815,5.73149
8.5,0.14603912,2.5115815,100.928,0.14603912,2.5115815,100.928,-20.24930088,2.1407815,142.492,20.83429912,2.3786815,142.47,-16.68230088,0.7759815,91.3765,17.89539912,8.0134815,92.1524,-16.69100088,-9.4912185,52.5109,15.56879912,14.7306815,51.6514,-17.08450088,-25.6824185,14.6372,14.48459912,13.4142815,11.5898,-18.83360088,-17.6942185,5.07826,16.79349912,23.9397815,5.74958
9,0.27593912,2.4968815,101.06,0.27593912,2.4968815,101.06,-20.04200088,1.9471815,142.653,21.00629912,2.5020815,142.62,-16.54630088,0.7774815,91.5719,17.98639912,8.1500815,92.2304,-16.63820088,-9.2501185,52.6104,15.63979912,14.5296815,51.661,-17.07100088,-25.8490185,14.9041,14.49039912,13.0107815,11.5944,-18.80910088,-18.0484185,5.192,16.79169912,23.5349815,5.76059
9.5,0.40418912,2.4793815,101.19,0.40418912,2.4793815,101.19,-19.83340088,1.7513815,142.815,21.17679912,2.6210815,142.771,-16.40910088,0.7741815,91.7658,18.06979912,8.2812815,92.3043,-16.59220088,-8.9958185,52.7045,15.71139912,14.3199815,51.6671,-17.06000088,-26.0103185,15.1769,14.49629912,12.6046815,11.5982,-18.78350088,-18.4015185,5.31161,16.78949912,23.1271815,5.76709
10,0.52891912,2.4549815,101.316,0.52891912,2.4549815,101.316,-19.61830088,1.5495815,142.976,21.34269912,2.7281815,142.923,-16.27270088,0.7569815,91.9568,18.13779912,8.4000815,92.3678,-16.56120088,-8.7081185,52.7825,15.78369912,14.0903815,51.6642,-17.05300088,-26.1597185,15.4586,14.50189912,12.1979815,11.5978,-18.75630088,-18.7523185,5.44433,16.78759912,22.7173815,5.76284
10.5,0.65084912,2.4272815,101.438,0.65084912,2.4272815,101.438,-19.40650088,1.3463815,143.13,21.50569912,2.8299815,143.072,-16.13660088,0.7336815,92.1423,18.20139912,8.5089815,92.4245,-16.53820088,-8.4023185,52.853,15.85529912,13.8546815,51.6578,-17.04640088,-26.3025185,15.7477,14.50589912,11.7872815,11.5958,-18.72660088,-19.1011185,5.58657,16.78599912,22.3022815,5.75465
11,0.77370912,2.3954815,101.553,0.77370912,2.3954815,101.553,-19.18350088,1.1381815,143.278,21.66939912,2.9271815,143.216,-15.99870088,0.7010815,92.3177,18.25949912,8.6067815,92.4725,-16.52900088,-8.0747185,52.912,15.92559912,13.6139815,51.6465,-17.03950088,-26.4376185,16.0446,14.51149912,11.3768815,11.5914,-18.69320088,-19.4494185,5.73857,16.78619912,21.8873815,5.74273
11.5,0.89287912,2.3591815,101.659,0.89287912,2.3591815,101.659,-18.96510088,0.9285815,143.41,21.83049912,3.0175815,143.353,-15.86040088,0.6572815,92.4837,18.30949912,8.6906815,92.5106,-16.53310088,-7.7237185,52.9589,15.99529912,13.3669815,51.6299,-17.03010088,-26.5652185,16.3487,14.51789912,10.9663815,11.5847,-18.65680088,-19.7952185,5.90413,16.78819912,21.4713815,5.72611
12,1.01392912,2.3207815,101.758,1.01392912,2.3207815,101.758,-18.74100088,0.7164815,143.533,21.99389912,3.1066815,143.482,-15.72190088,0.6084815,92.6376,18.36349912,8.7640815,92.5429,-16.54650088,-7.3582185,52.9994,16.06479912,13.1207815,51.6124,-17.01660088,-26.6856185,16.6588,14.52329912,10.5542815,11.5769,-18.61690088,-20.1381185,6.07784,16.79119912,21.0535815,5.70986
12.5,1.13457912,2.2782815,101.845,1.13457912,2.2782815,101.845,-18.51370088,0.5029815,143.637,22.15529912,3.1923815,143.6,-15.58100088,0.5486815,92.7754,18.41709912,8.8198815,92.5652,-16.57740088,-6.9706185,53.0288,16.13169912,12.8730815,51.5913,-16.99530088,-26.7984185,16.9786,14.53259912,10.1455815,11.5685,-18.57240088,-20.4784185,6.26741,16.79729912,20.6403815,5.69503
13,1.25537912,2.2339815,101.923,1.25537912,2.2339815,101.923,-18.29250088,0.2893815,143.723,22.31959912,3.2767815,143.706,-15.44130088,0.4837815,92.8993,18.47839912,8.8635815,92.5818,-16.61780088,-6.5713185,53.0539,16.20099912,12.6260815,51.5703,-16.96720088,-26.9016185,17.3026,14.54099912,9.7368815,11.5598,-18.52640088,-20.8103185,6.46721,16.80459912,20.2272815,5.6815
13.5,1.37784912,2.1878815,101.992,1.37784912,2.1878815,101.992,-18.06790088,0.0770815,143.796,22.48359912,3.3613815,143.8,-15.30280088,0.4132815,93.0085,18.55059912,8.8927815,92.5924,-16.67050088,-6.1587185,53.0755,16.26909912,12.3783815,51.5497,-16.92910088,-26.9945185,17.6353,14.55059912,9.3293815,11.5517,-18.47770088,-21.1342185,6.68088,16.81239912,19.8162815,5.67179
14,1.49948912,2.1393815,102.049,1.49948912,2.1393815,102.049,-17.85050088,-0.1336185,143.847,22.64769912,3.4445815,143.88,-15.16380088,0.3363815,93.1019,18.62859912,8.9060815,92.5965,-16.73740088,-5.7342185,53.0934,16.33949912,12.1304815,51.5292,-16.88030088,-27.0767185,17.9739,14.56259912,8.9228815,11.5452,-18.42810088,-21.4475185,6.90819,16.82199912,19.4080815,5.66573
14.5,1.62148912,2.0903815,102.099,1.62148912,2.0903815,102.099,-17.63920088,-0.3417185,143.884,22.81049912,3.5290815,143.948,-15.02800088,0.2569815,93.1829,18.72189912,8.9088815,92.5971,-16.81080088,-5.3047185,53.1125,16.41179912,11.8804815,51.5102,-16.82310088,-27.1457185,18.3162,14.57329912,8.5178815,11.5392,-18.38130088,-21.7453185,7.147,16.83069912,19.0020815,5.66229
15,1.74318912,2.0397815,102.139,1.74318912,2.0397815,102.139,-17.43390088,-0.5456185,143.904,22.97279912,3.6130815,144.002,-14.89520088,0.1740815,93.2489,18.82709912,8.8955815,92.5922,-16.89720088,-4.8674185,53.1335,16.48539912,11.6282815,51.493,-16.75320088,-27.1995185,18.6669,14.58529912,8.1109815,11.5357,-18.33530088,-22.0262185,7.40142,16.83929912,18.5953815,5.66317
15.5,1.86351912,1.9888815,102.172,1.86351912,1.9888815,102.172,-17.23890088,-0.7462185,143.909,23.13169912,3.6979815,144.044,-14.76510088,0.0896815,93.3045,18.94479912,8.8727815,92.5837,-16.99040088,-4.4305185,53.1582,16.56189912,11.3723815,51.4769,-16.67700088,-27.2365185,19.0173,14.59809912,7.7065815,11.5334,-18.29710088,-22.2840185,7.66537,16.84719912,18.1926815,5.66576
16,1.98101912,1.9376815,102.199,1.98101912,1.9376815,102.199,-17.05650088,-0.9403185,143.903,23.28779912,3.7811815,144.074,-14.64120088,0.0050815,93.3518,19.07209912,8.8405815,92.5719,-17.08840088,-3.9943185,53.1898,16.64089912,11.1112815,51.4621,-16.59310088,-27.2541185,19.3715,14.60929912,7.2986815,11.5327,-18.26620088,-22.5161185,7.94243,16.85309912,17.7862815,5.66881
16.5,2.09646912,1.8857815,102.219,2.09646912,1.8857815,102.219,-16.88360088,-1.1310185,143.885,23.43939912,3.8645815,144.093,-14.52100088,-0.0798185,93.3878,19.21059912,8.7969815,92.5555,-17.19440088,-3.5596185,53.2273,16.72079912,10.8468815,51.4484,-16.50180088,-27.2519185,19.7269,14.62099912,6.8899815,11.5333,-18.24420088,-22.7212185,8.22935,16.85809912,17.3803815,5.67364
17,2.20695912,1.8339815,102.235,2.20695912,1.8339815,102.235,-16.72470088,-1.3164185,143.858,23.58349912,3.9458815,144.106,-14.40570088,-0.1634185,93.4211,19.35259912,8.7490815,92.5367,-17.30130088,-3.1325185,53.2726,16.80219912,10.5763815,51.4346,-16.41050088,-27.2295185,20.0781,14.63289912,6.4803815,11.5349,-18.23530088,-22.8951185,8.52258,16.86169912,16.9734815,5.67707
17.5,2.31369912,1.7818815,102.246,2.31369912,1.7818815,102.246,-16.57820088,-1.4972185,143.824,23.72389912,4.0242815,144.109,-14.29590088,-0.2456185,93.4478,19.49929912,8.6943815,92.5143,-17.40960088,-2.7111185,53.3262,16.88449912,10.3018815,51.4212,-16.31640088,-27.1828185,20.4285,14.64179912,6.0678815,11.5362,-18.23840088,-23.0358185,8.82399,16.86339912,16.5629815,5.67904
18,2.41372912,1.7296815,102.255,2.41372912,1.7296815,102.255,-16.44370088,-1.6736185,143.785,23.85319912,4.0995815,144.108,-14.19210088,-0.3252185,93.4732,19.64499912,8.6343815,92.4886,-17.51970088,-2.2997185,53.3887,16.96429912,10.0215815,51.4064,-16.22570088,-27.1114185,20.7694,14.65249912,5.6534815,11.5386,-18.25690088,-23.1375185,9.12605,16.86429912,16.1504815,5.67943
18.5,2.50761912,1.6769815,102.263,2.50761912,1.6769815,102.263,-16.32280088,-1.8459185,143.742,23.97459912,4.1681815,144.105,-14.09110088,-0.4028185,93.4988,19.78449912,8.5727815,92.4611,-17.62490088,-1.8999185,53.4598,17.04479912,9.7379815,51.3909,-16.14070088,-27.0143185,21.1009,14.66079912,5.2382815,11.5399,-18.29250088,-23.2001185,9.42901,16.86479912,15.7364815,5.67773
19,2.59508912,1.6240815,102.268,2.59508912,1.6240815,102.268,-16.21330088,-2.0148185,143.696,24.08849912,4.2321815,144.097,-13.99660088,-0.4773185,93.5232,19.92049912,8.5066815,92.4299,-17.72910088,-1.5102185,53.5396,17.12109912,9.4499815,51.3736,-16.06140088,-26.8881185,21.4214,14.66759912,4.8209815,11.5407,-18.34320088,-23.2202185,9.72985,16.86429912,15.3186815,5.67338
19.5,2.67623912,1.5701815,102.274,2.67623912,1.5701815,102.274,-16.11010088,-2.1815185,143.651,24.19159912,4.2883815,144.092,-13.90430088,-0.5494185,93.5507,20.04519912,8.4385815,92.3981,-17.82940088,-1.1315185,53.6257,17.19419912,9.1602815,51.3551,-15.99140088,-26.7387185,21.7254,14.67479912,4.4033815,11.5412,-18.40790088,-23.2026185,10.0216,16.86459912,14.9000815,5.66871
20,2.75038912,1.5157815,102.28,2.75038912,1.5157815,102.28,-16.01880088,-2.3453185,143.605,24.28619912,4.3366815,144.086,-13.81530088,-0.6192185,93.5809,20.15999912,8.3689815,92.3646,-17.92330088,-0.7644185,53.7194,17.26399912,8.8679815,51.3347,-15.93240088,-26.5592185,22.0132,14.67979912,3.9862815,11.5403,-18.48880088,-23.1400185,10.3064,16.86479912,14.4807815,5.66194
20.5,2.81794912,1.4597815,102.287,2.81794912,1.4597815,102.287,-15.93240088,-2.5073185,143.562,24.37279912,4.3749815,144.083,-13.73110088,-0.6862185,93.6139,20.26119912,8.2951815,92.3303,-18.01430088,-0.4070185,53.8187,17.32819912,8.5739815,51.3128,-15.88460088,-26.3506185,22.2792,14.68399912,3.5673815,11.5394,-18.58070088,-23.0338185,10.5747,16.86569912,14.0576815,5.65531
21,2.88021912,1.4022815,102.295,2.88021912,1.4022815,102.295,-15.85000088,-2.6684185,143.521,24.44869912,4.4030815,144.085,-13.64620088,-0.7514185,93.6513,20.35109912,8.2183815,92.2969,-18.09830088,-0.0608185,53.9231,17.38819912,8.2802815,51.2903,-15.84970088,-26.1156185,22.5208,14.68849912,3.1515815,11.5378,-18.68510088,-22.8845185,10.8255,16.86809912,13.6383815,5.64983
21.5,2.93591912,1.3432815,102.305,2.93591912,1.3432815,102.305,-15.77420088,-2.8271185,143.483,24.51799912,4.4193815,144.089,-13.56570088,-0.8146185,93.6928,20.42689912,8.1374815,92.2636,-18.17690088,0.2760815,54.0323,17.44369912,7.9842815,51.2667,-15.82960088,-25.8442185,22.7359,14.69079912,2.7353815,11.5361,-18.80070088,-22.6837185,11.0561,16.87099912,13.2162815,5.64475
22,2.98838912,1.2818815,102.316,2.98838912,1.2818815,102.316,-15.69730088,-2.9857185,143.449,24.58129912,4.4252815,144.098,-13.48690088,-0.8767185,93.7364,20.49429912,8.0508815,92.2319,-18.25220088,0.6061815,54.1438,17.49449912,7.6890815,51.2432,-15.81930088,-25.5501185,22.9248,14.69299912,2.3204815,11.5346,-18.92020088,-22.4466185,11.2629,16.87489912,12.7955815,5.64174
22.5,3.03594912,1.2184815,102.329,3.03594912,1.2184815,102.329,-15.62380088,-3.1424185,143.418,24.63619912,4.4188815,144.112,-13.41020088,-0.9374185,93.7843,20.55189912,7.9581815,92.202,-18.32160088,0.9288815,54.2585,17.54179912,7.3925815,51.2201,-15.82300088,-25.2226185,23.0826,14.69519912,1.9065815,11.5339,-19.04770088,-22.1597185,11.4439,16.87989912,12.3757815,5.64125
23,3.08110912,1.1527815,102.342,3.08110912,1.1527815,102.342,-15.55020088,-3.2985185,143.39,24.68929912,4.4014815,144.128,-13.33620088,-0.9983185,93.833,20.60279912,7.8593815,92.1737,-18.38830088,1.2461815,54.3739,17.58649912,7.0958815,51.1977,-15.83800088,-24.8673185,23.2125,14.69569912,1.4934815,11.5337,-19.17690088,-21.8327185,11.5985,16.88499912,11.9561815,5.64259
23.5,3.12428912,1.0843815,102.357,3.12428912,1.0843815,102.357,-15.47540088,-3.4537185,143.367,24.73769912,4.3733815,144.148,-13.26550088,-1.0574185,93.8841,20.65139912,7.7514815,92.1476,-18.45250088,1.5582815,54.4914,17.62799912,6.7970815,51.1769,-15.86150088,-24.4857185,23.3098,14.69759912,1.0798815,11.5348,-19.30700088,-21.4637185,11.7229,16.89059912,11.5365815,5.64583
24,3.16496912,1.0134815,102.373,3.16496912,1.0134815,102.373,-15.39970088,-3.6070185,143.347,24.78019912,4.3318815,144.172,-13.19790088,-1.1173185,93.9354,20.69609912,7.6349815,92.1237,-18.51120088,1.8660815,54.6082,17.66809912,6.4983815,51.1577,-15.89940088,-24.0672185,23.3703,14.69849912,0.6670815,11.5369,-19.43970088,-21.0412185,11.8132,16.89629912,11.1185815,5.65219
24.5,3.20540912,0.9400815,102.388,3.20540912,0.9400815,102.388,-15.32440088,-3.7597185,143.33,24.82559912,4.2824815,144.195,-13.13470088,-1.1772185,93.9859,20.74239912,7.5107815,92.1005,-18.57080088,2.1696815,54.7254,17.70729912,6.1966815,51.1399,-15.94360088,-23.6261185,23.4032,14.69949912,0.2524815,11.5402,-19.56910088,-20.5842185,11.8763,16.90119912,10.6986815,5.65825
25,3.24472912,0.8641815,102.403,3.24472912,0.8641815,102.403,-15.24660088,-3.9110185,143.315,24.86569912,4.2222815,144.221,-13.07700088,-1.2363185,94.0347,20.79129912,7.3761815,92.0788,-18.62610088,2.4699815,54.8415,17.74559912,5.8935815,51.1241,-15.99660088,-23.1541185,23.3995,14.70119912,-0.1633185,11.5445,-19.69830088,-20.0787185,11.9048,16.90589912,10.2789815,5.66596
25.5,3.28410912,0.7863815,102.416,3.28410912,0.7863815,102.416,-15.16890088,-4.0616185,143.302,24.90689912,4.1554815,144.246,-13.02190088,-1.2967185,94.0816,20.84299912,7.2354815,92.057,-18.68050088,2.7665815,54.9564,17.78399912,5.5889815,51.1096,-16.05740088,-22.6584185,23.3703,14.70299912,-0.5802185,11.5494,-19.82600088,-19.5376185,11.9089,16.90989912,9.8588815,5.67345
26,3.32291912,0.7065815,102.427,3.32291912,0.7065815,102.427,-15.09160088,-4.2112185,143.289,24.94899912,4.0818815,144.27,-12.97440088,-1.3559185,94.1258,20.89849912,7.0861815,92.0346,-18.73250088,3.0573815,55.0701,17.82239912,5.2803815,51.0962,-16.12530088,-22.1369185,23.3082,14.70489912,-1.0000185,11.5546,-19.95320088,-18.9552185,11.8824,16.91249912,9.4360815,5.67952
26.5,3.36132912,0.6251815,102.437,3.36132912,0.6251815,102.437,-15.01250088,-4.3595185,143.278,24.98759912,4.0010815,144.294,-12.93220088,-1.4148185,94.1655,20.95929912,6.9281815,92.0115,-18.78110088,3.3455815,55.181,17.85929912,4.9713815,51.0838,-16.19950088,-21.5886185,23.2141,14.70779912,-1.4216185,11.56,-20.07870088,-18.3285185,11.8257,16.91469912,9.0131815,5.68508
27,3.39947912,0.5424815,102.443,3.39947912,0.5424815,102.443,-14.93650088,-4.5081185,143.265,25.02909912,3.9177815,144.315,-12.89350088,-1.4745185,94.2025,21.02269912,6.7662815,91.9861,-18.82690088,3.6262815,55.2895,17.89719912,4.6590815,51.072,-16.28290088,-21.0177185,23.0961,14.71079912,-1.8456185,11.5646,-20.20700088,-17.6674185,11.7483,16.91609912,8.5877815,5.6886
27.5,3.43659912,0.4587815,102.446,3.43659912,0.4587815,102.446,-14.86020088,-4.6555185,143.251,25.06899912,3.8299815,144.334,-12.86220088,-1.5320185,94.2343,21.08929912,6.5969815,91.9581,-18.86800088,3.9007815,55.3945,17.93259912,4.3451815,51.0593,-16.37230088,-20.4220185,22.9465,14.71419912,-2.2722185,11.5687,-20.33560088,-16.9625185,11.6426,16.91639912,8.1603815,5.68944
28,3.47311912,0.3746815,102.446,3.47311912,0.3746815,102.446,-14.78540088,-4.8027185,143.237,25.10759912,3.7411815,144.351,-12.83260088,-1.5895185,94.2636,21.15749912,6.4245815,91.9281,-18.90490088,4.1696815,55.4964,17.96699912,4.0303815,51.0467,-16.46790088,-19.8089185,22.7782,14.71819912,-2.6999185,11.5716,-20.46740088,-16.2294185,11.5218,16.91679912,7.7321815,5.68912
28.5,3.50726912,0.2901815,102.443,3.50726912,0.2901815,102.443,-14.71380088,-4.9498185,143.219,25.14539912,3.6513815,144.367,-12.80860088,-1.6456185,94.2889,21.22279912,6.2488815,91.8948,-18.93590088,4.4273815,55.5938,17.99959912,3.7138815,51.0327,-16.57320088,-19.1744185,22.5858,14.72199912,-3.1293185,11.5736,-20.60560088,-15.4600185,11.3824,16.91659912,7.3020815,5.68685
29,3.54077912,0.2057815,102.436,3.54077912,0.2057815,102.436,-14.64320088,-5.0956185,143.201,25.18319912,3.5605815,144.38,-12.78700088,-1.6992185,94.3109,21.28889912,6.0690815,91.8587,-18.96270088,4.6793815,55.6877,18.02849912,3.3959815,51.0171,-16.68260088,-18.5207185,22.3708,14.72579912,-3.5603185,11.5745,-20.74490088,-14.6570185,11.2249,16.91629912,6.8697815,5.68205
29.5,3.57099912,0.1216815,102.427,3.57099912,0.1216815,102.427,-14.57680088,-5.2413185,143.178,25.21509912,3.4714815,144.393,-12.76730088,-1.7526185,94.3306,21.34979912,5.8880815,91.8202,-18.97960088,4.9194815,55.7748,18.05509912,3.0787815,51.0008,-16.80360088,-17.8498185,22.1403,14.72949912,-3.9905185,11.5738,-20.89570088,-13.8263185,11.0583,16.91649912,6.4385815,5.67763
30,3.59902912,0.0380815,102.415,3.59902912,0.0380815,102.415,-14.51320088,-5.3852185,143.154,25.24699912,3.3823815,144.404,-12.74950088,-1.8018185,94.3478,21.40449912,5.7039815,91.7793,-18.99160088,5.1480815,55.857,18.07769912,2.7594815,50.982,-16.93090088,-17.1584185,21.8882,14.73259912,-4.4219185,11.5724,-21.05100088,-12.9607185,10.8778,16.91699912,6.0047815,5.6717
30.5,3.62444912,-0.0448185,102.4,3.62444912,-0.0448185,102.4,-14.45330088,-5.5276185,143.128,25.27439912,3.2946815,144.414,-12.73270088,-1.8497185,94.364,21.45529912,5.5183815,91.7372,-18.99640088,5.3688815,55.934,18.09729912,2.4405815,50.9621,-17.06490088,-16.4552185,21.6259,14.73529912,-4.8525185,11.5704,-21.21360088,-12.0765185,10.6924,16.91759912,5.5714815,5.66595
31,3.64661912,-0.1272185,102.384,3.64661912,-0.1272185,102.384,-14.39660088,-5.6672185,143.1,25.29729912,3.2074815,144.425,-12.71670088,-1.8950185,94.3779,21.49769912,5.3301815,91.6945,-18.99440088,5.5758815,56.0029,18.11349912,2.1215815,50.9411,-17.20570088,-15.7351185,21.3496,14.73689912,-5.2828185,11.5683,-21.38340088,-11.1658185,10.5011,16.91939912,5.1377815,5.66141
31.5,3.66676912,-0.2086185,102.367,3.66676912,-0.2086185,102.367,-14.34410088,-5.8040185,143.071,25.31919912,3.1216815,144.433,-12.69950088,-1.9375185,94.3924,21.53469912,5.1401815,91.6512,-18.98710088,5.7736815,56.0677,18.12709912,1.8009815,50.9187,-17.35490088,-14.9994185,21.0613,14.73779912,-5.7127185,11.5663,-21.55950088,-10.2318185,10.3042,16.92129912,4.7031815,5.65686
32,3.68240912,-0.2892185,102.347,3.68240912,-0.2892185,102.347,-14.29690088,-5.9354185,143.04,25.33319912,3.0356815,144.443,-12.68540088,-1.9773185,94.4042,21.56459912,4.9464815,91.6086,-18.97250088,5.9588815,56.1225,18.13719912,1.4812815,50.8954,-17.50730088,-14.2515185,20.7656,14.73729912,-6.1420185,11.5652,-21.74150088,-9.2807185,10.1079,16.92349912,4.2690815,5.65391
32.5,3.69587912,-0.3692185,102.327,3.69587912,-0.3692185,102.327,-14.25450088,-6.0623185,143.008,25.34529912,2.9498815,144.452,-12.66990088,-2.0142185,94.4159,21.58849912,4.7498815,91.5672,-18.95290088,6.1319815,56.1706,18.14689912,1.1595815,50.8724,-17.66690088,-13.4875185,20.4608,14.73589912,-6.5706185,11.5645,-21.92880088,-8.3083185,9.90999,16.92669912,3.8350815,5.65267
33,3.70605912,-0.4483185,102.307,3.70605912,-0.4483185,102.307,-14.21660088,-6.1836185,142.977,25.35339912,2.8633815,144.46,-12.65760088,-2.0483185,94.4268,21.60779912,4.5500815,91.5267,-18.93030088,6.2973815,56.213,18.15429912,0.8374815,50.8484,-17.82900088,-12.7135185,20.152,14.73359912,-7.0000185,11.5657,-22.11900088,-7.3233185,9.71372,16.92929912,3.3997815,5.65192
33.5,3.71379912,-0.5268185,102.284,3.71379912,-0.5268185,102.284,-14.18550088,-6.2965185,142.945,25.35779912,2.7750815,144.466,-12.64590088,-2.0798185,94.4342,21.62459912,4.3459815,91.4881,-18.90300088,6.4492815,56.2441,18.16179912,0.5138815,50.8257,-17.99240088,-11.9272185,19.8396,14.72959912,-7.4286185,11.5675,-22.30850088,-6.3249185,9.52138,16.93259912,2.9652815,5.65237
34,3.71863912,-0.6046185,102.262,3.71863912,-0.6046185,102.262,-14.15850088,-6.4040185,142.913,25.35889912,2.6858815,144.472,-12.63750088,-2.1087185,94.4415,21.63669912,4.1381815,91.4513,-18.87210088,6.5935815,56.2704,18.16979912,0.1891815,50.8037,-18.16070088,-11.1285185,19.5233,14.72549912,-7.8581185,11.5706,-22.50200088,-5.3115185,9.33021,16.93599912,2.5301815,5.6541
34.5,3.72067912,-0.6816185,102.237,3.72067912,-0.6816185,102.237,-14.14050088,-6.5006185,142.881,25.35849912,2.5932815,144.472,-12.63310088,-2.1348185,94.4436,21.64899912,3.9266815,91.4152,-18.84060088,6.7263815,56.2858,18.17739912,-0.1368185,50.7816,-18.32570088,-10.3213185,19.2086,14.71979912,-8.2883185,11.5755,-22.68840088,-4.2910185,9.14752,16.93859912,2.0941815,5.6551
35,3.72015912,-0.7581185,102.211,3.72015912,-0.7581185,102.211,-14.12830088,-6.5899185,142.85,25.35479912,2.4982815,144.471,-12.63310088,-2.1584185,94.4426,21.65939912,3.7112815,91.3807,-18.80460088,6.8506815,56.2935,18.18689912,-0.4645185,50.7617,-18.49270088,-9.5040185,18.8939,14.71379912,-8.7190185,11.5806,-22.87380088,-3.2603185,8.96911,16.94149912,1.6585815,5.65676
35.5,3.71755912,-0.8340185,102.184,3.71755912,-0.8340185,102.184,-14.12150088,-6.6711185,142.818,25.35039912,2.4001815,144.466,-12.63870088,-2.1798185,94.4374,21.67009912,3.4928815,91.3465,-18.76850088,6.9687815,56.2945,18.19649912,-0.7928185,50.7419,-18.65570088,-8.6790185,18.5804,14.70709912,-9.1513185,11.5867,-23.05290088,-2.2218185,8.79714,16.94419912,1.2212815,5.6577
36,3.71214912,-0.9086185,102.153,3.71214912,-0.9086185,102.153,-14.12600088,-6.7411185,142.786,25.34549912,2.2984815,144.455,-12.64910088,-2.1984185,94.4268,21.68159912,3.2727815,91.3118,-18.72950088,7.0767815,56.2848,18.20639912,-1.1223185,50.7235,-18.81680088,-7.8496185,18.274,14.69989912,-9.5844185,11.5933,-23.22100088,-1.1818185,8.63606,16.94649912,0.7836815,5.65754
36.5,3.70435912,-0.9829185,102.121,3.70435912,-0.9829185,102.121,-14.13500088,-6.8045185,142.753,25.33819912,2.1934815,144.441,-12.66670088,-2.2148185,94.4105,21.69209912,3.0494815,91.2774,-18.68710088,7.1801815,56.2686,18.21729912,-1.4529185,50.7062,-18.97440088,-7.0118185,17.9681,14.69239912,-10.0182185,11.5992,-23.38450088,-0.1325185,8.47983,16.94889912,0.3459815,5.65683
37,3.69408912,-1.0556185,102.085,3.69408912,-1.0556185,102.085,-14.15460088,-6.8571185,142.719,25.33239912,2.0847815,144.419,-12.68910088,-2.2285185,94.3885,21.70289912,2.8269815,91.241,-18.64360088,7.2753815,56.2429,18.22639912,-1.7831185,50.6894,-19.12680088,-6.1741185,17.6734,14.68469912,-10.4532185,11.6053,-23.53120088,0.9132815,8.33785,16.95109912,-0.0929185,5.65509
37.5,3.68098912,-1.1272185,102.046,3.68098912,-1.1272185,102.046,-14.18120088,-6.9017185,142.684,25.32469912,1.9729815,144.392,-12.71770088,-2.2395185,94.3606,21.71259912,2.6039815,91.2033,-18.59650088,7.3655815,56.2101,18.23399912,-2.1139185,50.6731,-19.27580088,-5.3329185,17.3836,14.67639912,-10.8892185,11.6112,-23.66900088,1.9619815,8.20398,16.95289912,-0.5331185,5.6521
38,3.66598912,-1.1978185,102.004,3.66598912,-1.1978185,102.004,-14.21540088,-6.9389185,142.646,25.31719912,1.8579815,144.36,-12.75100088,-2.2485185,94.326,21.72109912,2.3813815,91.1641,-18.54450088,7.4513815,56.1692,18.24069912,-2.4443185,50.6578,-19.41740088,-4.4907185,17.102,14.66789912,-11.3241185,11.6151,-23.79140088,3.0108815,8.08128,16.95579912,-0.9718185,5.64889
38.5,3.64780912,-1.2667185,101.96,3.64780912,-1.2667185,101.96,-14.25800088,-6.9682185,142.606,25.30849912,1.7405815,144.322,-12.78840088,-2.2543185,94.2874,21.72629912,2.1613815,91.1229,-18.49030088,7.5315815,56.1214,18.24249912,-2.7732185,50.6422,-19.55350088,-3.6535185,16.8317,14.65909912,-11.7603185,11.6196,-23.89830088,4.0515815,7.97104,16.95829912,-1.4129185,5.64544
39,3.62725912,-1.3341185,101.912,3.62725912,-1.3341185,101.912,-14.30920088,-6.9899185,142.564,25.29909912,1.6205815,144.279,-12.82900088,-2.2576185,94.2425,21.72999912,1.9427815,91.0796,-18.43070088,7.6081815,56.0665,18.24179912,-3.1024185,50.627,-19.68530088,-2.8139185,16.5682,14.64929912,-12.1954185,11.6229,-23.99260088,5.0948815,7.87126,16.96129912,-1.8531185,5.64155
39.5,3.60360912,-1.3999185,101.862,3.60360912,-1.3999185,101.862,-14.36580088,-7.0046185,142.52,25.28659912,1.4984815,144.232,-12.87270088,-2.2571185,94.1936,21.72649912,1.7273815,91.0353,-18.36670088,7.6805815,56.0045,18.23489912,-3.4291185,50.612,-19.80540088,-1.9863185,16.3198,14.63909912,-12.6303185,11.6256,-24.06540088,6.1211815,7.78563,16.96489912,-2.2942185,5.63902
40,3.57730912,-1.4639185,101.809,3.57730912,-1.4639185,101.809,-14.43100088,-7.0126185,142.473,25.27259912,1.3753815,144.18,-12.91720088,-2.2541185,94.1411,21.72069912,1.5150815,90.9894,-18.29960088,7.7485815,55.9367,18.22289912,-3.7545185,50.5963,-19.92220088,-1.1617185,16.0801,14.62779912,-13.0649185,11.629,-24.12600088,7.1432815,7.71125,16.96899912,-2.7359185,5.63687
40.5,3.54827912,-1.5262185,101.755,3.54827912,-1.5262185,101.755,-14.50240088,-7.0136185,142.424,25.25519912,1.2503815,144.125,-12.96180088,-2.2472185,94.0851,21.70789912,1.3051815,90.9429,-18.22760088,7.8138815,55.8633,18.20659912,-4.0793185,50.5812,-20.02920088,-0.3452185,15.8535,14.61549912,-13.4981185,11.6318,-24.16650088,8.1533815,7.64909,16.97329912,-3.1768185,5.63628
41,3.51711912,-1.5875185,101.701,3.51711912,-1.5875185,101.701,-14.57670088,-7.0106185,142.373,25.23389912,1.1249815,144.069,-13.00710088,-2.2377185,94.0271,21.69059912,1.0982815,90.897,-18.15310088,7.8747815,55.7846,18.18499912,-4.4018185,50.566,-20.12670088,0.4579815,15.6371,14.60229912,-13.9306185,11.6353,-24.19330088,9.1455815,7.59658,16.97839912,-3.6181185,5.63702
41.5,3.48253912,-1.6464185,101.644,3.48253912,-1.6464185,101.644,-14.66060088,-6.9990185,142.32,25.20899912,0.9991815,144.009,-13.05070088,-2.2240185,93.9673,21.66779912,0.8940815,90.8505,-18.07680088,7.9321815,55.7016,18.15829912,-4.7231185,50.5505,-20.21950088,1.2550815,15.4345,14.58759912,-14.3629185,11.6402,-24.20280088,10.1278815,7.55717,16.98369912,-4.0598185,5.6395
42,3.44618912,-1.7046185,101.588,3.44618912,-1.7046185,101.588,-14.74410088,-6.9828185,142.268,25.17789912,0.8724815,143.95,-13.09410088,-2.2070185,93.9049,21.63889912,0.6922815,90.8059,-17.99880088,7.9846815,55.6132,18.12759912,-5.0433185,50.5354,-20.29560088,2.0317815,15.2429,14.57159912,-14.7937185,11.6457,-24.19490088,11.0819815,7.52634,16.98919912,-4.5007185,5.64303
42.5,3.40717912,-1.7612185,101.532,3.40717912,-1.7612185,101.532,-14.83370088,-6.9607185,142.214,25.14289912,0.7466815,143.888,-13.13690088,-2.1863185,93.842,21.60609912,0.4920815,90.7623,-17.92120088,8.0324815,55.5212,18.09399912,-5.3620185,50.5204,-20.36620088,2.7976815,15.0635,14.55489912,-15.2241185,11.6526,-24.17540088,12.0199815,7.50523,16.99549912,-4.9410185,5.64819
43,3.36550912,-1.8164185,101.476,3.36550912,-1.8164185,101.476,-14.92700088,-6.9312185,142.16,25.10149912,0.6200815,143.827,-13.17810088,-2.1616185,93.7775,21.56809912,0.2938815,90.7199,-17.84620088,8.0764815,55.426,18.05709912,-5.6796185,50.5053,-20.42330088,3.5464815,14.896,14.53609912,-15.6548185,11.6616,-24.13800088,12.9327815,7.49263,17.00089912,-5.3824185,5.65392
43.5,3.32277912,-1.8714185,101.42,3.32277912,-1.8714185,101.42,-15.02000088,-6.8979185,142.108,25.05629912,0.4939815,143.764,-13.22050088,-2.1343185,93.7109,21.52699912,0.0966815,90.6792,-17.77200088,8.1141815,55.3267,18.02049912,-5.9974185,50.491,-20.46880088,4.2765815,14.7365,14.51719912,-16.0840185,11.671,-24.09180088,13.8200815,7.48523,17.00689912,-5.8216185,5.65977
44,3.27657912,-1.9246185,101.364,3.27657912,-1.9246185,101.364,-15.11830088,-6.8572185,142.054,25.00419912,0.3682815,143.702,-13.26380088,-2.1019185,93.6434,21.48199912,-0.0993185,90.6399,-17.70320088,8.1477815,55.2248,17.98169912,-6.3132185,50.4765,-20.50260088,4.9890815,14.5908,14.49689912,-16.5141185,11.6828,-24.03080088,14.6802815,7.48584,17.01239912,-6.2618185,5.66594
44.5,3.22930912,-1.9773185,101.307,3.22930912,-1.9773185,101.307,-15.21640088,-6.8106185,142.002,24.94849912,0.2428815,143.637,-13.30830088,-2.0673185,93.5726,21.43439912,-0.2933185,90.6012,-17.63850088,8.1735815,55.1192,17.94459912,-6.6293185,50.4627,-20.52190088,5.6774815,14.452,14.47599912,-16.9436185,11.6955,-23.95960088,15.5084815,7.49054,17.01749912,-6.7005185,5.67104
45,3.18003912,-2.0294185,101.251,3.18003912,-2.0294185,101.251,-15.31490088,-6.7596185,141.951,24.88789912,0.1182815,143.572,-13.35610088,-2.0282185,93.4999,21.38399912,-0.4867185,90.5633,-17.57920088,8.1949815,55.0114,17.90829912,-6.9453185,50.4495,-20.52890088,6.3461815,14.3226,14.45499912,-17.3728185,11.709,-23.88040088,16.3080815,7.4995,17.02199912,-7.1388185,5.67522
45.5,3.12804912,-2.0803185,101.194,3.12804912,-2.0803185,101.194,-15.41810088,-6.7010185,141.899,24.82369912,-0.0062185,143.504,-13.40810088,-1.9863185,93.4238,21.33149912,-0.6771185,90.5253,-17.52560088,8.2094815,54.9002,17.87259912,-7.2588185,50.4364,-20.52170088,6.9894815,14.2012,14.43289912,-17.8023185,11.7242,-23.79040088,17.0733815,7.51174,17.02609912,-7.5769185,5.67797
46,3.07517912,-2.1308185,101.136,3.07517912,-2.1308185,101.136,-15.52050088,-6.6382185,141.848,24.75709912,-0.1297185,143.434,-13.46210088,-1.9416185,93.3454,21.27689912,-0.8655185,90.4863,-17.47760088,8.2185815,54.7874,17.83879912,-7.5735185,50.4242,-20.50420088,7.6116815,14.0839,14.41099912,-18.2319185,11.7401,-23.69490088,17.8119815,7.52588,17.02889912,-8.0149185,5.67948
46.5,3.01964912,-2.1801185,101.076,3.01964912,-2.1801185,101.076,-15.62390088,-6.5698185,141.797,24.68679912,-0.2526185,143.361,-13.52460088,-1.8925185,93.2624,21.21949912,-1.0502185,90.4468,-17.43520088,8.2213815,54.671,17.80579912,-7.8858185,50.4124,-20.46880088,8.2033815,13.9745,14.38889912,-18.6601185,11.7568,-23.59020088,18.5095815,7.54224,17.03139912,-8.4516185,5.67874
47,2.96214912,-2.2282185,101.015,2.96214912,-2.2282185,101.015,-15.73120088,-6.4956185,141.745,24.61489912,-0.3737185,143.285,-13.59000088,-1.8416185,93.1772,21.16009912,-1.2307185,90.4053,-17.39770088,8.2180815,54.5526,17.77339912,-8.1962185,50.4015,-20.42420088,8.7706815,13.8676,14.36629912,-19.0891185,11.7748,-23.47970088,19.1780815,7.55928,17.03259912,-8.8896185,5.67723
47.5,2.90315912,-2.2753185,100.951,2.90315912,-2.2753185,100.951,-15.83710088,-6.4173185,141.692,24.54169912,-0.4938185,143.205,-13.66190088,-1.7869185,93.0884,21.09749912,-1.4063185,90.3621,-17.36450088,8.2097815,54.432,17.74069912,-8.5052185,50.3915,-20.36560088,9.3082815,13.7637,14.34339912,-19.5171185,11.794,-23.36200088,19.8103815,7.57698,17.03249912,-9.3274185,5.67415
48,2.84168912,-2.3208185,100.886,2.84168912,-2.3208185,100.886,-15.94700088,-6.3340185,141.637,24.46759912,-0.6123185,143.121,-13.74050088,-1.7299185,92.9968,21.03159912,-1.5758185,90.3174,-17.33290088,8.1956815,54.3083,17.70719912,-8.8108185,50.3823,-20.29530088,9.8187815,13.662,14.32049912,-19.9439185,11.8145,-23.23830088,20.4101815,7.59456,17.03199912,-9.7650185,5.67047
48.5,2.77848912,-2.3649185,100.82,2.77848912,-2.3649185,100.82,-16.05840088,-6.2466185,141.58,24.39189912,-0.7287185,143.035,-13.82180088,-1.6705185,92.9041,20.96329912,-1.7406185,90.2713,-17.30540088,8.1784815,54.1836,17.67159912,-9.1128185,50.3742,-20.21810088,10.3038815,13.5595,14.29639912,-20.3713185,11.837,-23.10640088,20.9822815,7.60916,17.03009912,-10.2047185,5.66679
49,2.71358912,-2.4069185,100.751,2.71358912,-2.4069185,100.751,-16.16950088,-6.1533185,141.523,24.31699912,-0.8431185,142.943,-13.91100088,-1.6072185,92.8086,20.88939912,-1.8955185,90.2236,-17.27740088,8.1542815,54.0557,17.63299912,-9.4107185,50.368,-20.12540088,10.7500815,13.4571,14.27159912,-20.7961185,11.8619,-22.96560088,21.5097815,7.62363,17.02699912,-10.6436185,5.66333
49.5,2.64573912,-2.4471185,100.682,2.64573912,-2.4471185,100.682,-16.28630088,-6.0573185,141.463,24.23869912,-0.9541185,142.85,-14.00370088,-1.5424185,92.7129,20.81329912,-2.0449185,90.1757,-17.24990088,8.1271815,53.9257,17.59079912,-9.7022185,50.3626,-20.02660088,11.1724815,13.3527,14.24639912,-21.2207185,11.8891,-22.81720088,22.0112815,7.63264,17.02339912,-11.0844185,5.66032
50,2.57634912,-2.4847185,100.611,2.57634912,-2.4847185,100.611,-16.40320088,-5.9556185,141.402,24.16079912,-1.0625185,142.754,-14.10050088,-1.4737185,92.6167,20.73159912,-2.1849185,90.1282,-17.22150088,8.0946815,53.7934,17.54349912,-9.9867185,50.3595,-19.91800088,11.5567815,13.2447,14.21859912,-21.6441185,11.9203,-22.65620088,22.4719815,7.63694,17.01859912,-11.5259185,5.65908
50.5,2.50505912,-2.5203185,100.54,2.50505912,-2.5203185,100.54,-16.52200088,-5.8505185,141.34,24.08049912,-1.1676185,142.656,-14.20030088,-1.4032185,92.5209,20.64669912,-2.3177185,90.081,-17.19200088,8.0580815,53.6593,17.49219912,-10.2653185,50.3576,-19.80180088,11.9160815,13.1342,14.19079912,-22.0660185,11.9546,-22.48760088,22.9050815,7.63721,17.01299912,-11.9681185,5.65886
51,2.43094912,-2.5538185,100.469,2.43094912,-2.5538185,100.469,-16.64440088,-5.7418185,141.276,23.99739912,-1.2697185,142.559,-14.30480088,-1.3289185,92.4247,20.55739912,-2.4448185,90.0365,-17.16050088,8.0189815,53.5222,17.43649912,-10.5347185,50.357,-19.67980088,12.2427815,13.0196,14.16119912,-22.4866185,11.9916,-22.30630088,23.3027815,7.62557,17.00789912,-12.4107185,5.65959
51.5,2.35515912,-2.5836185,100.399,2.35515912,-2.5836185,100.399,-16.76740088,-5.6261185,141.213,23.91199912,-1.3675185,142.46,-14.41000088,-1.2506185,92.3305,20.46299912,-2.5607185,89.9947,-17.12810088,7.9731815,53.3829,17.37429912,-10.7931185,50.3595,-19.54870088,12.5286815,12.8983,14.12889912,-22.9060185,12.0348,-22.11080088,23.6564815,7.60508,17.00079912,-12.8546185,5.66292
52,2.27624912,-2.6117185,100.328,2.27624912,-2.6117185,100.328,-16.89370088,-5.5088185,141.15,23.82089912,-1.4614185,142.363,-14.51980088,-1.1700185,92.2357,20.36509912,-2.6719185,89.9551,-17.09370088,7.9252815,53.2413,17.30909912,-11.0436185,50.362,-19.41320088,12.7906815,12.7755,14.09809912,-23.3232185,12.08,-21.90670088,23.9821815,7.57391,16.99499912,-13.2977185,5.66622
52.5,2.19411912,-2.6359185,100.26,2.19411912,-2.6359185,100.26,-17.02380088,-5.3840185,141.088,23.72469912,-1.5511185,142.267,-14.63130088,-1.0832185,92.142,20.26169912,-2.7737185,89.9208,-17.05960088,7.8711815,53.0963,17.23829912,-11.2781185,50.367,-19.27010088,13.0053815,12.6448,14.06429912,-23.7387185,12.1313,-21.68640088,24.2544815,7.52325,16.98859912,-13.7413185,5.67093
53,2.10992912,-2.6578185,100.192,2.10992912,-2.6578185,100.192,-17.15450088,-5.2559185,141.028,23.62349912,-1.6370185,142.172,-14.74410088,-0.9940185,92.0486,20.15469912,-2.8700185,89.8888,-17.02620088,7.8141815,52.95,17.16529912,-11.5046185,50.3728,-19.12370088,13.1966815,12.5121,14.03089912,-24.1529185,12.1853,-21.45790088,24.4997815,7.46313,16.98229912,-14.1850185,5.67611
53.5,2.02132912,-2.6766185,100.125,2.02132912,-2.6766185,100.125,-17.29100088,-5.1230185,140.969,23.51499912,-1.7196185,142.08,-14.86220088,-0.8982185,91.9541,20.04319912,-2.9596185,89.8605,-16.99270088,7.7538815,52.8012,17.08949912,-11.7173185,50.3791,-18.97280088,13.3489815,12.3769,13.99869912,-24.5640185,12.2435,-21.22250088,24.6970815,7.38429,16.97689912,-14.6272185,5.68039
54,1.92861912,-2.6916185,100.059,1.92861912,-2.6916185,100.059,-17.43170088,-4.9832185,140.912,23.39809912,-1.7978185,141.991,-14.98130088,-0.7964185,91.8592,19.92639912,-3.0411185,89.8369,-16.96410088,7.6882815,52.6494,17.01069912,-11.9131185,50.3868,-18.81640088,13.4578815,12.2359,13.96569912,-24.9730185,12.3064,-20.97510088,24.8425815,7.28265,16.97149912,-15.0698185,5.68438
54.5,1.83303912,-2.7041185,99.9949,1.83303912,-2.7041185,99.9949,-17.57430088,-4.8403185,140.857,23.27529912,-1.8726185,141.903,-15.10380088,-0.6912185,91.7641,19.80599912,-3.1170185,89.8141,-16.93690088,7.6227815,52.4989,16.93159912,-12.1011185,50.3945,-18.66050088,13.5444815,12.0985,13.93569912,-25.3798185,12.3721,-20.72800088,24.9593815,7.17382,16.96649912,-15.5117185,5.68793
55,1.72949912,-2.7112185,99.9318,1.72949912,-2.7112185,99.9318,-17.72710088,-4.6893185,140.805,23.13849912,-1.9430185,141.821,-15.23150088,-0.5755185,91.6661,19.67799912,-3.1818185,89.7951,-16.91880088,7.5525815,52.3454,16.84999912,-12.2650185,50.4024,-18.50090088,13.5716815,11.9583,13.90859912,-25.7817185,12.444,-20.47750088,25.0009815,7.03333,16.96259912,-15.9528185,5.6892
55.5,1.62361912,-2.7160185,99.8692,1.62361912,-2.7160185,99.8692,-17.88150088,-4.5351185,140.754,22.99729912,-2.0108185,141.738,-15.36110088,-0.4565185,91.5675,19.54699912,-3.2414185,89.777,-16.90380088,7.4832815,52.1927,16.76869912,-12.4206185,50.4104,-18.34230088,13.5773815,11.8205,13.88259912,-26.1822185,12.5178,-20.22650088,25.0156815,6.88404,16.95889912,-16.3944185,5.68993
56,1.51055912,-2.7156185,99.8091,1.51055912,-2.7156185,99.8091,-18.04580088,-4.3746185,140.706,22.84459912,-2.0751185,141.66,-15.49480088,-0.3297185,91.4704,19.41029912,-3.2894185,89.7592,-16.89820088,7.4145815,52.0448,16.68469912,-12.5572185,50.4187,-18.18760088,13.5410815,11.6894,13.86239912,-26.5770185,12.5995,-19.98910088,24.9752815,6.72327,16.95509912,-16.8355185,5.69035
56.5,1.39103912,-2.7108185,99.7497,1.39103912,-2.7108185,99.7497,-18.21710088,-4.2083185,140.659,22.68109912,-2.1367185,141.583,-15.63370088,-0.1950185,91.3713,19.26729912,-3.3267185,89.7422,-16.90150088,7.3461815,51.8972,16.59969912,-12.6750185,50.4266,-18.03400088,13.4590815,11.5614,13.84639912,-26.9671185,12.6856,-19.75640088,24.8763815,6.54149,16.95209912,-17.2770185,5.68892
57,1.26861912,-2.7024185,99.6929,1.26861912,-2.7024185,99.6929,-18.39310088,-4.0391185,140.615,22.51429912,-2.1952185,141.509,-15.77300088,-0.0577185,91.2764,19.12249912,-3.3558185,89.7257,-16.91050088,7.2829815,51.7571,16.51359912,-12.7814185,50.4354,-17.88790088,13.3575815,11.4412,13.83219912,-27.3538185,12.7777,-19.53650088,24.7529815,6.36165,16.94839912,-17.7194185,5.68891
57.5,1.13533912,-2.6863185,99.6395,1.13533912,-2.6863185,99.6395,-18.58210088,-3.8620185,140.573,22.33019912,-2.2501185,141.439,-15.91960088,0.0906815,91.1846,18.96899912,-3.3649185,89.7092,-16.93380088,7.2231815,51.6247,16.42309912,-12.8570185,50.4445,-17.75250088,13.1937815,11.3338,13.82709912,-27.7303185,12.8813,-19.34140088,24.5505815,6.16879,16.94499912,-18.1616185,5.68956
58,1.00020912,-2.6677185,99.5879,1.00020912,-2.6677185,99.5879,-18.77480088,-3.6838185,140.532,22.14519912,-2.3034185,141.369,-16.06720088,0.2407815,91.0962,18.81549912,-3.3671185,89.6933,-16.96140088,7.1680815,51.498,16.33129912,-12.9223185,50.4542,-17.62300088,13.0124815,11.2314,13.82309912,-28.1034185,12.9896,-19.15560088,24.3269815,5.9753,16.94139912,-18.6043185,5.69097
58.5,0.85787912,-2.6417185,99.5446,0.85787912,-2.6417185,99.5446,-18.97660088,-3.5000185,140.498,21.94989912,-2.3526185,141.308,-16.21650088,0.3955815,91.0207,18.65729912,-3.3509185,89.6812,-17.00140088,7.1209815,51.3874,16.23459912,-12.9578185,50.4665,-17.51040088,12.7918815,11.1456,13.82439912,-28.4648185,13.1126,-19.00160088,24.0566815,5.79214,16.93629912,-19.0471185,5.69679
59,0.71041912,-2.6104185,99.5061,0.71041912,-2.6104185,99.5061,-19.18460088,-3.3130185,140.467,21.74729912,-2.3994185,141.249,-16.36930088,0.5546815,90.953,18.49659912,-3.3189185,89.6708,-17.04840088,7.0790815,51.2872,16.13389912,-12.9696185,50.4799,-17.41040088,12.5328815,11.0708,13.83109912,-28.8176185,13.2464,-18.86810088,23.7417815,5.61063,16.93129912,-19.4893185,5.70514
59.5,0.56078912,-2.5752185,99.4744,0.56078912,-2.5752185,99.4744,-19.39720088,-3.1255185,140.441,21.54419912,-2.4436185,141.196,-16.52210088,0.7137815,90.8969,18.33739912,-3.2775185,89.666,-17.10230088,7.0435815,51.1994,16.03039912,-12.9606185,50.4955,-17.32220088,12.2573815,11.0048,13.83799912,-29.1604185,13.3904,-18.75340088,23.4095815,5.44032,16.92539912,-19.9299185,5.71669
60,0.40539912,-2.5314185,99.4565,0.40539912,-2.5314185,99.4565,-19.61580088,-2.9336185,140.426,21.33169912,-2.4834185,141.154,-16.67640088,0.8747815,90.8623,18.17679912,-3.2121185,89.6707,-17.16500088,7.0149815,51.1336,15.92189912,-12.9080185,50.5154,-17.25840088,11.9361815,10.9589,13.85059912,-29.4852185,13.5556,-18.67530088,23.0295815,5.29197,16.91799912,-20.3676185,5.73484
60.5,0.24880912,-2.4856185,99.4439,0.24880912,-2.4856185,99.4439,-19.83760088,-2.7430185,140.416,21.11979912,-2.5214185,141.117,-16.83140088,1.0348815,90.8363,18.01749912,-3.1413185,89.6803,-17.23130088,6.9887815,51.0763,15.81099912,-12.8390185,50.5364,-17.20230088,11.6034815,10.917,13.86369912,-29.8014185,13.7284,-18.60770088,22.6391815,5.15089,16.91089912,-20.8025185,5.75551
61,0.09086912,-2.4325185,99.4495,0.09086912,-2.4325185,99.4495,-20.05950088,-2.5510185,140.423,20.90539912,-2.5555185,141.096,-16.98570088,1.1916815,90.8361,17.86249912,-3.0522185,89.7071,-17.30510088,6.9657815,51.0419,15.69939912,-12.7199185,50.5624,-17.16900088,11.2414815,10.8916,13.87769912,-30.0931185,13.9235,-18.57090088,22.2238815,5.03848,16.90139912,-21.2309185,5.78171
61.5,-0.06849988,-2.3752185,99.4665,-0.06849988,-2.3752185,99.4665,-20.28320088,-2.3596185,140.441,20.68909912,-2.5857185,141.086,-17.14000088,1.3456815,90.8523,17.70849912,-2.9524185,89.7444,-17.38070088,6.9425815,51.0217,15.58699912,-12.5675185,50.5913,-17.14990088,10.8589815,10.8746,13.89339912,-30.3685185,14.1332,-18.55100088,21.7922815,4.94427,16.89249912,-21.6539185,5.81292
62,-0.22738088,-2.3151185,99.4955,-0.22738088,-2.3151185,99.4955,-20.50610088,-2.1698185,140.472,20.47439912,-2.6142185,141.088,-17.29450088,1.4958815,90.8834,17.55839912,-2.8472185,89.7949,-17.46090088,6.9160815,51.0135,15.47629912,-12.3810185,50.6221,-17.14140088,10.4657815,10.863,13.90859912,-30.6242185,14.3565,-18.54330088,21.3550815,4.8652,16.88199912,-22.0698185,5.84673
62.5,-0.38490188,-2.2496185,99.5448,-0.38490188,-2.2496185,99.5448,-20.72630088,-1.9821185,140.525,20.26089912,-2.6378185,141.11,-17.44790088,1.6379815,90.9399,17.41309912,-2.7299185,89.867,-17.54340088,6.8812815,51.0247,15.37219912,-12.1344185,50.657,-17.15080088,10.0514815,10.8613,13.92399912,-30.8477185,14.6031,-18.55570088,20.9063815,4.81565,16.87149912,-22.4749185,5.88604
63,-0.54263388,-2.1827185,99.6028,-0.54263388,-2.1827185,99.6028,-20.94590088,-1.7960185,140.589,20.04679912,-2.6601185,141.143,-17.60180088,1.7775815,91.0049,17.26739912,-2.6124185,89.9489,-17.62720088,6.8401815,51.0419,15.27129912,-11.8616185,50.6925,-17.16510088,9.6320815,10.8612,13.93959912,-31.0546185,14.8594,-18.57250088,20.4570815,4.77582,16.85999912,-22.8744185,5.92817
63.5,-0.69676088,-2.1128185,99.6787,-0.69676088,-2.1128185,99.6787,-21.16040088,-1.6139185,140.676,19.83839912,-2.6797185,141.195,-17.75520088,1.9070815,91.0875,17.12729912,-2.4910185,90.0518,-17.71370088,6.7804815,51.0715,15.18309912,-11.5254185,50.7293,-17.19050088,9.2009815,10.8647,13.95499912,-31.2232185,15.1381,-18.59770088,20.0061815,4.75564,16.84799912,-23.2608185,5.97508
64,-0.84994188,-2.0411185,99.766,-0.84994188,-2.0411185,99.766,-21.37310088,-1.4343185,140.779,19.62999912,-2.6969185,141.262,-17.90900088,2.0314815,91.18,16.98789912,-2.3695185,90.1677,-17.80130088,6.7074815,51.1066,15.10459912,-11.1491185,50.7669,-17.21930088,8.7650815,10.8689,13.97109912,-31.3655185,15.4308,-18.62770088,19.5564815,4.74911,16.83539912,-23.6400185,6.02604
64.5,-1.00180238,-1.9686185,99.8636,-1.00180238,-1.9686185,99.8636,-21.58360088,-1.2570185,140.897,19.42389912,-2.7135185,141.344,-18.06240088,2.1497815,91.2776,16.84599912,-2.2518185,90.2959,-17.88920088,6.6159815,51.1446,15.03769912,-10.7283185,50.803,-17.25140088,8.3256815,10.8724,13.98739912,-31.4772185,15.7389,-18.65610088,19.1099815,4.74958,16.82109912,-24.0101185,6.08356
65,-1.15057688,-1.8954185,99.9723,-1.15057688,-1.8954185,99.9723,-21.79050088,-1.0847185,141.034,19.22229912,-2.7288185,141.442,-18.21730088,2.2588815,91.3806,16.70689912,-2.1380185,90.4373,-17.98140088,6.4961815,51.1842,14.98969912,-10.2474185,50.838,-17.28310088,7.8840815,10.8731,14.00679912,-31.5451185,16.0685,-18.68500088,18.6675815,4.75973,16.80609912,-24.3693185,6.14978
65.5,-1.29933288,-1.8216185,100.086,-1.29933288,-1.8216185,100.086,-21.99660088,-0.9132185,141.18,19.01989912,-2.7452185,141.548,-18.37150088,2.3657815,91.4815,16.56139912,-2.0287185,90.5841,-18.07210088,6.3616815,51.221,14.95279912,-9.7362185,50.8705,-17.31340088,7.4427815,10.8724,14.02649912,-31.5889185,16.4096,-18.71030088,18.2288815,4.77175,16.78849912,-24.7239185,6.2249
66,-1.44577088,-1.7482185,100.204,-1.44577088,-1.7482185,100.204,-22.20100088,-0.7457185,141.338,18.82119912,-2.7612185,141.666,-18.52620088,2.4633815,91.5778,16.41499912,-1.9279185,90.736,-18.16620088,6.1951815,51.2533,14.93439912,-9.1687185,50.8999,-17.34070088,7.0019815,10.8669,14.05049912,-31.5856185,16.7735,-18.73040088,17.7943815,4.78426,16.76989912,-25.0676185,6.31781
66.5,-1.59121788,-1.6748185,100.324,-1.59121788,-1.6748185,100.324,-22.40440088,-0.5798185,141.501,18.62389912,-2.7798185,141.788,-18.68170088,2.5574815,91.6677,16.26609912,-1.8316185,90.8889,-18.26360088,6.0082815,51.2799,14.93039912,-8.5665185,50.9268,-17.36300088,6.5634815,10.8587,14.07769912,-31.5496185,17.1533,-18.74790088,17.3634815,4.79622,16.74759912,-25.4055185,6.42467
67,-1.73697488,-1.6015185,100.443,-1.73697488,-1.6015185,100.443,-22.60920088,-0.4150185,141.668,18.42569912,-2.7997185,141.916,-18.83520088,2.6473815,91.7471,16.10849912,-1.7429185,91.04,-18.35950088,5.7998815,51.2984,14.93979912,-7.9278185,50.9498,-17.38160088,6.1273815,10.8475,14.10649912,-31.4772185,17.5514,-18.75850088,16.9358815,4.80413,16.72399912,-25.7359185,6.5553
67.5,-1.88149988,-1.5288185,100.558,-1.88149988,-1.5288185,100.558,-22.81370088,-0.2516185,141.833,18.23019912,-2.8229185,142.041,-18.99000088,2.7309815,91.8125,15.94989912,-1.6609185,91.1838,-18.46180088,5.5642815,51.3077,14.96429912,-7.2502185,50.9707,-17.39390088,5.6947815,10.8328,14.14109912,-31.3584185,17.9735,-18.76590088,16.5108815,4.8071,16.69509912,-26.0554185,6.71589
68,-2.02510088,-1.4556185,100.669,-2.02510088,-1.4556185,100.669,-23.01750088,-0.0885185,141.994,18.03439912,-2.8498185,142.164,-19.14130088,2.8122815,91.8659,15.78769912,-1.5809185,91.32,-18.56310088,5.3161815,51.3089,14.99699912,-6.5492185,50.9889,-17.40270088,5.2651815,10.817,14.17659912,-31.2087185,18.4124,-18.76970088,16.0871815,4.8053,16.66489912,-26.3649185,6.90394
68.5,-2.16883088,-1.3825185,100.772,-2.16883088,-1.3825185,100.772,-23.22230088,0.0755815,142.145,17.83699912,-2.8790185,142.282,-19.29190088,2.8875815,91.9039,15.62269912,-1.5067185,91.4448,-18.66620088,5.0490815,51.3007,15.03939912,-5.8212185,51.0071,-17.40740088,4.8390815,10.7998,14.21469912,-31.0155185,18.8744,-18.77080088,15.6649815,4.79881,16.62959912,-26.6593185,7.13107
69,-2.31036088,-1.3092185,100.866,-2.31036088,-1.3092185,100.866,-23.42450088,0.2399815,142.287,17.64229912,-2.9130185,142.39,-19.43940088,2.9584815,91.9281,15.45909912,-1.4328185,91.5574,-18.77120088,4.7697815,51.2853,15.08699912,-5.0734185,51.0255,-17.41010088,4.4154815,10.7829,14.25459912,-30.7844185,19.3566,-18.77040088,15.2429815,4.78724,16.59209912,-26.9336185,7.39556
69.5,-2.45091088,-1.2350185,100.953,-2.45091088,-1.2350185,100.953,-23.62520088,0.4054815,142.416,17.44539912,-2.9501185,142.489,-19.58410088,3.0252815,91.9403,15.29789912,-1.3589185,91.6581,-18.87570088,4.4838815,51.2633,15.13739912,-4.3127185,51.0452,-17.41100088,3.9950815,10.7667,14.29359912,-30.5212185,19.856,-18.77010088,14.8210815,4.77312,16.55239912,-27.1879185,7.6962
70,-2.58891088,-1.1600185,101.03,-2.58891088,-1.1600185,101.03,-23.82190088,0.5732815,142.53,17.25059912,-2.9907185,142.575,-19.72370088,3.0846815,91.9393,15.13789912,-1.2836185,91.7449,-18.97790088,4.1917815,51.2363,15.18919912,-3.5405185,51.0701,-17.41250088,3.5763815,10.7529,14.32969912,-30.2141185,20.3758,-18.76930088,14.3995815,4.75621,16.50969912,-27.4066185,8.04494
70.5,-2.72197088,-1.0840185,101.097,-2.72197088,-1.0840185,101.097,-24.01060088,0.7418815,142.627,17.05689912,-3.0352185,142.646,-19.85920088,3.1372815,91.9291,14.99349912,-1.2042185,91.8179,-19.07980088,3.8997815,51.2063,15.23719912,-2.7615185,51.1004,-17.41470088,3.1602815,10.7411,14.36299912,-29.8717185,20.9102,-18.77140088,13.9771815,4.73901,16.46829912,-27.5843185,8.43278
71,-2.85275088,-1.0066185,101.158,-2.85275088,-1.0066185,101.158,-24.19430088,0.9128815,142.71,16.86389912,-3.0817185,142.706,-19.98980088,3.1828815,91.9118,14.85129912,-1.1205185,91.882,-19.17740088,3.6100815,51.1746,15.28379912,-1.9821185,51.1379,-17.41880088,2.7451815,10.7327,14.38919912,-29.4968185,21.4547,-18.77490088,13.5553815,4.72262,16.42539912,-27.7207185,8.85592
71.5,-2.97645088,-0.9281185,101.211,-2.97645088,-0.9281185,101.211,-24.36590088,1.0854815,142.778,16.67459912,-3.1309185,142.752,-20.11390088,3.2184815,91.8888,14.72649912,-1.0322185,91.936,-19.26880088,3.3249815,51.1433,15.32329912,-1.2026185,51.1861,-17.42650088,2.3311815,10.7276,14.40759912,-29.0832185,22.0067,-18.78000088,13.1335815,4.70791,16.38639912,-27.7944185,9.31632
72,-3.09606088,-0.8487185,101.259,-3.09606088,-0.8487185,101.259,-24.53000088,1.2592815,142.834,16.48809912,-3.1823185,142.786,-20.23520088,3.2468815,91.8632,14.61299912,-0.9384185,91.9828,-19.35900088,3.0453815,51.1136,15.35859912,-0.4268185,51.2422,-17.43670088,1.9177815,10.7253,14.41909912,-28.6433185,22.5607,-18.78890088,12.7118815,4.69592,16.34889912,-27.8183185,9.79887
72.5,-3.20762088,-0.7678185,101.302,-3.20762088,-0.7678185,101.302,-24.67870088,1.4339815,142.878,16.30549912,-3.2338185,142.81,-20.34610088,3.2626815,91.8365,14.51329912,-0.8376185,92.0263,-19.43630088,2.7767815,51.0865,15.38569912,0.3402815,51.3127,-17.45040088,1.5045815,10.7265,14.41609912,-28.1670185,23.1077,-18.79790088,12.2912815,4.68721,16.31899912,-27.7591185,10.3049
73,-3.31104088,-0.6865185,101.342,-3.31104088,-0.6865185,101.342,-24.81350088,1.6102815,142.912,16.12959912,-3.2873185,142.824,-20.45420088,3.2676815,91.8109,14.43619912,-0.7339185,92.0662,-19.50880088,2.5157815,51.0639,15.40509912,1.0987815,51.3971,-17.46700088,1.0914815,10.73,14.40239912,-27.6586185,23.6413,-18.81030088,11.8714815,4.68308,16.29579912,-27.6151185,10.8192
73.5,-3.40888088,-0.6047185,101.38,-3.40888088,-0.6047185,101.38,-24.93750088,1.7850815,142.941,15.95769912,-3.3401185,142.832,-20.55520088,3.2633815,91.7867,14.36719912,-0.6243185,92.1062,-19.57390088,2.2630815,51.0443,15.41909912,1.8482815,51.4911,-17.48590088,0.6779815,10.7354,14.37829912,-27.1283185,24.1588,-18.82330088,11.4520815,4.68107,16.28009912,-27.4042185,11.3341
74,-3.49700088,-0.5228185,101.417,-3.49700088,-0.5228185,101.417,-25.04550088,1.9609815,142.964,15.79439912,-3.3929185,142.835,-20.64950088,3.2461815,91.766,14.31819912,-0.5134185,92.149,-19.62690088,2.0201815,51.0293,15.42489912,2.5823815,51.6024,-17.50540088,0.2646815,10.7421,14.33859912,-26.5652185,24.6421,-18.83650088,11.0346815,4.68308,16.27619912,-27.0837185,11.8354
74.5,-3.57985088,-0.4413185,101.454,-3.57985088,-0.4413185,101.454,-25.14380088,2.1351815,142.985,15.63679912,-3.4455185,142.835,-20.73950088,3.2206815,91.7475,14.27789912,-0.4006185,92.1927,-19.67490088,1.7824815,51.0178,15.42649912,3.3079815,51.7225,-17.52700088,-0.1499185,10.7493,14.29019912,-25.9827185,25.1017,-18.85090088,10.6171815,4.68665,16.28049912,-26.6955185,12.3239
75,-3.65397088,-0.3605185,101.492,-3.65397088,-0.3605185,101.492,-25.22840088,2.3068815,143.006,15.48769912,-3.4958185,142.835,-20.82090088,3.1824815,91.7329,14.25229912,-0.2866185,92.2422,-19.71220088,1.5526815,51.0096,15.41959912,4.0146815,51.8571,-17.54590088,-0.5641185,10.7564,14.22939912,-25.3737185,25.5072,-18.86380088,10.2008815,4.69165,16.29979912,-26.1923185,12.7708
75.5,-3.72210088,-0.2814185,101.53,-3.72210088,-0.2814185,101.53,-25.30370088,2.4776815,143.029,15.34739912,-3.5465185,142.838,-20.89740088,3.1369815,91.7206,14.23289912,-0.1775185,92.297,-19.74050088,1.3256815,51.0037,15.40959912,4.7055815,52.0031,-17.56460088,-0.9792185,10.7629,14.15829912,-24.7410185,25.8622,-18.87620088,9.7853815,4.69706,16.33129912,-25.5942185,13.1758
76,-3.78579088,-0.2034185,101.569,-3.78579088,-0.2034185,101.569,-25.37280088,2.6448815,143.053,15.21199912,-3.5953185,142.842,-20.96930088,3.0846815,91.7097,14.22119912,-0.0688185,92.354,-19.76500088,1.1005815,50.9991,15.39399912,5.3855815,52.1552,-17.58150088,-1.3945185,10.7687,14.08349912,-24.0948185,26.1779,-18.88780088,9.3693815,4.70188,16.37189912,-24.9310185,13.5453
76.5,-3.84417088,-0.1281185,101.608,-3.84417088,-0.1281185,101.608,-25.43700088,2.8090815,143.08,15.08909912,-3.6422185,142.851,-21.03280088,3.0242815,91.7,14.20839912,0.0321815,92.4179,-19.78160088,0.8765815,50.9953,15.37419912,6.0399815,52.3179,-17.59340088,-1.8103185,10.7729,14.00089912,-23.4206185,26.4107,-18.89760088,8.9536815,4.70465,16.42789912,-24.1484185,13.8373
77,-3.89859088,-0.0543185,101.648,-3.89859088,-0.0543185,101.648,-25.49470088,2.9702815,143.111,14.97029912,-3.6886185,142.864,-21.09220088,2.9602815,91.6905,14.20059912,0.1295815,92.4843,-19.79270088,0.6520815,50.9912,15.35049912,6.6846815,52.4851,-17.60430088,-2.2263185,10.7761,13.91509912,-22.7343185,26.6038,-18.90590088,8.5372815,4.70568,16.49249912,-23.3113185,14.0925
77.5,-3.95060088,0.0161815,101.686,-3.95060088,0.0161815,101.686,-25.55490088,3.1258815,143.142,14.86229912,-3.7314185,142.883,-21.14490088,2.8906815,91.6797,14.18969912,0.2180815,92.5536,-19.80300088,0.4240815,50.9866,15.32069912,7.3014815,52.6562,-17.60960088,-2.6426185,10.7782,13.83219912,-22.0224185,26.7066,-18.91360088,8.1196815,4.70374,16.56839912,-22.3721185,14.2594
78,-3.99963088,0.0840815,101.723,-3.99963088,0.0840815,101.723,-25.61290088,3.2774815,143.177,14.76179912,-3.7737185,142.908,-21.19030088,2.8202815,91.667,14.17509912,0.2995815,92.6256,-19.80830088,0.1939815,50.9802,15.28779912,7.8977815,52.8298,-17.61250088,-3.0591185,10.7794,13.74899912,-21.2906185,26.7434,-18.91980088,7.7009815,4.69881,16.65279912,-21.3653185,14.3644
78.5,-4.04743088,0.1501815,101.759,-4.04743088,0.1501815,101.759,-25.67270088,3.4258815,143.212,14.66679912,-3.8138185,142.936,-21.23280088,2.7483815,91.6526,14.15989912,0.3749815,92.6981,-19.81330088,-0.0393185,50.9728,15.25119912,8.4772815,53.0031,-17.61300088,-3.4757185,10.7804,13.67019912,-20.5434185,26.7301,-18.92550088,7.2812815,4.6922,16.74139912,-20.3117185,14.4216
79,-4.09379088,0.2123815,101.791,-4.09379088,0.2123815,101.791,-25.73540088,3.5662815,143.246,14.58089912,-3.8500185,142.969,-21.26610088,2.6751815,91.6347,14.13609912,0.4407815,92.7708,-19.81870088,-0.2776185,50.9638,15.20939912,9.0226815,53.174,-17.61090088,-3.8930185,10.7815,13.59949912,-19.7640185,26.6208,-18.93110088,6.8592815,4.68249,16.83659912,-19.1748185,14.3901
79.5,-4.13792088,0.2735815,101.821,-4.13792088,0.2735815,101.821,-25.79780088,3.7052815,143.281,14.50139912,-3.8858185,143.003,-21.29650088,2.6030815,91.6151,14.11349912,0.5025815,92.8443,-19.82290088,-0.5177185,50.9534,15.16469912,9.5540815,53.3438,-17.60670088,-4.3098185,10.7826,13.53239912,-18.9721185,26.4742,-18.93560088,6.4367815,4.6716,16.93399912,-18.0073185,14.3247
80,-4.18081088,0.3309815,101.846,-4.18081088,0.3309815,101.846,-25.86330088,3.8356815,143.312,14.42859912,-3.9154185,143.042,-21.31970088,2.5304815,91.5918,14.08599912,0.5545815,92.9156,-19.82800088,-0.7633185,50.9422,15.11619912,10.0449815,53.5056,-17.60290088,-4.7277185,10.7851,13.47839912,-18.1403185,26.2348,-18.94160088,6.0119815,4.65989,17.03199912,-16.7727185,14.1793
80.5,-4.22083088,0.3867815,101.866,-4.22083088,0.3867815,101.866,-25.92900088,3.9615815,143.342,14.36549912,-3.9423185,143.08,-21.33710088,2.4587815,91.5664,14.05789912,0.6027815,92.9859,-19.83440088,-1.0105185,50.9306,15.06469912,10.5087815,53.6618,-17.59800088,-5.1456185,10.7887,13.43279912,-17.2819185,25.938,-18.94710088,5.5861815,4.6477,17.12869912,-15.4974185,13.9855
81,-4.25858088,0.4410815,101.885,-4.25858088,0.4410815,101.885,-25.99320088,4.0836815,143.369,14.30649912,-3.9657185,143.117,-21.35130088,2.3872815,91.5396,14.03169912,0.6476815,93.0554,-19.83990088,-1.2595185,50.919,15.01229912,10.9494815,53.8118,-17.59410088,-5.5639185,10.7931,13.39459912,-16.3997185,25.5992,-18.95360088,5.1595815,4.63645,17.22419912,-14.1948185,13.759
81.5,-4.29179088,0.4927815,101.897,-4.29179088,0.4927815,101.897,-26.05340088,4.1976815,143.393,14.25519912,-3.9821185,143.154,-21.35870088,2.3150815,91.511,14.00929912,0.6873815,93.1222,-19.84550088,-1.5113185,50.9081,14.95899912,11.3462815,53.9495,-17.59250088,-5.9829185,10.7997,13.36899912,-15.4722185,25.1838,-18.96050088,4.7316815,4.62653,17.31409912,-12.8412185,13.4739
82,-4.32267088,0.5440815,101.906,-4.32267088,0.5440815,101.906,-26.11370088,4.3098815,143.414,14.21209912,-3.9962185,143.186,-21.36400088,2.2432815,91.4818,13.98729912,0.7263815,93.1884,-19.85190088,-1.7633185,50.8977,14.90579912,11.7271815,54.0823,-17.59040088,-6.4022185,10.8068,13.34989912,-14.5274185,24.743,-18.96800088,4.3035815,4.61776,17.40199912,-11.4704185,13.1697
82.5,-4.34590088,0.5930815,101.911,-4.34590088,0.5930815,101.911,-26.16120088,4.4136815,143.432,14.17319912,-4.0018185,143.217,-21.36340088,2.1690815,91.4522,13.97909912,0.7635815,93.2518,-19.85360088,-2.0170185,50.8885,14.85529912,12.0587815,54.1979,-17.59300088,-6.8224185,10.8154,13.34209912,-13.5307185,24.2365,-18.97680088,3.8746815,4.61216,17.48379912,-10.0567185,12.8214
83,-4.36453088,0.6412815,101.91,-4.36453088,0.6412815,101.91,-26.20470088,4.5134815,143.446,14.14449912,-4.0015185,143.241,-21.35970088,2.0933815,91.4225,13.97429912,0.8002815,93.3126,-19.85540088,-2.2712185,50.8809,14.80829912,12.3614815,54.3024,-17.59610088,-7.2434185,10.8249,13.34359912,-12.5022185,23.6932,-18.98580088,3.4453815,4.60858,17.55929912,-8.6168185,12.4476
83.5,-4.37815088,0.6887815,101.906,-4.37815088,0.6887815,101.906,-26.24050088,4.6094815,143.459,14.11979912,-3.9967185,143.262,-21.35390088,2.0154815,91.3929,13.97849912,0.8384815,93.3716,-19.85380088,-2.5258185,50.8738,14.76409912,12.6400815,54.3966,-17.60090088,-7.6649185,10.8343,13.35109912,-11.4477185,23.1261,-18.99580088,3.0159815,4.60687,17.63239912,-7.1580185,12.0597
84,-4.38349088,0.7347815,101.897,-4.38349088,0.7347815,101.897,-26.26250088,4.6995815,143.468,14.10209912,-3.9834185,143.276,-21.34350088,1.9344815,91.3634,13.99469912,0.8773815,93.426,-19.84740088,-2.7824185,50.8676,14.72709912,12.8746815,54.471,-17.60810088,-8.0873185,10.8439,13.36799912,-10.3482185,22.5173,-19.00600088,2.5861815,4.60752,17.69859912,-5.6674185,11.6474
84.5,-4.38581088,0.7804815,101.885,-4.38581088,0.7804815,101.885,-26.28070088,4.7869815,143.476,14.08939912,-3.9661185,143.286,-21.33280088,1.8514815,91.3337,14.01389912,0.9174815,93.478,-19.83890088,-3.0393185,50.8617,14.69359912,13.0951815,54.538,-17.61570088,-8.5103185,10.8532,13.38989912,-9.2317185,21.8966,-19.01670088,2.1559815,4.60914,17.76219912,-4.1649185,11.2278
85,-4.37978088,0.8249815,101.867,-4.37978088,0.8249815,101.867,-26.28540088,4.8690815,143.481,14.08329912,-3.9417185,143.288,-21.31730088,1.7648815,91.3036,14.04569912,0.9612815,93.5235,-19.82530088,-3.2991185,50.8558,14.66689912,13.2750815,54.583,-17.62440088,-8.9343185,10.8614,13.42099912,-8.0777185,21.2531,-19.02810088,1.7251815,4.61217,17.82319912,-2.6371185,10.7999
85.5,-4.36885088,0.8686815,101.845,-4.36885088,0.8686815,101.845,-26.27980088,4.9466815,143.483,14.08019912,-3.9109185,143.287,-21.30120088,1.6753815,91.2724,14.08359912,1.0067815,93.5626,-19.80690088,-3.5608185,50.8492,14.64649912,13.4308815,54.6128,-17.63380088,-9.3593185,10.8687,13.45819912,-6.8992185,20.5983,-19.03980088,1.2935815,4.61569,17.88079912,-1.0947185,10.3683
86,-4.35473088,0.9118815,101.819,-4.35473088,0.9118815,101.819,-26.27140088,5.0219815,143.483,14.08269912,-3.8762185,143.279,-21.28280088,1.5837815,91.24,14.12289912,1.0549815,93.5967,-19.78540088,-3.8251185,50.8415,14.62969912,13.5683815,54.6307,-17.64210088,-9.7849185,10.8752,13.50149912,-5.7052185,19.943,-19.05160088,0.8611815,4.61859,17.93709912,0.4589815,9.94119
86.5,-4.33485088,0.9538815,101.786,-4.33485088,0.9538815,101.786,-26.25220088,5.0913815,143.477,14.08939912,-3.8350185,143.265,-21.26140088,1.4903815,91.2049,14.16899912,1.1072815,93.6193,-19.75990088,-4.0931185,50.8323,14.61739912,13.6741815,54.6254,-17.65000088,-10.2118185,10.88,13.55359912,-4.4866185,19.2893,-19.06390088,0.4272815,4.621,17.99249912,2.0255815,9.52632
87,-4.31362088,0.9954815,101.751,-4.31362088,0.9954815,101.751,-26.22960088,5.1588815,143.469,14.09609912,-3.7912185,143.249,-21.23920088,1.3960815,91.1685,14.21489912,1.1608815,93.6376,-19.73100088,-4.3632185,50.8216,14.60739912,13.7699815,54.6124,-17.65740088,-10.6390185,10.8846,13.60829912,-3.2608185,18.6408,-19.07610088,-0.0073185,4.62227,18.04679912,3.5963815,9.11962
87.5,-4.28953088,1.0359815,101.71,-4.28953088,1.0359815,101.71,-26.20580088,5.2204815,143.453,14.11129912,-3.7418185,143.225,-21.21340088,1.3008815,91.1281,14.25869912,1.2192815,93.6434,-19.70150088,-4.6372185,50.8095,14.59819912,13.8407815,54.5789,-17.66240088,-11.0678185,10.8883,13.67449912,-2.0214185,18.0134,-19.08870088,-0.4440185,4.62206,18.09959912,5.1728815,8.74344
88,-4.26386088,1.0757815,101.664,-4.26386088,1.0757815,101.664,-26.17610088,5.2781815,143.433,14.12369912,-3.6894185,143.2,-21.18600088,1.2064815,91.0852,14.30409912,1.2804815,93.6398,-19.66830088,-4.9137185,50.7954,14.58849912,13.8942815,54.5311,-17.66610088,-11.4971185,10.8913,13.74359912,-0.7749185,17.4053,-19.10100088,-0.8820185,4.61995,18.15209912,6.7496815,8.39346
88.5,-4.23762088,1.1149815,101.616,-4.23762088,1.1149815,101.616,-26.14740088,5.3317815,143.408,14.14069912,-3.6334185,143.171,-21.15570088,1.1125815,91.0398,14.34439912,1.3443815,93.6297,-19.63500088,-5.1925185,50.7808,14.57849912,13.9375815,54.4744,-17.66860088,-11.9272185,10.8953,13.81839912,0.4733815,16.8197,-19.11300088,-1.3212185,4.61635,18.20109912,8.3247815,8.07201
89,-4.21030088,1.1532815,101.562,-4.21030088,1.1532815,101.562,-26.11900088,5.3782815,143.374,14.16219912,-3.5731185,143.138,-21.12170088,1.0213815,90.9907,14.38169912,1.4134815,93.6063,-19.60050088,-5.4724185,50.7653,14.56389912,13.9583815,54.3999,-17.66820088,-12.3585185,10.8996,13.90049912,1.7238815,16.2785,-19.12470088,-1.7625185,4.61077,18.24659912,9.8923815,7.80604
89.5,-4.18257088,1.1910815,101.508,-4.18257088,1.1910815,101.508,-26.08850088,5.4213815,143.338,14.18289912,-3.5109185,143.104,-21.08530088,0.9315815,90.9405,14.41819912,1.4848815,93.5785,-19.56600088,-5.7532185,50.7502,14.54749912,13.9718815,54.3199,-17.66710088,-12.7900185,10.905,13.98299912,2.9722815,15.7574,-19.13650088,-2.2042185,4.60436,18.28909912,11.4543815,7.56589
90,-4.15350088,1.2281815,101.451,-4.15350088,1.2281815,101.451,-26.05910088,5.4560815,143.293,14.21149912,-3.4430185,143.067,-21.04540088,0.8447815,90.8878,14.45029912,1.5613815,93.5414,-19.53050088,-6.0331185,50.736,14.52809912,13.9685815,54.2289,-17.66380088,-13.2222185,10.9127,14.07029912,4.2146815,15.2894,-19.14650088,-2.6476185,4.59617,18.32079912,12.9995815,7.38772
90.5,-4.12360088,1.2647815,101.392,-4.12360088,1.2647815,101.392,-26.02940088,5.4850815,143.243,14.24239912,-3.3720185,143.029,-21.00040088,0.7618815,90.8345,14.48109912,1.6426815,93.498,-19.49520088,-6.3111185,50.7236,14.50409912,13.9505815,54.1296,-17.65860088,-13.6547185,10.9223,14.15739912,5.4485815,14.862,-19.15630088,-3.0916185,4.58733,18.34599912,14.5278815,7.25885
91,-4.09159088,1.3008815,101.335,-4.09159088,1.3008815,101.335,-25.99550088,5.5080815,143.192,14.27649912,-3.2974185,142.991,-20.95370088,0.6804815,90.7812,14.51419912,1.7274815,93.4513,-19.45970088,-6.5877185,50.7131,14.47989912,13.9256815,54.0272,-17.65340088,-14.0871185,10.9338,14.24269912,6.6748815,14.4633,-19.16520088,-3.5360185,4.57805,18.36159912,16.0411815,7.1616
91.5,-4.05609088,1.3366815,101.277,-4.05609088,1.3366815,101.277,-25.95990088,5.5214815,143.137,14.32059912,-3.2156185,142.951,-20.89950088,0.6047815,90.7288,14.54579912,1.8197815,93.399,-19.42110088,-6.8583185,50.7064,14.45419912,13.8817815,53.9176,-17.64590088,-14.5192185,10.9494,14.32539912,7.8770815,14.1305,-19.17280088,-3.9808185,4.56834,18.36009912,17.5131815,7.13558
92,-4.01818088,1.3720815,101.22,-4.01818088,1.3720815,101.22,-25.92020088,5.5289815,143.08,14.36859912,-3.1305185,142.91,-20.84350088,0.5307815,90.6774,14.58179912,1.9168815,93.3445,-19.38380088,-7.1262185,50.7027,14.42809912,13.8306815,53.8053,-17.63890088,-14.9511185,10.9667,14.40299912,9.0672815,13.8205,-19.18040088,-4.4257185,4.55898,18.34859912,18.9651815,7.13246
92.5,-3.97358088,1.4071815,101.166,-3.97358088,1.4071815,101.166,-25.86950088,5.5271815,143.026,14.42559912,-3.0377185,142.869,-20.78100088,0.4612815,90.629,14.62399912,2.0213815,93.2875,-19.34130088,-7.3877185,50.7029,14.40759912,13.7684815,53.6911,-17.63130088,-15.3816185,10.9878,14.47119912,10.2229815,13.5628,-19.18660088,-4.8704185,4.54936,18.31669912,20.3627815,7.17454
93,-3.92384088,1.4421815,101.113,-3.92384088,1.4421815,101.113,-25.81320088,5.5168815,142.971,14.49389912,-2.9378185,142.826,-20.71310088,0.3956815,90.5829,14.67029912,2.1340815,93.2284,-19.29720088,-7.6424185,50.7074,14.39019912,13.6965815,53.5742,-17.62430088,-15.8109185,11.0126,14.53109912,11.3436815,13.3431,-19.19270088,-5.3150185,4.54032,18.26749912,21.7085815,7.24623
93.5,-3.87037088,1.4770815,101.062,-3.87037088,1.4770815,101.062,-25.75000088,5.5022815,142.919,14.56599912,-2.8344185,142.784,-20.64260088,0.3318815,90.5389,14.72189912,2.2509815,93.1681,-19.25130088,-7.8940185,50.7138,14.37699912,13.6213815,53.4565,-17.61760088,-16.2393185,11.0383,14.58299912,12.4430815,13.1408,-19.19890088,-5.7594185,4.53138,18.20859912,23.0222815,7.32593
94,-3.80474088,1.5120815,101.013,-3.80474088,1.5120815,101.013,-25.66750088,5.4743815,142.871,14.65719912,-2.7184185,142.737,-20.56330088,0.2742815,90.4993,14.78469912,2.3821815,93.1045,-19.19860088,-8.1349185,50.7257,14.37669912,13.5418815,53.3377,-17.61310088,-16.6649185,11.0701,14.61759912,13.4591815,12.9895,-19.20590088,-6.2036185,4.52287,18.12149912,24.2196815,7.42517
94.5,-3.73636088,1.5471815,100.965,-3.73636088,1.5471815,100.965,-25.58140088,5.4425815,142.824,14.75449912,-2.5987185,142.689,-20.48140088,0.2191815,90.4609,14.84939912,2.5175815,93.0394,-19.14490088,-8.3718185,50.7387,14.37969912,13.4608815,53.2173,-17.61020088,-17.0889185,11.1032,14.64479912,14.4495815,12.8479,-19.21240088,-6.6478185,4.51422,18.02589912,25.3813815,7.52095
95,-3.65732088,1.5822815,100.918,-3.65732088,1.5822815,100.918,-25.47680088,5.4012815,142.782,14.86649912,-2.4693185,142.638,-20.39280088,0.1685815,90.4259,14.92459912,2.6655815,92.9694,-19.08560088,-8.6015185,50.7547,14.39599912,13.3872815,53.0965,-17.60890088,-17.5107185,11.1397,14.65519912,15.3518815,12.7324,-19.22190088,-7.0922185,4.50596,17.91339912,26.4246815,7.60249
95.5,-3.57025088,1.6178815,100.87,-3.57025088,1.6178815,100.87,-25.35930088,5.3513815,142.741,14.99319912,-2.3308185,142.584,-20.29800088,0.1239815,90.3925,15.00479912,2.8239815,92.8949,-19.02250088,-8.8228185,50.7722,14.42139912,13.3216815,52.9743,-17.61160088,-17.9290185,11.1805,14.65239912,16.1726815,12.6345,-19.23190088,-7.5371185,4.49717,17.78589912,27.3618815,7.66455
96,-3.48040088,1.6536815,100.821,-3.48040088,1.6536815,100.821,-25.23820088,5.2989815,142.7,15.12579912,-2.1893185,142.527,-20.20050088,0.0813815,90.3596,15.08529912,2.9868815,92.8177,-18.95760088,-9.0417185,50.7902,14.45089912,13.2620815,52.8516,-17.61480088,-18.3465185,11.2222,14.64409912,16.9567815,12.5406,-19.24340088,-7.9821185,4.48863,17.65609912,28.2509815,7.71327
96.5,-3.37651088,1.6899815,100.77,-3.37651088,1.6899815,100.77,-25.09210088,5.2318815,142.658,15.28359912,-2.0336185,142.464,-20.09520088,0.0484815,90.3278,15.17549912,3.1686815,92.73,-18.88810088,-9.2483185,50.8098,14.49389912,13.2329815,52.728,-17.62380088,-18.7585185,11.2709,14.61649912,17.5749815,12.4624,-19.25790088,-8.4286185,4.47917,17.51289912,28.9305815,7.70491
97,-3.27124088,1.7267815,100.717,-3.27124088,1.7267815,100.717,-24.94450088,5.1630815,142.616,15.44439912,-1.8756185,142.399,-19.98660088,0.0186815,90.2959,15.26419912,3.3524815,92.6407,-18.81730088,-9.4517185,50.829,14.53809912,13.2097815,52.6043,-17.63390088,-19.1692185,11.3211,14.58609912,18.1642815,12.3857,-19.27250088,-8.8753185,4.46959,17.36949912,29.5744815,7.68662
97.5,-3.15803088,1.7640815,100.66,-3.15803088,1.7640815,100.66,-24.78500088,5.0844815,142.568,15.62629912,-1.7081185,142.328,-19.87380088,-0.0040185,90.2631,15.35329912,3.5504815,92.5426,-18.74470088,-9.6467185,50.8494,14.58769912,13.2199815,52.4807,-17.64650088,-19.5761185,11.3762,14.54649912,18.6165815,12.3112,-19.28970088,-9.3233185,4.45986,17.22879912,30.0496815,7.61571
98,-3.03856088,1.8021815,100.601,-3.03856088,1.8021815,100.601,-24.61510088,4.9975815,142.514,15.82049912,-1.5332185,142.254,-19.75410088,-0.0174185,90.2299,15.44349912,3.7568815,92.4394,-18.67040088,-9.8307185,50.8702,14.63869912,13.2587815,52.3595,-17.66170088,-19.9782185,11.4375,14.50129912,18.9553815,12.2394,-19.30780088,-9.7720185,4.4499,17.09259912,30.3884815,7.50885
98.5,-2.91747088,1.8404815,100.54,-2.91747088,1.8404815,100.54,-24.44320088,4.9079815,142.457,16.02099912,-1.3557185,142.178,-19.63380088,-0.0285185,90.1961,15.53209912,3.9666815,92.3345,-18.59560088,-10.0120185,50.8917,14.68899912,13.3092815,52.2388,-17.67730088,-20.3788185,11.5009,14.45609912,19.2544815,12.1672,-19.32570088,-10.2209185,4.44005,16.96089912,30.6802815,7.38922
99,-2.78832088,1.8796815,100.476,-2.78832088,1.8796815,100.476,-24.26120088,4.8037815,142.388,16.24519912,-1.1674185,142.098,-19.50630088,-0.0258185,90.1626,15.61909912,4.1900815,92.2254,-18.52050088,-10.1744185,50.917,14.73529912,13.4104815,52.1256,-17.69300088,-20.7708185,11.5746,14.40839912,19.3640815,12.0952,-19.34340088,-10.6703185,4.43092,16.84869912,30.7498815,7.21649
99.5,-2.65828088,1.9190815,100.412,-2.65828088,1.9190815,100.412,-24.07780088,4.6983815,142.317,16.47069912,-0.9783185,142.019,-19.37780088,-0.0213185,90.1293,15.70689912,4.4137815,92.1168,-18.44510088,-10.3339185,50.9428,14.78069912,13.5171815,52.0141,-17.70840088,-21.1617185,11.65,14.36169912,19.4563815,12.0238,-19.36110088,-11.1195185,4.42216,16.73959912,30.7998815,7.04213
,,,,,,,,,,,,,,,,,,,,,,,,,,,,,,,,,,,,
,0.95460088,61.4883185,,,,,,,,,,,,,,,,,,,,,,,,,,,,,,,,,,
